4500
10 23 51 28 9 35 29
10 9 50 29 6 35 30
10 11 51 35 5 35 30
10 14 50 45 2 36 29
10 14 49 46 8 34 30
10 12 43 42 5 34 29
10 14 42 32 5 35 38
10 6 53 32 4 35 36
10 4 32 32 3 35 38
10 7 31 31 5 24 38
10 8 39 31 8 24 43
10 5 21 32 8 30 43
10 7 21 31 7 27 42
10 10 22 31 8 29 43
10 7 22 31 7 30 52
10 8 29 31 7 31 47
10 14 29 31 0 31 48
10 10 31 34 6 34 56
10 2 32 34 7 25 53
10 14 31 33 7 24 51
10 7 31 33 6 39 51
10 18 33 33 7 35 48
10 13 31 33 7 35 50
10 11 32 33 7 34 50
10 13 31 34 4 34 48
10 14 32 34 5 35 49
10 16 32 34 7 35 49
10 16 33 33 4 36 48
10 14 33 33 6 36 49
10 10 33 23 5 29 49
10 8 23 28 4 30 49
10 13 22 28 6 31 51
10 8 24 19 3 29 46
10 10 23 29 4 27 46
10 9 25 26 4 27 46
10 3 20 28 10 28 46
10 13 13 24 8 28 46
10 13 18 29 11 27 47
10 2 15 25 2 27 57
10 9 19 28 3 27 36
10 7 17 22 9 29 61
10 7 16 23 8 27 59
10 9 11 23 5 24 57
10 8 14 21 5 25 56
10 10 9 21 5 26 56
10 9 12 22 5 26 57
10 8 10 24 9 26 56
10 8 10 20 9 26 56
10 9 15 21 6 27 57
10 12 14 23 8 26 56
10 9 14 23 6 30 55
10 7 15 28 8 28 53
10 6 14 24 8 27 50
10 4 13 21 8 26 50
10 5 12 24 8 30 55
10 10 18 23 11 32 56
10 11 14 24 11 31 55
10 9 13 25 6 32 53
10 7 12 26 5 32 54
10 7 10 26 6 22 55
10 7 9 18 7 22 55
10 7 10 19 8 21 60
10 8 16 18 9 22 58
10 10 12 21 6 21 56
10 9 13 17 6 19 33
10 9 14 17 6 20 58
10 9 17 18 7 19 58
10 7 20 22 11 19 58
10 8 18 22 13 19 57
10 9 18 19 6 28 57
10 10 17 16 4 29 59
10 4 21 22 7 28 59
10 8 20 19 8 17 59
10 8 21 21 6 15 58
10 9 19 19 8 21 58
10 10 20 17 7 17 57
10 7 17 16 11 20 59
10 7 20 17 1 16 59
10 7 21 17 6 18 59
10 8 18 12 7 15 55
10 10 19 17 7 19 57
10 9 19 15 8 18 56
10 8 19 16 8 16 56
10 8 18 20 8 17 35
10 9 17 22 9 16 33
10 12 19 21 8 25 56
10 9 19 21 6 24 57
10 11 18 20 12 21 52
10 9 19 23 12 23 52
10 6 21 21 10 23 52
10 7 21 19 12 23 44
10 9 21 19 7 23 39
10 14 20 18 7 23 49
10 13 19 18 6 23 47
10 10 19 20 7 24 46
10 9 18 21 6 19 47
10 6 20 19 5 26 47
10 11 20 22 4 24 49
10 5 19 22 13 22 48
10 13 20 20 7 23 51
11 22 14 19 12 27 15
11 20 13 19 12 27 4
11 27 19 21 12 29 61
11 27 21 23 11 29 41
11 27 21 12 12 24 41
11 24 20 22 3 19 13
11 24 22 24 9 28 42
11 25 21 24 12 28 43
11 25 19 24 13 26 12
11 25 18 24 15 24 40
11 25 22 24 11 24 39
11 26 22 22 13 27 41
11 26 17 23 14 27 41
11 25 21 22 10 28 4
11 27 22 22 12 31 16
11 21 21 23 17 30 39
11 26 27 22 14 28 60
11 22 21 23 10 28 39
11 25 26 23 5 32 39
11 32 23 21 10 32 10
11 28 26 29 14 27 7
11 31 23 25 24 33 4
11 25 22 21 18 29 39
11 30 18 25 26 38 40
11 27 21 17 22 34 40
11 16 16 6 23 30 41
11 30 21 25 11 30 57
11 28 21 19 21 41 57
11 25 20 24 20 35 60
11 25 20 23 21 33 38
11 17 21 30 19 32 59
11 27 20 25 20 39 60
11 24 20 29 18 34 35
11 26 18 27 17 39 33
11 25 20 22 24 38 39
11 25 20 22 21 33 57
11 25 19 28 19 34 41
11 29 20 27 18 38 58
11 25 18 23 20 37 56
11 27 20 24 19 33 55
11 26 20 24 19 32 8
11 27 18 23 20 38 33
11 26 19 23 21 36 32
11 29 21 25 18 36 37
11 26 22 23 18 35 35
11 26 18 23 17 35 54
11 26 17 23 24 35 56
11 27 18 23 21 35 55
11 25 18 22 21 33 56
11 26 21 22 23 35 54
11 27 20 21 16 35 57
11 29 21 23 20 32 57
11 25 21 23 22 34 59
11 26 22 23 21 36 34
11 26 24 26 19 35 56
11 28 23 24 20 32 56
11 27 21 25 18 36 58
11 32 21 23 18 35 55
11 30 21 24 10 35 56
11 33 21 24 9 36 57
11 31 23 25 8 36 57
11 30 21 24 10 36 54
11 30 20 23 9 35 33
11 26 20 21 10 36 56
11 27 19 21 9 37 56
11 25 24 21 8 35 58
11 21 23 21 8 35 34
11 17 17 19 10 36 57
11 21 22 21 8 37 57
11 22 23 22 7 35 57
11 20 22 22 8 36 56
11 20 22 21 9 36 57
11 19 22 23 9 35 57
11 20 21 25 8 35 57
11 20 22 24 9 36 57
11 20 21 23 8 35 57
11 20 21 23 9 36 58
11 21 21 23 8 35 57
11 23 23 25 10 36 58
11 20 18 24 11 34 57
11 23 17 29 9 34 57
11 20 18 27 10 34 58
11 22 21 24 9 35 58
11 20 18 28 8 36 63
11 19 22 26 9 35 57
11 18 20 24 10 36 58
11 23 23 22 10 35 58
11 23 22 23 10 32 58
11 22 21 26 3 34 59
11 23 23 21 10 34 58
11 20 22 21 9 36 58
11 22 22 18 9 35 58
11 20 22 28 10 35 58
11 20 22 26 9 35 35
11 19 22 28 11 35 57
11 20 22 27 10 34 56
11 19 26 24 11 36 36
11 21 26 28 11 35 57
11 19 26 25 12 35 58
11 18 27 24 11 34 57
12 26 36 29 13 25 9
12 23 38 28 13 30 14
12 22 25 30 8 26 15
12 23 26 29 10 25 50
12 22 26 28 10 29 49
12 23 24 25 14 29 49
12 22 24 28 13 25 47
12 22 24 30 13 25 48
12 22 30 30 14 23 49
12 22 30 30 12 31 49
12 21 28 28 12 30 48
12 18 31 29 12 30 47
12 27 27 30 11 28 47
12 27 27 30 4 26 46
12 23 30 27 18 32 46
12 25 25 26 12 34 48
12 26 23 27 11 33 50
12 27 23 30 12 33 50
12 26 19 30 15 34 50
12 24 21 29 16 34 50
12 23 21 25 15 34 43
12 24 25 25 11 33 42
12 18 27 25 17 34 52
12 20 24 21 15 30 52
12 19 24 22 12 30 54
12 15 24 24 18 34 55
12 17 24 25 17 33 54
12 18 24 23 17 35 55
12 19 23 23 18 37 50
12 19 23 29 22 37 52
12 19 23 27 23 36 54
12 17 20 25 23 38 55
12 16 20 24 23 38 51
12 16 23 30 23 47 51
12 21 26 31 23 48 51
12 22 24 30 18 47 31
12 22 20 29 20 45 51
12 21 22 31 19 44 53
12 26 22 32 18 45 50
12 25 24 30 15 33 54
12 24 19 28 17 43 53
12 24 25 31 15 46 54
12 21 26 31 18 46 51
12 23 19 29 16 45 50
12 25 26 29 16 36 51
12 19 24 30 15 33 42
12 17 22 23 15 39 41
12 24 22 24 16 44 41
12 15 25 25 18 44 44
12 17 26 29 18 46 48
12 12 24 27 4 43 49
12 18 26 28 18 43 49
12 18 23 29 16 49 43
12 5 25 27 17 49 42
12 19 27 26 12 49 44
12 24 22 27 12 48 43
12 19 25 28 16 48 44
12 17 26 27 14 47 38
12 27 27 25 17 37 39
12 24 24 24 15 37 54
12 22 26 28 15 34 50
12 20 26 28 18 43 52
12 19 26 29 17 43 51
12 15 26 26 16 34 48
12 22 25 26 17 45 48
12 24 26 28 16 46 47
12 16 27 27 19 49 30
12 18 28 29 15 48 51
12 23 27 25 16 49 21
12 23 24 20 8 47 54
12 24 25 26 8 37 53
12 21 26 27 20 37 54
12 24 26 28 18 37 53
12 21 27 29 0 37 52
12 23 26 20 0 41 52
12 23 26 20 0 42 47
12 21 24 28 0 41 47
12 22 25 28 0 43 45
12 22 26 25 0 44 47
12 25 26 27 0 41 47
12 22 25 27 0 42 43
12 18 24 26 0 42 48
12 20 24 27 0 45 47
12 21 24 24 0 43 54
12 25 22 24 0 42 32
12 23 26 26 0 47 57
12 21 26 26 0 46 53
12 19 27 26 0 46 57
12 22 29 26 0 39 38
12 23 24 27 0 39 53
12 22 26 25 0 38 53
12 18 27 25 0 42 52
12 25 26 25 0 37 51
12 19 21 24 0 37 56
12 20 25 24 0 36 51
12 25 24 28 0 36 54
12 24 25 29 0 40 52
12 27 25 27 0 41 41
12 25 26 27 0 40 52
12 21 26 25 0 40 52
14 31 38 34 20 54 35
14 33 35 32 19 57 32
14 35 36 39 21 56 33
14 32 35 39 21 34 23
14 27 41 37 22 35 27
14 33 37 36 22 39 31
14 28 36 36 22 36 31
14 29 40 40 22 31 34
14 29 40 38 22 36 36
14 29 33 37 22 38 45
14 34 28 42 17 40 47
14 33 32 42 16 39 46
14 28 31 34 17 38 51
14 29 30 33 18 43 52
14 28 30 34 15 43 52
14 29 31 30 15 41 40
14 28 30 30 22 41 43
14 27 28 32 16 40 44
14 26 27 34 15 41 43
14 29 28 34 18 43 46
14 29 28 30 20 54 47
14 27 28 30 0 53 48
14 27 29 30 0 53 39
14 28 31 30 0 46 42
14 23 30 32 0 47 42
14 23 29 33 0 46 43
14 24 30 32 0 53 44
14 24 29 32 0 53 46
14 20 30 32 0 45 45
14 27 29 33 0 48 43
14 27 29 33 0 54 44
14 26 30 32 0 53 44
14 25 30 32 0 52 44
14 26 25 32 0 52 44
14 26 24 33 0 52 43
14 27 29 34 0 52 45
14 26 30 30 0 49 41
14 26 30 30 0 52 41
14 27 30 31 0 51 41
14 27 29 28 0 51 41
14 24 30 28 0 49 41
14 23 28 28 0 48 42
14 25 29 29 0 52 41
14 24 28 27 0 53 41
14 27 28 28 0 49 39
14 27 26 27 0 49 39
14 26 26 25 0 48 40
14 27 32 29 0 49 43
14 27 29 28 0 48 43
14 22 28 30 0 48 43
14 27 24 34 0 48 42
14 26 24 34 0 49 43
14 25 28 31 0 49 46
14 26 28 29 0 48 46
14 24 28 30 0 48 44
14 24 30 31 0 51 48
14 23 27 28 0 53 49
14 25 26 28 0 51 50
14 25 28 31 0 45 49
14 25 28 30 0 53 50
14 24 30 32 0 54 48
14 24 30 31 0 54 49
14 26 24 31 0 53 48
14 25 29 28 0 56 46
14 25 28 33 0 56 45
14 25 25 34 0 58 46
14 26 29 28 0 57 45
14 26 21 32 0 57 46
14 26 23 31 0 53 46
14 24 29 31 0 54 46
14 25 29 32 0 53 45
14 24 29 32 0 46 46
14 22 24 32 0 53 46
14 21 25 31 0 53 45
14 19 27 31 0 52 48
14 25 27 32 0 50 47
14 27 28 31 0 57 47
14 20 30 32 0 57 49
14 24 30 31 0 60 48
14 25 29 33 0 47 48
14 23 29 34 0 48 49
14 26 29 31 0 45 49
14 25 28 31 0 57 48
14 25 29 30 0 55 48
14 26 28 30 0 56 49
14 27 28 29 0 57 47
14 28 27 33 0 55 46
14 27 27 33 0 57 50
14 28 26 33 0 56 47
14 27 28 33 0 55 47
14 28 26 33 0 57 47
14 26 28 29 0 55 47
14 29 28 30 0 52 48
14 29 29 29 0 52 47
14 30 28 31 0 52 46
14 27 28 29 0 52 45
14 32 27 31 0 44 46
14 32 27 32 0 44 46
14 32 27 33 0 45 46
14 31 28 32 0 45 48
15 27 57 28 14 42 48
15 26 57 26 22 41 47
15 32 64 23 23 41 48
15 32 63 30 21 40 48
15 29 70 41 22 41 47
15 27 64 41 25 36 47
15 27 53 41 23 41 48
15 26 39 40 22 41 48
15 26 65 41 22 41 48
15 25 68 40 23 42 46
15 24 62 40 21 41 48
15 25 28 41 20 41 41
15 25 28 40 20 42 47
15 24 28 41 20 44 48
15 24 28 41 23 42 46
15 24 28 41 20 42 47
15 25 29 40 16 42 47
15 25 29 41 17 44 47
15 24 28 41 15 41 47
15 24 28 40 15 44 48
15 25 28 40 16 43 46
15 24 28 40 17 43 47
15 23 27 41 15 43 46
15 25 28 40 15 44 47
15 25 28 42 16 43 47
15 24 29 41 15 44 48
15 24 28 41 14 42 47
15 24 28 35 15 42 47
15 24 29 35 15 43 47
15 24 28 35 14 43 48
15 24 28 35 15 43 47
15 24 27 35 14 42 47
15 24 27 35 15 42 47
15 24 27 35 14 44 48
15 25 28 35 17 45 47
15 24 28 35 17 44 48
15 25 28 36 17 44 47
15 24 28 36 17 45 47
15 24 28 36 13 45 48
15 24 28 35 0 45 48
15 24 28 35 0 44 47
15 25 27 35 0 43 47
15 23 28 35 0 44 48
15 24 28 35 0 43 47
15 23 26 36 0 43 48
15 24 28 36 0 44 47
15 24 28 36 0 43 47
15 24 26 35 0 44 47
15 24 28 35 0 45 47
15 25 29 36 0 45 46
15 24 28 36 0 42 46
15 24 28 36 0 44 47
15 24 27 36 0 45 44
15 24 28 37 0 44 45
15 25 28 36 0 44 44
15 24 28 36 0 43 43
15 24 28 36 0 45 44
15 24 28 36 0 43 45
15 24 27 35 0 45 45
15 24 28 35 0 43 43
15 25 28 35 0 44 45
15 24 28 36 0 45 46
15 24 28 36 0 44 44
15 24 27 36 0 43 44
15 23 27 36 0 45 45
15 26 27 36 0 45 44
15 26 27 36 0 44 44
15 27 29 36 0 45 44
15 27 27 36 0 44 43
15 25 28 36 0 43 43
15 25 27 35 0 44 44
15 25 27 35 0 45 44
15 26 28 36 0 43 45
15 26 29 36 0 45 44
15 26 29 36 0 44 45
15 26 28 35 0 43 45
15 26 28 36 0 45 45
15 25 28 36 0 44 45
15 26 28 36 0 44 45
15 27 28 36 0 44 45
15 27 28 36 0 44 45
15 26 29 36 0 44 45
15 26 29 35 0 44 45
15 26 27 35 0 42 45
15 27 27 35 0 43 45
15 27 28 36 0 45 44
15 27 28 36 0 43 45
15 27 28 36 0 45 45
15 25 28 36 0 41 44
15 27 29 36 0 39 45
15 27 27 36 0 43 44
15 24 28 35 0 43 44
15 24 28 35 0 45 44
15 26 28 36 0 45 44
15 26 28 36 0 46 44
15 28 28 35 0 44 45
15 28 28 36 0 44 44
15 27 29 36 0 44 45
15 26 28 36 0 44 44
15 26 29 35 0 45 45
16 30 21 30 20 58 39
16 30 22 29 16 37 42
16 28 31 30 20 63 41
16 29 32 30 22 61 40
16 28 31 36 22 62 39
16 27 33 35 19 62 39
16 28 33 35 17 60 44
16 30 33 36 18 57 40
16 28 31 36 18 67 39
16 28 31 35 14 67 38
16 28 32 35 18 62 43
16 30 32 35 0 59 40
16 27 32 35 0 58 39
16 30 32 34 0 53 40
16 30 30 35 0 53 38
16 27 32 35 0 55 39
16 28 31 35 0 65 36
16 28 31 34 0 66 35
16 28 32 34 0 66 35
16 28 32 35 0 66 36
16 29 32 35 0 65 47
16 29 32 35 0 66 48
16 28 32 35 0 66 47
16 30 32 35 0 66 46
16 28 31 35 0 67 47
16 28 29 35 0 66 46
16 28 29 35 0 66 47
16 29 31 38 0 66 46
16 28 31 37 0 68 47
16 28 31 37 0 73 47
16 28 31 37 0 68 46
16 28 30 36 0 71 47
16 29 30 36 0 73 46
16 31 31 33 0 65 46
16 27 29 34 0 67 47
16 30 30 34 0 65 47
16 28 29 35 0 65 46
16 28 28 34 0 66 47
16 28 32 35 0 67 47
16 25 31 34 0 66 47
16 26 33 34 0 69 47
16 28 32 34 0 65 48
16 27 32 30 0 66 47
16 26 31 31 0 65 47
16 26 30 33 0 64 47
16 26 32 33 0 70 46
16 28 31 33 0 64 46
16 29 31 33 0 65 46
16 30 29 31 0 64 46
16 27 30 31 0 69 46
16 30 30 30 0 64 46
16 29 28 32 0 64 47
16 29 28 32 0 65 46
16 27 31 30 0 64 47
16 29 31 33 0 67 46
16 29 31 35 0 63 45
16 27 31 31 0 64 46
16 30 28 36 0 71 46
16 27 29 36 0 71 47
16 30 30 34 0 67 47
16 30 30 30 0 66 47
16 28 31 30 0 66 47
16 27 29 33 0 66 46
16 27 32 32 0 65 47
16 29 32 32 0 65 46
16 30 31 31 0 67 46
16 29 28 31 0 66 47
16 29 29 31 0 64 47
16 29 29 33 0 64 46
16 30 29 35 0 66 47
16 29 30 35 0 64 46
16 29 28 34 0 65 47
16 29 29 35 0 64 46
16 27 28 34 0 66 46
16 29 29 34 0 65 43
16 27 28 35 0 65 43
16 30 29 34 0 71 42
16 28 29 34 0 65 46
16 30 28 35 0 66 45
16 30 28 35 0 64 47
16 30 29 35 0 65 48
16 30 29 35 0 71 45
16 30 29 35 0 67 47
16 28 28 34 0 65 46
16 30 29 35 0 63 46
16 27 29 34 0 65 45
16 30 29 33 0 64 46
16 28 29 35 0 68 46
16 28 30 35 0 65 47
16 27 29 33 0 66 41
16 29 29 34 0 65 46
16 29 29 35 0 65 46
16 29 29 34 0 66 47
16 28 29 34 0 71 47
16 28 29 34 0 73 47
16 29 29 34 0 73 46
16 28 30 34 0 73 48
16 30 30 34 0 73 46
16 32 29 35 0 68 47
16 30 29 35 0 74 46
17 30 50 24 19 47 23
17 29 50 21 19 46 22
17 10 22 26 19 50 25
17 10 21 26 19 47 24
17 8 24 25 20 46 22
17 28 22 24 15 46 23
17 28 21 27 17 45 23
17 29 22 25 17 45 23
17 29 40 24 17 50 24
17 29 41 23 20 38 22
17 29 40 24 19 46 29
17 29 40 25 19 47 23
17 28 42 28 18 46 43
17 32 35 25 18 46 43
17 32 34 23 20 46 43
17 29 36 25 20 47 42
17 24 36 46 21 49 42
17 29 38 47 20 45 39
17 29 35 46 20 50 39
17 29 35 46 22 46 35
17 28 35 46 19 45 39
17 27 36 48 17 46 39
17 29 35 48 17 46 34
17 29 33 48 17 46 36
17 27 33 44 19 51 36
17 28 34 43 20 50 39
17 27 37 44 18 50 38
17 27 36 42 19 50 37
17 28 37 43 16 49 36
17 28 38 43 19 54 36
17 27 38 42 19 52 35
17 27 39 42 18 57 36
17 26 37 45 19 62 38
17 26 38 44 17 53 37
17 30 38 43 17 54 35
17 29 38 41 17 54 36
17 29 38 42 17 56 36
17 29 37 41 18 55 36
17 31 38 42 17 54 35
17 30 36 41 19 55 35
17 26 34 42 20 55 34
17 29 36 40 21 54 34
17 29 33 42 18 53 34
17 31 34 41 18 54 44
17 28 33 42 15 57 43
17 29 32 37 19 56 43
17 28 33 37 18 57 40
17 28 32 41 17 57 39
17 29 32 48 16 56 40
17 28 31 47 18 56 42
17 27 33 45 17 55 41
17 29 34 47 18 54 41
17 27 34 46 17 59 34
17 24 35 46 21 53 34
17 26 34 43 21 51 39
17 24 35 43 20 51 40
17 27 35 43 20 47 41
17 30 34 43 21 54 41
17 28 35 47 18 54 38
17 29 35 46 21 60 37
17 27 36 44 22 57 38
17 29 37 45 21 54 39
17 29 35 45 17 51 40
17 28 36 45 18 49 37
17 29 37 45 21 54 37
17 29 34 45 16 54 38
17 29 37 47 12 54 37
17 27 37 44 20 52 37
17 29 38 44 21 53 38
17 28 38 45 23 52 40
17 26 37 44 22 52 40
17 28 37 44 21 53 41
17 28 36 47 28 54 36
17 29 36 45 31 52 38
17 29 37 45 21 53 36
17 29 37 45 20 55 35
17 26 37 45 0 54 35
17 26 35 45 0 53 34
17 29 35 45 0 54 36
17 30 34 46 0 54 35
17 30 35 44 0 55 38
17 30 34 46 0 56 36
17 29 35 44 0 49 36
17 30 35 46 0 48 37
17 29 34 45 0 48 36
17 30 33 45 0 48 37
17 29 34 46 0 48 36
17 28 36 45 0 46 36
17 30 34 46 0 45 37
17 30 34 46 0 45 37
17 32 35 46 0 45 37
17 29 34 45 0 45 37
17 29 33 45 0 44 37
17 29 32 45 0 45 36
17 26 32 47 0 44 35
17 24 33 46 0 45 35
17 25 29 45 0 48 37
17 26 29 44 0 49 37
17 25 32 44 0 51 37
17 25 39 45 0 49 36
18 20 46 34 17 53 37
18 19 45 34 21 53 35
18 22 33 35 24 55 34
18 23 55 32 21 57 37
18 24 55 35 23 57 31
18 26 50 35 24 54 28
18 24 64 31 22 44 28
18 24 69 35 24 44 31
18 26 53 31 24 44 17
18 25 56 32 23 33 16
18 26 58 32 22 36 24
18 27 56 31 21 40 22
18 23 58 33 21 40 16
18 22 50 37 20 39 21
18 24 53 33 21 22 23
18 25 50 32 24 22 23
18 25 53 33 21 36 23
18 23 52 35 22 36 21
18 24 51 33 22 37 22
18 23 55 34 21 33 22
18 24 62 34 22 39 21
18 23 53 35 21 37 22
18 23 54 37 22 32 21
18 25 64 37 24 38 20
18 26 54 38 21 36 22
18 25 57 39 22 34 21
18 25 63 38 20 36 20
18 25 63 37 23 36 21
18 23 70 38 20 36 21
18 23 63 37 20 31 21
18 22 64 37 24 31 22
18 22 70 36 24 32 22
18 22 63 38 21 30 22
18 22 59 37 26 40 21
18 26 57 36 26 30 21
18 24 60 37 23 29 21
18 24 56 38 21 33 25
18 22 69 37 25 32 25
18 23 59 37 21 32 25
18 22 70 36 20 28 24
18 20 70 39 24 32 23
18 29 70 38 22 35 25
18 23 70 38 23 34 26
18 22 62 38 22 35 23
18 23 69 37 22 32 27
18 23 68 38 28 32 27
18 23 58 38 28 31 22
18 24 69 39 22 32 25
18 24 62 37 23 33 26
18 26 62 38 21 30 23
18 25 58 38 20 33 21
18 25 56 38 20 31 21
18 26 58 37 21 32 26
18 22 70 38 21 32 16
18 22 56 37 25 32 18
18 26 57 37 22 30 24
18 23 58 37 21 29 22
18 23 62 37 21 33 23
18 25 69 38 22 31 23
18 25 62 38 21 37 22
18 22 70 37 24 38 23
18 20 69 38 18 37 23
18 23 58 38 21 30 26
18 23 57 37 23 28 22
18 23 59 38 22 30 21
18 26 63 38 22 29 21
18 23 58 38 21 28 22
18 22 57 37 23 38 21
18 25 62 37 20 38 22
18 25 58 37 21 39 22
18 29 56 36 25 37 23
18 25 58 37 25 38 22
18 21 62 37 26 32 22
18 31 63 38 19 31 24
18 22 55 37 19 31 24
18 23 57 38 21 37 24
18 23 69 38 21 36 0
18 23 54 37 22 37 0
18 23 63 37 19 40 0
18 24 63 37 20 33 0
18 27 62 35 23 34 0
18 29 49 35 23 34 0
18 29 45 35 21 31 0
18 28 54 36 20 32 0
18 27 54 35 20 32 0
18 24 70 35 20 32 0
18 24 61 36 19 36 0
18 30 69 38 0 37 0
18 29 55 38 0 31 0
18 30 58 38 0 31 0
18 29 54 37 0 37 0
18 26 54 38 0 37 0
18 25 62 38 0 37 0
18 24 52 39 0 34 0
18 25 70 39 0 32 0
18 28 64 39 0 32 0
18 29 62 37 0 32 0
18 31 70 46 0 33 0
18 29 54 45 0 33 0
18 29 54 46 0 33 0
1 3 0 4 0 19 45
1 5 0 3 0 20 49
1 3 0 6 0 26 48
1 6 0 3 0 26 49
1 4 0 7 0 25 46
1 4 0 6 0 23 48
1 5 0 8 0 25 48
1 4 0 7 0 26 50
1 5 0 7 0 26 29
1 6 0 8 0 27 29
1 4 0 5 0 25 46
1 3 0 5 0 25 48
1 2 0 6 0 25 28
1 4 0 5 0 26 48
1 7 0 6 0 25 49
1 6 0 8 0 26 50
1 0 0 4 0 26 49
1 0 0 3 0 26 29
1 0 0 6 0 24 49
1 0 0 8 0 26 48
1 0 0 8 0 26 49
1 0 0 8 0 27 49
1 0 0 7 0 27 49
1 0 0 8 0 26 49
1 0 0 9 0 22 50
1 0 0 9 0 27 49
1 0 0 7 0 26 49
1 0 0 0 0 27 50
1 0 0 0 0 26 50
1 0 0 0 0 24 49
1 0 0 0 0 22 49
1 0 0 0 0 25 49
1 0 0 0 0 25 49
1 0 0 0 0 27 50
1 0 0 0 0 25 49
1 0 0 0 0 26 49
1 0 0 0 0 26 46
1 0 0 0 0 25 48
1 0 0 0 0 25 49
1 0 0 0 0 25 48
1 0 0 0 0 27 49
1 0 0 0 0 26 49
1 0 0 0 0 29 49
1 0 0 0 0 26 48
1 0 0 0 0 26 49
1 0 0 0 0 25 48
1 0 0 0 0 23 49
1 0 0 0 0 24 50
1 0 0 0 0 27 48
1 0 0 0 0 25 47
1 0 0 0 0 26 50
1 0 0 0 0 26 50
1 0 0 0 0 26 49
1 0 0 0 0 25 47
1 0 0 0 0 15 49
1 0 0 0 0 26 47
1 0 0 0 0 26 28
1 0 0 0 0 25 47
1 0 0 0 0 26 48
1 0 0 0 0 26 50
1 0 0 0 0 18 49
1 0 0 0 0 17 49
1 0 0 0 0 17 50
1 0 0 0 0 21 49
1 0 0 0 0 27 54
1 0 0 0 0 26 50
1 0 0 0 0 25 50
1 0 0 0 0 16 48
1 0 0 0 0 16 48
1 0 0 0 0 16 46
1 0 0 0 0 17 48
1 0 0 0 0 17 50
1 0 0 0 0 19 46
1 0 0 0 0 16 47
1 0 0 0 0 17 48
1 0 0 0 0 16 47
1 0 0 0 0 14 47
1 0 0 0 0 17 49
1 0 0 0 0 18 30
1 0 0 0 0 15 47
1 0 0 0 0 17 51
1 0 0 0 0 17 48
1 0 0 0 0 17 46
1 0 0 0 0 16 49
1 0 0 0 0 17 47
1 0 0 0 0 16 45
1 0 0 0 0 17 47
1 0 0 0 0 17 49
1 0 0 0 0 17 48
1 0 0 0 0 18 47
1 0 0 0 0 17 29
1 0 0 0 0 16 49
1 0 0 0 0 16 46
1 0 0 0 0 16 50
1 0 0 0 0 17 49
1 0 0 0 0 18 48
1 0 0 0 0 16 49
1 0 0 0 0 17 50
1 0 0 0 0 17 49
1 0 0 0 0 14 46
21 25 41 45 32 33 17
21 26 43 43 33 33 18
21 24 41 45 33 33 0
21 25 43 44 32 32 0
21 25 42 45 33 32 0
21 25 41 45 33 32 0
21 25 42 45 33 32 0
21 26 41 45 31 33 0
21 26 42 43 33 32 0
21 25 42 44 32 32 0
21 25 42 45 33 33 0
21 26 41 45 33 33 0
21 25 42 45 32 33 0
21 24 43 45 32 33 0
21 25 43 45 31 33 0
21 26 42 45 32 32 0
21 25 43 43 33 31 0
21 25 42 44 32 32 0
21 25 43 46 34 32 0
21 25 42 46 33 33 0
21 25 43 43 33 33 0
21 22 43 44 32 33 0
21 28 42 43 32 32 0
21 24 42 45 33 33 0
21 23 43 45 33 32 0
21 26 43 45 33 33 0
21 25 42 46 33 33 0
21 25 43 43 32 32 0
21 25 43 44 32 32 0
21 25 43 44 33 32 0
21 25 42 43 33 32 0
21 24 42 46 30 33 0
21 25 41 44 33 33 0
21 24 42 43 33 32 0
21 24 41 46 32 32 0
21 25 41 44 33 32 0
21 25 43 45 31 32 0
21 25 41 43 31 32 0
21 25 43 46 31 32 0
21 25 41 44 33 31 0
21 25 42 45 33 32 0
21 26 42 45 33 33 0
21 25 42 43 33 32 0
21 25 42 45 33 32 0
21 24 42 45 34 32 0
21 25 41 45 34 33 0
21 25 41 44 33 32 0
21 26 42 43 34 33 0
21 26 42 45 34 32 0
21 25 41 44 34 33 0
21 24 42 43 34 32 0
21 25 42 45 33 33 0
21 26 41 45 35 32 0
21 26 43 44 34 32 0
21 26 43 45 34 33 0
21 24 41 46 34 32 0
21 25 41 46 34 32 0
21 25 42 45 33 33 0
21 24 42 45 34 33 0
21 25 43 45 34 32 0
21 25 41 44 35 33 0
21 24 42 46 33 33 0
21 25 42 45 34 33 0
21 25 44 46 34 33 0
21 26 42 45 34 32 0
21 25 42 46 34 33 0
21 24 42 44 34 33 0
21 24 45 45 34 31 0
21 24 45 45 31 32 0
21 25 45 43 34 33 0
21 23 46 43 33 33 0
21 24 44 44 34 33 0
21 26 45 46 34 33 0
21 25 45 45 34 32 0
21 26 45 44 34 26 0
21 26 47 44 33 26 0
21 24 45 44 34 26 0
21 25 46 45 34 26 0
21 25 46 45 34 26 0
21 24 44 45 33 25 0
21 24 45 44 34 26 0
21 24 47 44 34 27 0
21 23 45 45 34 26 0
21 24 44 45 34 27 0
21 25 46 43 34 26 0
21 24 45 45 34 29 0
21 24 44 44 34 30 0
21 23 45 44 34 27 0
21 23 46 44 33 26 0
21 23 45 45 34 26 0
21 25 47 45 32 26 0
21 24 44 45 34 26 0
21 24 46 44 34 25 0
21 24 45 45 35 26 0
21 24 45 44 34 26 0
21 24 44 45 33 25 0
21 24 46 44 34 27 0
21 23 45 44 34 26 0
21 25 45 44 33 26 0
21 25 45 44 33 26 0
22 26 33 35 26 26 11
22 28 33 34 26 27 10
22 28 35 41 27 20 4
22 20 35 40 27 18 0
22 21 34 40 26 19 0
22 25 32 40 27 0 0
22 25 36 42 26 0 0
22 23 36 40 27 0 0
22 23 33 40 26 0 0
22 24 34 42 28 0 0
22 24 35 41 25 0 0
22 23 33 41 25 0 0
22 25 40 39 28 0 0
22 26 34 40 27 0 0
22 27 32 40 22 0 0
22 25 33 41 26 0 0
22 25 33 40 27 0 0
22 26 32 39 26 0 0
22 26 32 45 22 0 0
22 26 31 45 27 0 0
22 25 31 42 27 0 0
22 26 32 36 23 0 0
22 25 31 36 25 0 0
22 25 32 37 25 0 0
22 25 31 46 25 0 0
22 26 31 45 25 0 0
22 26 32 45 25 0 0
22 27 31 44 24 0 0
22 27 32 41 25 0 0
22 26 32 40 26 0 0
22 25 33 39 26 0 0
22 26 32 41 27 0 0
22 26 31 42 23 0 0
22 26 31 43 24 0 0
22 26 31 43 24 0 0
22 24 32 43 28 0 0
22 24 31 42 28 0 0
22 25 32 38 28 0 0
22 25 32 38 29 0 0
22 25 32 41 29 0 0
22 26 33 39 27 0 0
22 24 31 40 30 0 0
22 24 32 46 29 0 0
22 23 31 46 28 0 0
22 24 32 47 26 0 0
22 24 32 45 28 0 0
22 25 32 44 28 0 0
22 23 32 45 30 0 0
22 23 32 45 29 0 0
22 21 31 45 28 0 0
22 24 32 45 30 0 0
22 25 31 45 30 0 0
22 24 30 45 29 0 0
22 24 29 45 29 0 0
22 23 30 44 29 0 0
22 23 32 44 29 0 0
22 24 31 43 29 0 0
22 24 30 43 28 0 0
22 24 34 42 28 0 0
22 25 33 45 29 0 0
22 24 33 45 29 0 0
22 23 31 45 29 0 0
22 23 31 44 28 0 0
22 24 31 46 29 0 0
22 24 32 45 29 0 0
22 24 31 42 29 0 0
22 24 31 45 28 0 0
22 24 30 44 29 0 0
22 24 30 44 30 0 0
22 24 31 47 29 0 0
22 24 30 47 28 0 0
22 24 31 46 29 0 0
22 24 30 46 30 0 0
22 24 30 47 29 0 0
22 25 30 47 29 0 0
22 25 34 45 30 0 0
22 24 34 47 29 0 0
22 24 32 46 28 0 0
22 24 33 47 30 0 0
22 25 33 47 30 0 0
22 23 34 45 30 0 0
22 24 34 46 29 0 0
22 23 34 45 30 0 0
22 25 34 45 31 0 0
22 25 35 46 30 0 0
22 24 35 46 29 0 0
22 24 34 45 30 0 0
22 25 35 46 30 0 0
22 25 35 46 30 0 0
22 23 33 46 30 0 0
22 25 35 45 30 0 0
22 25 35 46 29 0 0
22 25 35 46 29 0 0
22 24 35 46 29 0 0
22 24 30 46 30 0 0
22 24 35 48 29 0 0
22 25 34 47 30 0 0
22 24 34 47 30 0 0
22 23 35 46 30 0 0
22 25 34 46 30 0 0
23 28 27 45 35 20 20
23 27 22 45 35 19 23
23 27 22 46 35 34 21
23 28 18 45 36 45 22
23 28 23 46 36 44 23
23 21 32 47 26 45 22
23 18 35 46 30 43 23
23 20 35 45 27 43 19
23 18 34 42 27 43 21
23 21 35 43 27 44 23
23 20 35 43 28 44 20
23 17 36 43 33 45 21
23 22 35 55 30 45 22
23 29 35 52 27 45 20
23 28 35 50 28 41 21
23 29 34 51 30 37 19
23 28 28 50 26 36 15
23 28 27 53 33 32 21
23 28 27 50 31 31 21
23 23 34 53 30 32 21
23 25 37 51 30 31 23
23 24 16 49 31 32 25
23 24 39 49 26 32 24
23 23 38 52 26 34 24
23 26 32 33 31 33 20
23 26 32 45 31 33 15
23 27 34 49 31 31 19
23 26 36 50 30 26 18
23 28 39 50 26 27 23
23 27 39 49 30 28 15
23 26 38 53 31 29 17
23 24 34 51 29 29 16
23 25 33 51 30 23 19
23 23 34 49 29 27 20
23 23 33 50 27 26 18
23 23 34 55 27 23 19
23 26 33 52 26 28 19
23 25 35 52 29 28 18
23 24 34 54 29 25 19
23 24 37 51 31 30 21
23 23 31 55 32 30 17
23 26 30 55 32 27 19
23 25 30 57 29 25 22
23 24 30 57 27 25 18
23 23 24 55 28 24 21
23 21 32 57 27 36 17
23 25 31 49 29 36 19
23 25 30 49 29 25 21
23 28 30 49 30 30 19
23 28 37 53 27 29 19
23 27 37 53 28 25 18
23 28 37 52 30 32 16
23 29 34 51 29 32 21
23 29 34 49 29 35 23
23 27 34 48 27 33 23
23 28 38 52 28 29 22
23 28 36 53 27 33 23
23 26 35 50 27 27 22
23 27 39 59 28 34 22
23 31 29 50 27 31 22
23 31 29 50 27 32 21
23 31 28 50 30 28 0
23 30 35 50 29 27 0
23 30 38 48 26 28 0
23 33 37 46 28 28 0
23 32 37 52 26 26 0
23 33 37 55 32 37 0
23 33 37 55 32 37 0
23 33 33 56 32 37 0
23 32 34 56 31 34 0
23 29 36 55 31 34 0
23 31 31 41 27 22 0
23 30 32 42 27 25 0
23 25 34 42 27 26 0
23 30 33 46 31 24 0
23 30 33 44 27 25 0
23 29 33 44 31 28 0
23 31 35 53 28 25 0
23 31 35 41 29 24 0
23 27 35 41 29 25 0
23 28 35 51 29 24 0
23 29 35 46 30 23 0
23 29 36 46 28 29 0
23 29 29 50 31 33 0
23 27 28 48 32 29 0
23 28 28 58 31 31 0
23 28 27 59 28 31 0
23 28 33 53 28 32 0
23 31 31 52 32 34 0
23 28 32 53 26 33 0
23 28 29 56 26 29 0
23 28 27 56 27 30 0
23 29 26 58 26 32 0
23 26 34 56 27 31 0
23 26 32 57 31 33 0
23 27 36 58 26 32 0
23 28 33 59 29 34 0
23 26 33 51 29 26 0
23 26 33 51 27 27 0
23 26 34 54 35 27 0
24 29 53 29 22 21 19
24 27 61 27 25 27 27
24 32 57 31 23 25 21
24 28 67 31 23 13 21
24 30 27 27 17 28 23
24 29 34 28 17 26 26
24 31 53 26 25 22 27
24 30 41 47 26 23 28
24 30 40 47 31 23 27
24 27 40 46 30 22 28
24 28 40 46 29 23 24
24 28 41 45 27 38 24
24 26 42 45 28 39 23
24 26 43 43 28 38 23
24 33 44 43 28 37 23
24 34 44 43 27 37 23
24 33 40 46 27 37 22
24 30 40 42 28 37 24
24 30 40 43 28 37 22
24 28 41 43 25 36 25
24 32 40 43 25 37 25
24 32 40 42 24 35 19
24 31 41 47 24 38 22
24 31 43 47 25 37 24
24 32 44 48 25 36 23
24 31 44 46 29 36 22
24 32 44 45 28 37 20
24 31 42 47 28 38 20
24 32 43 46 27 37 19
24 32 41 45 28 38 25
24 32 42 46 27 38 24
24 31 42 44 27 38 23
24 31 42 46 27 39 25
24 30 40 45 27 38 27
24 30 39 46 27 39 26
24 30 38 46 28 39 27
24 31 40 46 28 39 25
24 30 40 46 29 39 26
24 29 40 45 24 39 27
24 32 43 44 24 38 22
24 32 44 44 28 39 23
24 31 43 49 26 37 24
24 31 39 48 26 38 24
24 30 39 43 24 39 25
24 31 39 44 22 36 26
24 30 38 40 24 37 27
24 30 41 42 24 36 23
24 31 41 44 25 36 25
24 29 41 44 26 36 25
24 33 39 43 26 36 29
24 33 42 45 25 37 29
24 33 43 46 26 36 27
24 29 45 40 26 36 25
24 33 44 40 25 37 28
24 33 46 40 25 38 25
24 32 44 41 25 39 26
24 31 46 42 24 39 24
24 30 42 45 26 38 26
24 30 42 41 28 38 23
24 33 42 40 27 38 25
24 33 43 47 25 37 25
24 34 46 44 26 37 26
24 35 40 43 27 37 25
24 33 40 38 26 37 27
24 34 37 54 26 29 26
24 31 38 55 26 28 26
24 32 40 53 25 36 26
24 32 42 53 28 36 26
24 32 40 55 27 38 26
24 33 42 56 26 35 27
24 32 44 55 26 35 26
24 32 44 55 27 35 27
24 32 46 56 29 35 24
24 32 45 55 29 28 25
24 31 44 55 28 31 25
24 31 46 54 28 30 24
24 33 45 54 32 26 25
24 33 43 54 29 29 25
24 33 43 55 31 27 26
24 33 43 53 26 23 26
24 33 44 54 27 23 26
24 33 43 55 29 24 26
24 33 44 55 28 23 25
24 31 44 55 28 26 27
24 32 46 55 27 27 28
24 33 46 55 28 27 27
24 32 44 55 28 26 27
24 32 46 55 28 27 26
24 30 45 54 28 27 28
24 32 44 55 27 27 28
24 31 41 55 28 27 27
24 34 42 55 26 31 28
24 33 42 55 26 30 28
24 35 42 55 27 30 26
24 34 42 56 26 32 26
24 33 42 56 25 32 26
24 33 42 56 28 29 28
24 32 42 56 27 27 27
24 34 42 55 28 27 27
24 35 43 56 28 26 27
25 31 23 39 43 15 8
25 30 22 39 43 17 4
25 34 27 43 46 16 10
25 32 25 40 45 15 11
25 32 27 43 28 23 12
25 32 25 41 24 21 6
25 34 24 40 45 21 0
25 29 26 39 45 22 0
25 31 23 41 42 17 0
25 30 21 39 44 10 0
25 31 23 38 43 18 0
25 33 23 39 42 17 0
25 32 27 38 41 18 0
25 34 26 42 41 16 0
25 32 26 40 44 19 0
25 30 25 42 45 22 0
25 30 26 39 46 18 0
25 34 26 41 43 19 0
25 35 23 37 43 21 0
25 30 23 42 42 20 0
25 33 26 40 44 19 0
25 36 26 37 43 19 0
25 32 25 38 42 18 0
25 34 25 42 43 19 0
25 32 26 41 45 24 0
25 36 25 42 44 25 0
25 33 22 39 45 24 0
25 28 23 42 45 26 0
25 28 19 40 44 24 0
25 19 19 39 44 24 0
25 21 24 41 43 23 0
25 21 24 50 43 23 0
25 24 24 29 40 23 0
25 26 24 28 43 24 0
25 25 24 28 41 24 0
25 24 22 48 42 25 0
25 23 24 49 42 25 0
25 20 24 49 33 25 0
25 21 23 33 32 23 0
25 25 19 47 41 22 0
25 24 19 47 37 23 0
25 24 22 48 35 25 0
25 26 23 51 36 24 0
25 27 24 52 41 25 0
25 27 23 48 40 25 0
25 25 24 49 37 25 0
25 25 22 49 37 23 0
25 25 24 49 37 22 0
25 26 24 48 40 25 0
25 28 26 46 38 21 0
25 26 25 48 39 26 0
25 27 26 47 34 26 0
25 26 22 47 38 25 0
25 30 23 48 39 24 0
25 29 23 45 40 24 0
25 29 25 44 40 23 0
25 31 24 52 31 25 0
25 30 21 53 31 25 0
25 29 24 41 34 24 0
25 23 25 56 41 25 0
25 25 23 55 42 25 0
25 27 22 55 40 20 0
25 29 24 56 42 26 0
25 30 23 52 44 27 0
25 30 23 52 44 25 0
25 25 25 49 35 27 0
25 24 25 51 33 26 0
25 28 25 52 33 27 0
25 26 25 49 33 18 0
25 26 17 49 33 20 0
25 28 17 48 33 18 0
25 27 17 44 35 32 0
25 28 17 42 35 24 0
25 27 17 53 34 32 0
25 27 17 55 36 0 0
25 27 16 55 34 0 0
25 27 17 54 34 0 0
25 27 18 33 34 0 0
25 28 18 56 35 0 0
25 28 17 53 35 0 0
25 28 16 56 35 0 0
25 25 16 56 35 0 0
25 23 17 56 35 0 0
25 28 18 54 36 0 0
25 29 17 55 36 0 0
25 28 17 54 36 0 0
25 29 14 54 35 0 0
25 29 17 55 37 0 0
25 28 16 54 37 0 0
25 29 17 54 34 0 0
25 28 16 53 34 0 0
25 28 16 54 35 0 0
25 28 17 53 34 0 0
25 29 17 53 33 0 0
25 28 16 53 34 0 0
25 29 17 53 34 0 0
25 28 16 55 35 0 0
25 28 17 55 35 0 0
25 28 16 55 34 0 0
25 28 17 55 34 0 0
26 33 22 50 45 15 10
26 34 22 50 44 16 15
26 32 22 49 43 18 13
26 31 22 50 44 14 16
26 32 24 50 44 19 11
26 32 20 53 45 19 12
26 31 23 50 42 19 10
26 20 24 10 46 18 10
26 35 21 35 44 16 10
26 33 24 54 44 15 11
26 34 22 33 43 16 13
26 32 24 48 46 13 12
26 35 23 35 36 15 9
26 33 24 49 39 16 11
26 30 23 48 38 15 11
26 30 23 30 37 15 9
26 31 24 49 38 16 11
26 29 21 50 39 12 7
26 29 22 50 39 15 12
26 29 22 51 34 13 5
26 30 22 29 36 15 10
26 29 22 50 38 16 9
26 28 22 48 37 16 9
26 30 22 49 38 15 8
26 29 22 50 37 16 12
26 29 23 53 39 14 8
26 30 24 53 39 16 3
26 29 21 31 39 17 7
26 29 23 50 39 17 7
26 30 21 51 40 16 7
26 30 20 52 40 18 9
26 29 19 52 40 15 7
26 30 21 53 35 14 6
26 31 21 52 39 12 8
26 31 21 33 36 13 7
26 30 19 53 39 16 7
26 31 21 47 38 22 7
26 35 22 49 42 18 9
26 33 21 43 38 19 7
26 32 22 40 40 18 8
26 30 20 43 40 20 8
26 32 20 43 39 14 9
26 30 20 43 40 18 7
26 32 21 24 25 19 9
26 35 22 44 42 16 7
26 30 20 48 28 20 7
26 37 19 52 41 20 11
26 33 15 33 41 17 3
26 36 20 52 45 13 8
26 31 20 53 45 16 4
26 32 18 37 40 11 5
26 35 19 51 40 14 9
26 31 21 51 41 14 7
26 31 19 50 38 13 6
26 32 22 50 36 12 9
26 34 22 49 37 14 6
26 31 22 53 36 13 8
26 32 22 53 33 11 8
26 30 20 53 35 14 5
26 29 21 49 35 13 7
26 32 16 53 35 11 5
26 26 20 51 40 15 7
26 28 22 45 40 13 5
26 28 22 43 32 10 7
26 29 22 43 37 9 7
26 33 19 32 38 11 4
26 33 22 44 35 12 6
26 31 20 43 33 15 7
26 30 22 39 32 11 7
26 27 22 47 34 10 6
26 29 20 46 36 14 5
26 31 21 45 32 13 7
26 30 20 46 33 12 7
26 31 21 47 34 12 7
26 30 21 46 35 8 5
26 32 22 47 36 9 5
26 30 20 47 36 14 6
26 28 20 44 37 12 8
26 28 23 45 37 4 8
26 26 21 45 37 8 8
26 28 22 39 37 8 6
26 25 22 40 38 8 3
26 27 22 40 37 8 5
26 29 22 39 35 6 8
26 26 22 40 33 5 5
26 27 22 38 36 5 6
26 29 23 38 34 6 7
26 29 23 40 33 2 7
26 28 22 46 35 8 8
26 27 19 47 32 7 7
26 30 22 46 34 8 6
26 30 22 46 34 6 3
26 30 20 46 35 6 6
26 28 19 47 35 7 5
26 31 21 46 34 9 7
26 31 22 46 34 8 9
26 28 22 47 35 7 5
26 28 22 45 34 5 6
26 28 22 45 35 4 4
26 27 21 46 36 7 5
27 31 25 38 37 10 3
27 32 26 38 37 7 3
27 30 23 37 39 9 5
27 31 24 37 36 11 3
27 31 24 37 39 10 3
27 30 24 41 37 7 5
27 31 23 41 38 15 5
27 29 22 38 37 17 5
27 31 23 39 33 16 5
27 30 24 37 34 16 7
27 30 23 39 36 15 6
27 31 23 39 32 15 6
27 31 23 37 33 20 4
27 28 23 37 32 16 3
27 27 22 37 38 23 6
27 29 23 36 37 22 5
27 29 17 37 37 22 6
27 29 18 38 38 20 5
27 40 14 36 38 21 5
27 40 21 36 38 15 6
27 41 19 35 37 19 5
27 39 17 36 37 20 7
27 39 18 36 38 21 2
27 41 15 36 36 16 3
27 39 15 39 37 16 5
27 36 15 33 35 17 4
27 36 10 35 35 11 4
27 34 16 35 35 18 5
27 34 16 37 34 15 4
27 34 12 46 37 16 2
27 36 18 42 43 19 1
27 33 18 37 43 15 1
27 33 17 34 37 15 4
27 34 17 37 44 8 10
27 33 17 36 45 17 2
27 33 19 32 46 17 2
27 34 13 33 46 15 3
27 33 16 34 50 17 3
27 35 17 31 44 17 1
27 38 19 33 39 15 12
27 33 16 32 38 13 11
27 34 15 32 38 14 16
27 34 15 34 44 12 14
27 32 17 34 45 18 13
27 32 18 34 45 16 3
27 34 18 35 46 17 11
27 35 18 35 44 15 12
27 34 17 35 44 19 8
27 33 16 37 44 19 0
27 34 14 36 46 20 0
27 34 15 37 43 17 0
27 34 17 31 43 8 0
27 35 17 28 44 11 0
27 35 15 30 42 12 0
27 35 16 28 42 12 0
27 36 19 28 41 7 0
27 38 19 29 43 8 0
27 38 18 28 43 6 0
27 38 17 29 43 6 0
27 37 19 29 43 3 0
27 37 18 28 43 6 0
27 36 18 30 42 6 0
27 30 19 29 44 4 0
27 32 16 31 42 4 0
27 30 15 31 49 5 0
27 31 18 33 47 4 0
27 27 16 33 48 3 0
27 27 18 33 49 6 0
27 28 18 33 42 6 0
27 32 20 33 42 8 0
27 34 18 32 42 3 0
27 35 17 34 42 8 0
27 35 20 34 41 7 0
27 27 19 34 43 2 0
27 26 22 34 45 7 0
27 29 21 36 46 7 0
27 29 20 36 46 8 0
27 33 19 33 27 6 0
27 38 19 36 53 8 0
27 37 19 35 52 10 0
27 38 21 35 50 2 0
27 39 20 35 49 9 0
27 38 19 35 47 18 0
27 39 20 35 26 20 0
27 39 21 35 29 19 0
27 39 19 34 30 19 0
27 38 20 34 49 21 0
27 38 23 31 29 23 0
27 36 22 29 50 24 0
27 35 20 32 50 21 0
27 34 24 37 29 22 0
27 34 21 38 53 23 0
27 33 20 38 50 23 0
27 33 20 39 53 24 0
27 33 21 40 52 24 0
27 33 21 28 52 21 0
27 26 20 43 52 10 0
27 33 21 41 51 4 0
27 33 21 41 51 12 0
27 33 19 42 51 11 0
28 38 13 27 40 10 1
28 39 11 25 41 7 6
28 38 11 28 41 7 1
28 38 8 26 40 5 2
28 38 11 27 41 12 2
28 38 8 27 42 9 4
28 39 8 25 42 13 0
28 38 7 27 42 7 4
28 37 8 27 40 4 7
28 37 10 27 41 0 8
28 38 10 28 41 13 10
28 38 11 26 41 15 7
28 38 9 25 40 14 9
28 39 10 27 41 13 5
28 38 10 25 42 11 7
28 38 9 28 41 14 12
28 38 10 27 42 12 13
28 39 10 28 42 15 13
28 38 10 27 39 14 15
28 39 9 27 40 14 8
28 38 12 27 39 14 14
28 38 9 27 41 13 16
28 39 9 24 40 14 15
28 38 9 23 40 14 16
28 38 11 24 40 16 16
28 37 13 22 40 1 17
28 38 12 23 41 14 13
28 38 13 22 40 12 7
28 38 9 23 40 11 13
28 38 11 25 39 16 15
28 37 7 23 40 17 16
28 38 9 24 41 16 15
28 38 10 22 40 17 14
28 36 14 22 40 17 13
28 38 14 24 40 17 14
28 37 13 26 39 12 11
28 37 18 21 41 15 15
28 37 14 24 41 15 13
28 37 16 24 40 16 16
28 37 12 23 40 13 12
28 37 15 23 40 15 7
28 37 17 24 39 14 4
28 37 16 22 40 14 16
28 37 16 24 40 15 16
28 37 17 26 40 15 21
28 37 18 23 40 12 13
28 37 16 24 40 14 6
28 37 18 24 41 14 10
28 37 16 24 39 8 9
28 37 16 24 40 12 16
28 37 16 24 40 13 16
28 38 18 27 40 13 15
28 38 17 26 40 15 15
28 37 19 24 44 15 12
28 38 18 23 43 15 13
28 38 17 23 40 13 6
28 37 18 23 41 15 14
28 37 16 23 41 13 15
28 36 18 24 39 14 12
28 37 16 23 39 12 15
28 38 16 23 41 14 12
28 37 19 26 40 15 14
28 36 16 23 40 16 13
28 37 17 23 40 15 9
28 38 16 25 41 17 13
28 37 17 24 39 16 12
28 37 18 23 40 15 14
28 37 16 22 43 14 10
28 37 14 23 43 1 16
28 37 16 21 41 8 9
28 36 15 21 40 17 14
28 36 16 27 39 15 15
28 38 13 25 39 16 14
28 37 14 26 40 16 14
28 36 14 27 40 15 12
28 36 12 23 39 16 11
28 36 10 24 19 13 11
28 37 13 24 43 10 11
28 41 10 23 42 16 11
28 38 14 25 41 15 12
28 35 13 22 39 15 13
28 36 16 24 40 11 13
28 36 14 24 40 12 14
28 35 14 23 40 7 13
28 36 13 24 40 16 10
28 36 15 25 41 18 13
28 36 15 23 40 17 12
28 35 15 24 41 16 12
28 36 15 23 39 12 14
28 35 16 26 39 16 12
28 36 17 23 39 16 13
28 36 15 24 40 14 9
28 40 16 23 40 6 13
28 39 15 24 40 7 12
28 36 14 23 41 11 7
28 36 10 23 41 13 11
28 35 15 23 40 15 9
28 37 16 24 39 15 11
28 36 12 22 41 15 8
28 35 18 23 39 14 10
29 39 15 23 45 2 5
29 39 18 22 44 8 3
29 39 19 23 43 6 5
29 36 13 23 46 8 3
29 36 17 24 43 8 6
29 40 16 23 43 16 5
29 39 16 24 44 11 5
29 38 15 27 44 2 4
29 37 15 26 44 3 5
29 40 19 27 45 0 0
29 40 17 28 45 8 0
29 41 13 25 43 7 0
29 39 14 25 44 6 0
29 41 16 28 45 8 0
29 39 17 29 44 8 0
29 37 15 27 43 6 0
29 37 16 25 44 6 0
29 38 15 26 44 5 0
29 38 16 25 45 0 0
29 38 16 23 45 5 0
29 39 17 25 45 6 0
29 40 14 25 44 20 0
29 39 13 24 43 14 0
29 39 16 25 44 17 0
29 41 12 26 44 15 0
29 41 12 25 46 5 0
29 41 14 26 45 10 0
29 37 17 25 44 3 0
29 36 15 25 43 5 0
29 45 16 24 44 10 0
29 42 13 24 46 7 0
29 40 15 24 44 0 0
29 45 18 26 45 9 0
29 44 15 25 44 6 0
29 40 17 27 45 6 0
29 45 16 26 45 10 0
29 43 15 24 44 9 0
29 41 16 24 44 11 0
29 41 17 23 43 9 0
29 40 20 24 43 4 0
29 42 17 23 45 11 0
29 41 18 27 44 10 0
29 41 17 24 43 8 0
29 39 19 25 44 11 0
29 40 20 28 44 11 0
29 41 20 29 44 11 0
29 37 21 27 44 10 0
29 37 20 25 45 11 0
29 40 18 25 43 9 0
29 41 17 25 15 13 0
29 40 19 25 46 9 0
29 41 20 25 45 10 0
29 40 20 25 45 11 0
29 41 20 25 43 13 0
29 41 19 25 43 12 0
29 40 17 25 43 6 0
29 38 19 26 44 11 0
29 40 19 25 44 12 0
29 40 20 26 43 12 0
29 38 18 26 43 12 0
29 40 19 27 43 11 0
29 40 19 25 43 12 0
29 39 20 26 43 4 0
29 40 19 25 44 12 0
29 36 20 26 43 13 0
29 37 16 26 44 11 0
29 39 19 26 44 12 0
29 39 19 26 45 11 0
29 40 16 25 44 18 0
29 40 16 25 44 17 0
29 40 20 25 43 18 0
29 41 18 27 43 17 0
29 40 18 26 43 14 0
29 40 20 25 42 19 0
29 39 19 25 42 18 0
29 36 15 27 42 20 0
29 40 16 27 44 18 0
29 39 19 28 43 19 0
29 39 18 26 42 19 0
29 41 19 25 43 16 0
29 41 19 26 43 20 0
29 41 20 25 43 19 0
29 38 20 27 43 4 0
29 38 21 25 44 17 0
29 39 21 26 43 16 0
29 38 17 27 43 18 0
29 41 19 28 43 0 0
29 40 20 25 44 0 0
29 38 17 27 43 0 0
29 39 17 26 44 0 0
29 40 20 25 44 0 0
29 40 16 25 44 0 0
29 38 20 26 44 0 0
29 38 20 25 43 0 0
29 38 20 25 42 0 0
29 37 19 25 43 0 0
29 39 19 25 43 0 0
29 39 19 25 42 0 0
29 36 20 27 43 0 0
29 33 18 26 43 0 0
30 34 18 29 40 8 2
30 34 18 29 39 9 5
30 32 18 29 40 8 5
30 33 18 29 40 8 6
30 32 18 29 39 9 3
30 33 19 29 40 8 6
30 33 19 28 40 9 6
30 34 17 29 40 6 9
30 33 16 30 38 8 3
30 33 19 30 39 7 6
30 33 17 29 39 1 4
30 34 17 30 40 7 5
30 33 17 30 39 10 3
30 33 18 28 39 6 5
30 33 18 30 17 7 5
30 33 17 29 39 3 5
30 32 19 28 39 8 10
30 32 18 30 39 9 8
30 34 18 29 39 8 5
30 33 18 29 40 10 2
30 35 17 30 39 10 2
30 34 18 28 39 10 2
30 34 18 29 39 11 2
30 33 18 29 39 10 3
30 34 18 29 40 12 4
30 34 18 29 39 11 3
30 33 18 29 40 8 5
30 34 18 29 40 11 4
30 34 18 29 40 11 3
30 35 18 29 40 10 4
30 35 18 30 39 10 4
30 34 19 29 39 8 4
30 34 19 29 39 8 5
30 34 18 29 40 4 3
30 33 18 30 39 11 4
30 34 18 37 40 13 5
30 34 17 29 39 15 4
30 33 19 29 39 12 2
30 33 18 28 41 15 10
30 34 19 27 39 11 6
30 33 18 28 40 19 0
30 33 18 28 39 17 0
30 33 18 28 38 18 0
30 33 19 30 39 18 0
30 32 18 29 40 19 0
30 33 18 29 39 21 0
30 33 18 29 40 20 0
30 33 19 30 39 17 0
30 34 17 27 39 17 0
30 32 18 28 39 17 0
30 33 17 29 39 20 0
30 33 18 28 39 19 0
30 33 18 29 39 3 0
30 33 18 28 17 19 0
30 34 16 28 40 19 0
30 34 19 29 40 18 0
30 33 20 28 40 19 0
30 33 18 28 40 19 0
30 33 18 28 40 17 0
30 32 19 28 40 19 0
30 33 18 28 39 19 0
30 33 18 28 40 19 0
30 33 19 29 40 19 0
30 32 19 28 40 22 0
30 32 19 30 44 14 0
30 34 19 30 43 21 0
30 33 19 29 44 18 0
30 33 18 27 40 17 0
30 33 19 29 43 12 0
30 33 20 29 42 11 0
30 33 18 29 41 11 0
30 34 17 28 43 12 0
30 34 19 28 39 12 0
30 34 19 28 44 11 0
30 34 18 28 42 10 0
30 34 18 28 43 12 0
30 34 19 28 44 11 0
30 35 17 30 39 12 0
30 34 18 28 39 12 0
30 34 19 29 40 12 0
30 35 19 29 43 11 0
30 34 18 28 44 13 0
30 34 18 28 42 10 0
30 35 19 28 42 11 0
30 34 18 29 43 12 0
30 35 19 28 40 10 0
30 33 19 28 40 13 0
30 33 19 28 40 11 0
30 33 18 29 39 12 0
30 34 19 29 40 11 0
30 34 19 28 40 21 0
30 35 17 29 40 21 0
30 35 17 28 40 22 0
30 34 15 28 39 20 0
30 34 18 26 40 19 0
30 34 17 28 40 19 0
30 34 16 27 40 20 0
30 34 19 28 40 21 0
30 35 19 28 39 21 0
30 34 19 29 40 11 0
33 42 16 21 38 20 6
33 43 20 22 37 5 8
33 42 16 22 38 18 6
33 41 16 22 38 22 5
33 41 17 22 37 21 5
33 42 17 22 38 10 2
33 41 17 22 38 3 9
33 40 16 21 37 12 7
33 40 16 22 38 9 5
33 41 16 22 37 9 7
33 46 16 23 37 8 4
33 44 17 23 38 8 3
33 41 17 22 37 9 0
33 42 15 22 39 10 3
33 42 15 21 38 8 8
33 41 17 22 37 4 5
33 40 17 22 38 8 5
33 44 15 22 38 9 5
33 44 16 22 39 19 3
33 40 16 23 38 22 2
33 42 15 22 39 17 6
33 40 17 22 37 19 8
33 42 16 21 38 19 3
33 41 16 22 38 19 7
33 43 16 22 37 18 7
33 42 18 22 37 20 7
33 45 18 21 38 18 8
33 43 17 20 36 18 5
33 41 17 23 38 21 8
33 42 16 22 38 20 5
33 42 17 23 37 19 4
33 42 17 22 38 17 7
33 41 18 19 37 17 15
33 42 18 24 37 17 0
33 42 18 27 37 21 0
33 41 17 24 37 21 0
33 41 17 22 37 21 0
33 42 16 22 38 18 0
33 40 17 27 37 22 0
33 42 17 22 38 3 0
33 42 16 22 37 22 0
33 41 15 22 37 19 0
33 42 17 20 37 20 0
33 40 17 20 37 21 0
33 41 16 19 39 13 0
33 42 16 19 37 15 0
33 42 16 21 39 13 0
33 41 17 19 38 15 0
33 41 16 21 38 13 0
33 42 16 19 38 12 0
33 42 18 20 39 12 0
33 40 17 19 38 12 0
33 41 17 21 38 14 0
33 42 16 19 38 14 0
33 43 19 20 38 16 0
33 41 18 20 38 17 0
33 42 17 20 37 15 0
33 42 16 18 39 16 0
33 42 16 20 38 9 0
33 42 19 19 38 17 0
33 41 19 18 38 15 0
33 42 18 21 38 16 0
33 41 17 19 38 16 0
33 41 16 21 37 16 0
33 41 18 19 38 17 0
33 41 17 20 39 17 0
33 41 16 20 37 16 0
33 41 18 18 38 16 0
33 40 17 18 38 17 0
33 41 17 20 38 16 0
33 41 16 19 39 17 0
33 40 17 20 39 15 0
33 40 17 18 37 14 0
33 41 21 19 38 15 0
33 42 20 20 38 12 0
33 42 20 21 37 11 0
33 40 22 22 38 11 0
33 42 20 23 37 11 0
33 41 22 22 38 12 0
33 41 20 22 38 13 0
33 41 20 20 38 12 0
33 41 21 20 37 17 0
33 41 20 19 37 14 0
33 42 20 22 38 14 0
33 41 20 21 38 13 0
33 41 19 22 38 13 0
33 41 22 22 37 11 0
33 40 21 20 37 9 0
33 40 18 21 37 10 0
33 40 20 21 37 9 0
33 41 21 18 38 8 0
33 40 17 22 38 9 0
33 41 17 21 38 9 0
33 41 17 21 39 8 0
33 40 17 18 37 7 0
33 39 15 19 38 9 0
33 42 17 22 39 13 0
33 42 18 19 38 16 0
33 41 17 22 38 15 0
33 40 15 22 36 17 0
35 48 46 40 46 12 7
35 26 40 35 45 12 3
35 53 16 19 44 0 8
35 51 14 17 41 0 8
35 50 26 15 41 0 7
35 49 26 22 41 0 0
35 50 29 13 40 0 0
35 50 29 18 40 0 0
35 51 33 28 40 0 0
35 46 30 25 40 0 0
35 47 29 26 41 0 0
35 46 27 30 39 0 0
35 48 28 27 39 0 0
35 48 25 26 39 0 0
35 48 31 26 38 0 0
35 51 31 27 48 0 0
35 49 31 25 45 0 0
35 47 31 26 45 0 0
35 48 30 27 44 0 0
35 47 31 22 44 0 0
35 46 30 27 44 0 0
35 47 30 28 43 0 0
35 52 28 25 44 0 0
35 53 28 28 45 0 0
35 52 28 28 45 0 0
35 51 29 28 44 0 0
35 50 28 25 40 0 0
35 49 29 26 37 0 0
35 48 29 26 37 0 0
35 50 28 26 35 0 0
35 48 28 28 35 0 0
35 55 27 28 47 0 0
35 53 27 29 45 0 0
35 53 28 28 43 0 0
35 53 26 27 41 0 0
35 53 25 27 42 0 0
35 54 25 25 42 0 0
35 54 26 25 50 0 0
35 55 27 23 50 0 0
35 54 27 27 51 0 0
35 44 26 27 51 0 0
35 43 26 27 48 0 0
35 46 23 26 48 0 0
35 47 26 26 47 0 0
35 45 26 26 49 0 0
35 44 26 27 49 0 0
35 49 26 27 50 0 0
35 48 25 26 50 0 0
35 47 27 22 52 0 0
35 49 25 23 53 0 0
35 48 25 22 59 0 0
35 29 24 23 53 0 0
35 48 26 24 56 0 0
35 58 24 24 54 0 0
35 60 25 23 53 0 0
35 60 25 24 51 0 0
35 58 25 23 50 0 0
35 55 24 23 52 0 0
35 56 24 23 50 0 0
35 55 24 24 30 0 0
35 53 24 24 29 0 0
35 52 26 24 53 0 0
35 26 24 22 54 0 0
35 48 27 23 49 0 0
35 56 25 23 49 0 0
35 49 24 23 49 0 0
35 54 25 23 49 0 0
35 55 26 24 44 0 0
35 53 26 23 46 0 0
35 54 26 24 45 0 0
35 56 26 24 44 0 0
35 56 27 24 49 0 0
35 56 25 24 44 0 0
35 56 25 23 44 0 0
35 46 27 22 43 0 0
35 51 27 23 44 0 0
35 50 26 23 45 0 0
35 51 26 23 45 0 0
35 51 25 23 45 0 0
35 54 26 24 45 0 0
35 54 27 29 50 0 0
35 53 27 30 50 0 0
35 55 25 30 50 0 0
35 54 26 29 50 0 0
35 53 25 31 49 0 0
35 54 25 31 48 0 0
35 54 26 30 42 0 0
35 53 26 29 42 0 0
35 52 25 30 43 0 0
35 49 26 30 48 0 0
35 48 25 30 47 0 0
35 50 26 30 47 0 0
35 46 26 31 44 0 0
35 47 29 31 46 0 0
35 47 29 30 45 0 0
35 48 29 29 47 0 0
35 58 30 30 49 0 0
35 58 28 29 49 0 0
35 57 28 29 47 0 0
35 56 30 29 48 0 0
38 39 26 23 47 19 24
38 39 26 34 43 13 25
38 44 26 34 44 14 28
38 40 24 34 45 15 24
38 44 24 33 44 17 23
38 43 23 33 42 15 26
38 40 26 32 48 12 23
38 37 25 33 48 15 25
38 46 25 34 50 15 29
38 44 24 32 41 14 23
38 39 22 30 40 12 26
38 40 24 30 46 14 26
38 40 24 30 47 15 23
38 50 23 30 53 19 23
38 46 24 31 62 6 21
38 57 25 30 62 10 29
38 59 26 30 56 19 22
38 59 27 31 56 13 12
38 57 25 30 57 14 17
38 61 26 28 58 15 17
38 60 23 29 57 17 18
38 63 25 29 52 15 15
38 61 26 31 51 12 14
38 60 26 31 51 15 19
38 61 24 30 51 15 19
38 52 28 32 50 14 13
38 54 26 33 50 12 15
38 59 26 33 40 14 15
38 57 28 29 40 15 13
38 56 28 29 53 19 11
38 62 26 29 46 6 15
38 61 27 29 46 10 16
38 62 23 28 50 19 14
38 61 24 32 50 13 11
38 59 25 33 49 14 14
38 59 25 32 49 15 16
38 60 23 29 48 17 13
38 61 20 33 47 15 13
38 59 21 34 47 12 13
38 58 24 33 48 15 16
38 55 30 32 47 15 1
38 58 30 32 42 14 2
38 57 28 31 42 12 2
38 57 28 30 42 14 3
38 48 27 30 39 15 3
38 62 27 32 38 19 5
38 62 26 28 45 6 3
38 61 28 29 46 10 5
38 62 25 28 46 19 8
38 61 26 28 45 13 5
38 37 30 30 46 14 6
38 53 29 28 47 15 1
38 53 28 30 38 17 8
38 52 28 30 49 15 4
38 53 28 30 49 12 3
38 64 28 29 49 15 5
38 63 29 30 45 15 4
38 63 28 31 46 14 4
38 63 23 31 46 12 4
38 65 27 30 48 14 2
38 67 28 30 48 15 3
38 65 23 30 48 19 3
38 64 23 30 46 6 1
38 62 23 29 45 10 3
38 65 24 32 52 19 4
38 41 25 31 52 13 2
38 64 24 32 53 14 3
38 60 26 31 47 15 5
38 61 25 31 48 17 7
38 60 27 31 46 15 2
38 59 25 31 46 12 5
38 59 25 31 46 15 4
38 59 27 33 47 15 0
38 61 22 33 43 14 0
38 61 29 33 42 12 0
38 60 29 33 42 14 0
38 58 29 32 42 15 0
38 64 20 30 49 19 0
38 62 23 31 45 6 0
38 62 24 31 45 10 0
38 60 25 32 44 19 0
38 60 26 31 24 13 0
38 59 31 30 48 14 0
38 62 26 30 44 15 0
38 62 26 29 43 17 0
38 63 30 29 43 15 0
38 62 28 29 43 12 0
38 56 25 28 44 15 0
38 56 25 30 44 15 0
38 56 27 34 44 14 0
38 56 26 30 44 12 0
38 59 28 30 44 14 0
38 52 25 33 49 15 0
38 53 23 29 48 19 0
38 52 22 29 50 6 0
38 35 23 29 47 10 0
38 55 25 31 47 16 0
38 52 26 31 47 19 0
38 51 24 31 47 19 0
38 50 25 31 46 21 0
39 41 16 19 38 45 29
39 41 17 17 39 46 28
39 40 13 19 39 45 27
39 41 13 19 40 45 28
39 41 19 25 39 45 28
39 41 20 25 38 45 30
39 41 24 24 37 45 28
39 45 22 22 35 45 29
39 43 25 19 36 45 29
39 41 24 21 39 46 31
39 40 26 22 37 45 30
39 45 26 21 33 46 31
39 43 24 21 33 46 29
39 41 25 23 38 46 30
39 39 25 29 35 46 25
39 45 24 24 38 45 27
39 42 28 28 35 44 28
39 41 28 26 39 45 28
39 41 24 26 36 44 28
39 40 27 24 34 45 32
39 41 27 24 36 44 32
39 39 28 21 34 44 28
39 41 21 22 33 45 28
39 46 25 23 34 44 32
39 55 25 24 35 44 27
39 49 26 23 46 43 26
39 50 23 23 51 44 32
39 52 23 25 48 43 32
39 52 23 21 49 46 30
39 52 21 20 48 46 29
39 52 23 24 48 44 28
39 52 25 24 49 44 28
39 52 27 23 48 45 34
39 60 27 23 48 36 17
39 61 25 23 49 35 18
39 60 27 21 42 40 19
39 39 27 22 43 37 19
39 60 28 20 45 35 18
39 36 28 21 48 35 19
39 36 27 22 47 39 20
39 57 28 26 48 37 16
39 56 27 25 54 37 15
39 38 29 24 54 35 20
39 27 29 25 54 39 19
39 49 28 24 52 37 20
39 29 27 19 55 35 19
39 32 28 20 36 34 20
39 32 27 20 35 34 21
39 32 27 20 55 34 20
39 32 28 19 56 33 23
39 55 26 18 55 34 16
39 37 27 20 53 39 17
39 56 26 17 54 28 18
39 55 25 17 57 24 16
39 31 24 18 53 21 16
39 53 26 19 55 26 16
39 32 24 21 33 27 16
39 53 25 24 55 23 19
39 53 26 24 55 22 18
39 52 23 24 54 20 16
39 52 24 25 54 20 13
39 51 20 24 55 23 19
39 54 24 25 55 24 16
39 53 20 27 55 19 20
39 52 23 26 54 20 18
39 53 20 26 54 21 15
39 53 26 26 54 17 20
39 51 27 24 55 18 20
39 54 23 21 56 20 19
39 55 25 22 55 21 22
39 54 24 27 56 24 23
39 54 24 27 54 30 24
39 53 23 27 55 26 23
39 54 24 27 55 27 20
39 54 26 27 55 23 19
39 54 25 23 55 25 22
39 55 24 25 55 25 23
39 55 22 26 54 27 23
39 54 24 27 55 26 20
39 55 24 26 54 25 20
39 53 24 26 54 21 24
39 51 23 19 55 25 25
39 53 23 26 54 26 23
39 51 23 24 55 26 22
39 55 24 22 55 26 24
39 55 23 21 54 22 24
39 56 24 22 54 10 24
39 53 26 20 56 13 24
39 55 27 21 55 13 26
39 57 25 22 54 14 26
39 56 22 24 57 12 24
39 58 21 24 57 17 27
39 60 23 24 56 18 25
39 59 22 24 57 18 20
39 39 21 23 55 17 19
39 57 23 25 53 16 23
39 56 24 23 54 18 24
39 56 22 21 55 21 24
39 56 23 23 54 21 25
39 57 22 22 53 22 23
3 2 12 6 6 11 53
3 4 9 5 0 10 53
3 2 10 6 0 12 53
3 3 13 10 0 11 52
3 2 12 9 0 5 53
3 3 11 9 0 12 52
3 11 10 10 0 15 53
3 4 13 9 0 16 52
3 2 12 8 0 17 52
3 5 12 6 0 16 52
3 5 12 8 0 16 54
3 6 11 10 0 17 54
3 4 13 8 0 14 53
3 3 11 10 0 16 53
3 2 11 9 0 16 52
3 3 14 7 0 15 53
3 5 10 8 0 17 52
3 1 14 9 0 15 52
3 2 15 5 0 16 53
3 5 13 8 0 15 52
3 4 12 9 0 18 52
3 4 16 9 0 17 53
3 3 14 11 0 16 52
3 5 14 6 0 15 52
3 3 13 8 0 16 53
3 3 14 9 0 15 53
3 6 14 9 0 16 53
3 3 17 9 0 17 53
3 3 16 8 0 15 53
3 5 14 8 0 15 53
3 3 14 9 0 15 53
3 6 19 11 0 16 54
3 6 16 10 0 16 53
3 3 17 5 0 15 52
3 4 17 9 0 15 54
3 7 13 9 0 13 53
3 2 14 9 0 15 52
3 2 14 9 0 15 53
3 5 14 9 0 16 53
3 5 15 7 0 15 53
3 3 15 2 0 15 52
3 4 7 8 0 13 53
3 4 12 8 0 15 54
3 3 16 7 0 14 52
3 6 16 9 0 15 54
3 4 15 6 0 15 54
3 4 15 7 0 15 53
3 18 14 8 0 16 52
3 16 14 8 0 16 52
3 17 13 8 0 17 54
3 12 13 6 0 16 52
3 15 13 8 0 16 52
3 5 14 7 0 15 51
3 7 13 5 0 15 53
3 5 14 7 0 15 51
3 0 12 9 0 16 53
3 0 16 8 0 16 53
3 0 13 9 0 8 52
3 0 14 7 0 14 53
3 0 13 2 0 16 53
3 0 12 8 0 16 52
3 0 12 9 0 16 54
3 0 12 9 0 15 52
3 0 14 10 0 18 53
3 0 15 9 0 18 53
3 0 14 6 0 15 52
3 0 15 6 0 17 52
3 0 8 9 0 16 52
3 0 15 7 0 17 54
3 0 17 10 0 19 52
3 0 15 7 0 17 53
3 0 14 8 0 17 53
3 0 11 10 0 17 32
3 0 16 2 0 14 52
3 0 16 6 0 12 52
3 0 14 9 0 12 52
3 0 13 9 0 12 52
3 0 13 9 0 15 53
3 0 13 6 0 13 52
3 0 15 5 0 14 52
3 0 15 6 0 12 53
3 0 14 7 0 12 54
3 0 14 7 0 13 53
3 0 17 6 0 10 53
3 0 14 3 0 11 54
3 0 6 8 0 15 48
3 0 14 9 0 16 53
3 0 13 8 0 14 53
3 0 12 6 0 14 53
3 0 15 7 0 15 53
3 0 15 3 0 14 53
3 0 12 7 0 10 53
3 0 15 7 0 11 53
3 0 15 7 0 14 53
3 0 14 6 0 18 53
3 0 11 7 0 18 52
3 0 13 7 0 16 53
3 0 11 6 0 14 53
3 0 11 7 0 15 52
3 0 9 8 0 15 53
40 23 18 17 33 55 27
40 39 19 16 37 56 27
40 38 11 14 46 70 37
40 52 12 21 44 61 36
40 50 13 22 43 63 45
40 48 13 13 43 13 44
40 48 17 22 39 65 43
40 44 15 18 37 70 43
40 46 20 23 38 61 47
40 45 16 23 39 64 33
40 47 26 22 40 55 18
40 46 24 24 38 52 18
40 48 23 25 44 47 19
40 47 22 26 43 30 25
40 44 24 25 41 35 25
40 43 23 24 42 35 25
40 42 18 24 33 34 26
40 40 21 26 33 32 26
40 40 20 25 34 29 25
40 39 25 22 35 33 22
40 37 25 24 39 34 22
40 47 26 29 37 35 29
40 47 26 27 42 35 26
40 49 26 16 37 35 28
40 48 26 29 41 36 28
40 49 27 29 39 41 27
40 47 25 27 40 41 27
40 49 25 29 41 39 26
40 47 20 28 37 39 29
40 43 25 25 39 37 29
40 44 24 26 38 38 28
40 47 24 26 38 38 25
40 45 22 28 45 39 26
40 48 23 24 45 38 29
40 45 22 27 48 41 30
40 43 21 24 46 37 29
40 41 21 27 44 47 28
40 42 20 27 43 46 27
40 23 20 30 43 46 31
40 47 19 29 47 46 28
40 49 21 30 47 44 28
40 48 19 30 43 45 28
40 48 25 27 38 42 31
40 47 24 27 38 43 27
40 46 21 27 38 49 31
40 45 19 23 39 48 30
40 45 20 21 42 50 31
40 48 20 29 43 43 27
40 49 20 29 40 46 28
40 45 21 30 43 46 28
40 45 21 29 43 46 28
40 46 20 28 46 51 26
40 47 19 28 41 49 29
40 46 19 31 41 45 30
40 45 21 25 41 45 34
40 46 21 24 42 44 34
40 46 24 27 41 46 27
40 41 23 25 42 44 23
40 40 23 26 36 44 24
40 40 22 26 35 45 26
40 47 21 29 35 42 30
40 47 21 29 40 45 30
40 42 22 26 41 44 29
40 43 20 24 44 44 28
40 44 19 26 41 46 28
40 49 18 26 41 46 27
40 50 20 24 34 45 28
40 49 19 21 42 47 30
40 49 20 23 41 46 30
40 43 18 23 42 47 29
40 44 19 26 37 41 29
40 45 12 25 42 42 30
40 42 21 25 42 44 29
40 44 20 25 40 45 30
40 45 22 26 42 44 31
40 47 20 25 42 43 30
40 47 23 25 42 44 31
40 46 22 22 39 43 30
40 47 20 28 41 42 30
40 47 21 28 41 45 27
40 47 20 28 44 45 28
40 46 20 28 41 45 28
40 46 21 27 41 46 28
40 46 21 26 42 47 30
40 48 20 24 41 47 26
40 48 22 24 42 45 28
40 47 22 24 43 47 27
40 46 20 25 41 37 28
40 47 20 21 41 46 32
40 45 21 22 40 47 32
40 26 22 25 42 47 32
40 47 22 22 41 45 32
40 50 22 22 42 46 32
40 48 21 24 42 46 32
40 49 22 24 41 46 32
40 53 22 25 40 45 32
40 54 22 26 44 45 32
40 53 23 23 45 45 31
40 53 23 21 34 44 30
40 53 22 25 45 44 30
42 42 28 26 24 32 23
42 43 27 24 25 31 23
42 42 28 27 23 30 21
42 43 28 24 24 29 22
42 43 26 26 25 31 23
42 42 28 24 25 30 22
42 41 28 25 25 29 21
42 42 26 24 25 31 25
42 42 27 25 24 30 24
42 42 26 23 32 31 24
42 42 28 25 33 30 22
42 42 27 26 33 30 22
42 42 27 26 33 31 23
42 43 29 26 32 32 23
42 42 29 26 33 31 23
42 43 30 25 33 31 23
42 43 30 24 33 31 23
42 42 30 24 33 31 22
42 43 30 24 33 30 24
42 42 30 24 32 31 22
42 43 29 26 32 32 22
42 43 30 27 31 30 23
42 43 28 27 32 31 20
42 43 30 27 32 32 22
42 42 30 25 32 31 20
42 43 29 26 31 32 23
42 42 32 26 31 32 22
42 43 30 26 32 33 22
42 41 30 25 32 32 23
42 43 30 27 31 32 22
42 42 30 26 31 32 22
42 42 30 26 31 33 23
42 43 31 25 31 32 23
42 42 31 26 32 32 22
42 42 30 25 32 33 23
42 42 30 26 32 32 23
42 43 31 24 31 32 22
42 42 28 23 32 32 23
42 42 30 25 32 33 22
42 43 30 25 32 33 21
42 42 32 26 32 33 24
42 42 31 25 32 32 23
42 42 30 25 33 32 23
42 43 30 27 33 32 23
42 44 32 26 33 32 23
42 44 31 26 32 32 23
42 44 30 26 32 32 23
42 44 29 28 33 33 22
42 43 29 27 33 33 22
42 42 31 25 33 32 22
42 43 31 26 31 32 22
42 43 31 26 33 32 22
42 43 32 27 33 32 21
42 42 30 25 33 33 22
42 43 29 24 33 32 23
42 42 31 24 32 32 22
42 42 30 25 34 33 22
42 44 31 26 33 33 23
42 43 29 25 33 33 23
42 41 30 27 33 33 23
42 43 31 26 33 32 22
42 42 31 25 32 31 22
42 43 29 24 31 32 22
42 43 30 25 32 32 22
42 44 30 26 33 34 23
42 43 30 27 33 33 23
42 42 30 27 32 32 22
42 43 30 26 33 33 22
42 42 29 25 32 31 22
42 42 30 24 31 32 22
42 43 29 24 32 32 21
42 42 31 26 33 32 22
42 41 31 24 32 34 22
42 41 29 25 32 33 22
42 42 30 25 32 33 22
42 43 29 26 31 32 22
42 43 29 24 30 33 21
42 43 31 25 32 32 22
42 43 30 26 31 30 23
42 43 30 27 32 31 22
42 44 29 24 32 31 22
42 42 29 26 32 32 23
42 41 30 27 32 34 22
42 41 30 25 34 34 22
42 42 29 25 33 32 21
42 42 29 25 33 32 23
42 42 29 25 33 33 23
42 42 30 25 32 31 22
42 43 31 24 32 32 23
42 43 31 25 33 32 22
42 43 31 25 34 32 21
42 41 31 26 32 32 22
42 42 31 25 32 33 22
42 37 31 24 33 31 22
42 41 32 25 34 32 22
42 43 30 24 34 33 22
42 42 31 24 32 34 23
42 43 29 25 32 33 24
42 44 29 26 32 32 25
42 43 30 25 31 32 22
44 33 20 22 26 43 27
44 34 21 21 25 43 28
44 33 21 22 25 42 26
44 33 19 21 25 44 26
44 33 20 21 25 44 26
44 34 20 23 25 43 25
44 34 20 23 27 43 25
44 33 20 22 25 43 25
44 33 20 23 24 43 26
44 33 20 23 25 44 26
44 34 19 21 25 43 25
44 34 20 22 25 44 25
44 33 20 22 24 44 25
44 33 21 21 23 43 26
44 33 21 21 25 43 26
44 33 20 22 28 43 25
44 33 21 22 25 44 25
44 34 21 22 25 44 25
44 33 18 22 26 44 21
44 33 20 22 26 44 25
44 33 19 21 25 43 24
44 33 22 21 26 43 23
44 33 19 23 26 42 18
44 34 19 21 24 43 18
44 35 20 22 25 44 23
44 34 21 21 25 43 25
44 34 20 21 25 43 24
44 34 20 23 25 43 22
44 33 20 23 25 44 20
44 33 20 21 26 43 20
44 32 21 21 25 43 22
44 34 20 18 24 43 25
44 33 19 18 26 42 25
44 34 21 25 24 43 23
44 34 19 25 24 42 26
44 34 21 18 25 43 24
44 34 21 23 25 42 23
44 33 20 21 25 42 24
44 33 18 21 24 43 26
44 33 18 19 26 43 25
44 33 21 20 25 42 26
44 33 22 20 25 43 24
44 34 20 22 27 43 27
44 35 20 21 26 42 25
44 34 20 21 25 43 23
44 33 19 20 24 43 28
44 34 20 21 25 43 27
44 33 20 21 27 42 28
44 33 20 21 25 42 24
44 34 20 23 25 43 26
44 33 21 22 26 43 28
44 33 20 21 26 42 27
44 33 19 23 26 43 23
44 33 21 22 25 43 23
44 33 19 24 25 42 20
44 32 20 25 25 43 23
44 33 20 25 26 43 20
44 34 19 24 26 44 24
44 34 20 25 27 43 23
44 34 20 26 26 43 22
44 33 21 25 26 42 22
44 34 21 24 26 43 29
44 33 22 24 26 43 24
44 32 21 23 26 43 27
44 33 22 24 26 43 24
44 35 20 22 26 44 23
44 35 25 23 26 44 28
44 33 25 22 24 44 29
44 33 24 23 26 44 26
44 34 25 23 25 43 23
44 33 25 24 25 43 23
44 34 24 24 26 44 23
44 33 25 25 26 45 26
44 33 24 21 25 43 27
44 33 25 23 27 43 26
44 33 24 22 24 43 26
44 34 24 22 27 42 26
44 34 25 22 25 42 26
44 33 25 23 27 42 26
44 33 25 24 25 43 26
44 34 25 27 25 43 26
44 33 24 26 24 43 26
44 33 25 18 25 38 27
44 33 25 24 25 42 26
44 34 25 23 25 42 26
44 34 25 24 26 43 26
44 34 24 24 25 43 27
44 33 25 23 24 43 25
44 33 25 24 24 44 25
44 34 25 24 25 43 26
44 32 23 24 24 44 27
44 33 25 24 26 43 26
44 33 25 24 24 43 26
44 33 25 22 25 41 25
44 34 25 22 25 42 26
44 34 25 23 25 42 26
44 34 24 23 25 42 27
44 34 23 23 26 42 25
44 33 25 23 26 45 26
44 34 25 24 25 45 26
45 29 31 37 18 47 30
45 30 31 37 17 46 30
45 30 30 37 19 46 29
45 30 32 37 19 46 29
45 30 32 37 20 47 29
45 30 32 37 19 46 30
45 30 32 37 19 46 28
45 28 31 38 19 47 29
45 29 31 37 18 46 29
45 29 31 38 20 46 30
45 30 30 38 19 47 29
45 30 31 38 19 46 29
45 28 31 37 19 46 29
45 28 31 38 18 46 29
45 29 32 38 20 46 27
45 31 32 38 19 46 30
45 28 32 38 20 46 33
45 28 31 37 19 46 31
45 30 31 38 20 47 29
45 30 32 38 18 46 31
45 29 31 37 18 46 29
45 30 32 38 20 68 28
45 30 32 37 19 52 28
45 28 32 33 20 53 30
45 28 30 33 19 46 35
45 30 31 33 19 46 32
45 29 30 33 20 46 30
45 30 31 33 19 46 29
45 29 31 33 20 45 29
45 27 32 34 19 47 29
45 28 32 33 19 46 29
45 28 32 33 19 46 28
45 29 31 34 18 46 29
45 30 31 32 19 47 30
45 30 30 33 20 46 28
45 28 32 33 19 46 28
45 30 32 34 20 46 29
45 29 32 34 19 46 27
45 30 32 33 19 46 31
45 30 32 33 19 46 29
45 30 31 34 19 46 30
45 30 32 33 19 49 29
45 30 32 32 19 51 29
45 28 32 33 20 48 28
45 30 32 34 19 53 27
45 30 30 33 19 51 31
45 29 32 33 20 48 31
45 29 31 33 19 46 28
45 30 31 34 18 47 29
45 28 32 33 18 46 29
45 29 32 33 19 47 28
45 28 31 33 20 48 28
45 30 32 33 19 24 29
45 30 31 33 19 46 29
45 28 31 33 19 46 30
45 30 31 33 20 46 28
45 29 31 33 21 46 26
45 28 32 34 20 47 26
45 30 32 33 20 46 25
45 29 32 33 19 46 26
45 28 32 33 19 45 27
45 29 30 33 18 46 28
45 30 32 32 19 47 30
45 30 33 33 20 46 30
45 32 32 33 19 46 30
45 32 32 32 19 46 29
45 32 31 33 19 46 30
45 34 31 33 29 46 29
45 34 31 33 29 46 29
45 34 31 32 29 47 28
45 31 30 33 29 47 30
45 31 32 33 28 47 28
45 33 32 33 29 47 29
45 32 31 33 30 46 28
45 32 31 33 29 47 28
45 32 27 33 29 47 28
45 31 28 33 30 46 28
45 34 29 33 29 46 31
45 34 28 33 29 46 25
45 34 28 33 30 46 27
45 34 27 33 30 46 26
45 34 28 33 29 46 27
45 34 28 33 29 47 27
45 32 28 33 29 46 28
45 34 27 33 29 46 29
45 32 27 33 29 46 29
45 33 28 33 30 46 30
45 32 28 33 30 45 30
45 33 28 33 30 46 31
45 33 27 33 29 46 31
45 34 27 33 29 47 30
45 34 26 33 30 51 31
45 34 28 33 29 47 31
45 33 28 33 30 46 27
45 33 28 33 30 46 30
45 33 28 33 28 46 31
45 32 28 33 29 47 28
45 33 28 33 28 46 29
45 32 27 33 29 47 28
45 33 28 33 29 45 27
46 24 50 35 13 18 17
46 27 48 36 13 23 15
46 27 48 36 19 22 18
46 36 48 39 20 27 26
46 38 48 29 11 27 28
46 38 48 29 14 25 28
46 43 47 29 32 25 22
46 41 36 31 32 24 20
46 42 36 31 34 25 19
46 39 36 32 34 22 16
46 35 37 34 23 22 19
46 36 45 31 27 24 18
46 38 43 31 27 25 18
46 36 48 31 33 27 21
46 48 48 37 32 23 20
46 44 32 37 28 25 24
46 16 43 34 29 25 28
46 42 47 33 25 26 26
46 42 45 35 27 27 24
46 44 26 33 33 27 24
46 45 23 35 28 27 25
46 43 40 35 29 27 25
46 43 44 35 28 25 24
46 44 44 33 30 25 25
46 43 45 34 30 25 25
46 43 44 34 28 24 25
46 42 45 34 28 24 26
46 44 45 35 29 25 26
46 43 46 34 29 24 26
46 43 45 34 29 22 26
46 44 45 35 30 26 26
46 43 45 32 30 24 25
46 43 45 34 30 24 27
46 44 46 34 30 25 27
46 44 46 34 30 24 25
46 43 47 34 31 25 24
46 40 47 34 31 25 27
46 44 47 35 31 25 25
46 42 48 35 31 24 24
46 43 47 35 31 24 24
46 43 47 34 31 24 24
46 43 47 34 31 25 25
46 42 47 31 31 30 23
46 43 48 33 31 29 23
46 42 48 34 30 31 27
46 43 51 33 27 31 23
46 46 48 31 26 31 28
46 44 48 33 26 29 26
46 44 49 32 27 32 23
46 44 48 31 27 28 24
46 42 48 32 27 29 24
46 44 48 31 27 30 24
46 45 47 33 27 30 26
46 44 47 32 28 30 26
46 44 49 31 27 29 26
46 42 47 32 27 29 26
46 41 46 31 27 31 22
46 44 47 30 28 31 21
46 44 47 32 27 30 24
46 46 48 31 26 31 23
46 46 47 31 26 33 25
46 45 42 31 27 33 22
46 45 48 32 26 32 23
46 45 48 33 27 32 23
46 46 49 32 28 33 21
46 47 48 32 27 33 22
46 47 49 30 28 31 26
46 45 48 31 27 33 24
46 47 49 32 28 31 25
46 46 49 32 27 31 19
46 46 49 32 27 32 20
46 46 49 32 26 32 25
46 46 49 30 27 32 24
46 45 49 30 27 33 24
46 48 48 29 28 33 22
46 46 50 31 28 34 25
46 46 49 30 28 33 24
46 45 51 31 26 34 22
46 46 50 31 26 33 23
46 45 51 31 25 33 25
46 46 51 32 28 34 24
46 46 49 31 26 33 22
46 46 49 32 26 32 25
46 47 49 31 27 33 27
46 47 49 30 28 34 24
46 46 47 33 26 34 26
46 47 46 31 26 34 24
46 47 46 32 26 34 24
46 47 42 31 27 35 21
46 49 41 32 26 34 25
46 47 43 32 27 35 26
46 49 43 32 26 34 26
46 49 42 31 26 35 26
46 49 42 32 27 34 26
46 48 44 31 26 35 24
46 47 37 32 27 35 22
46 50 43 32 26 33 22
46 49 46 31 25 33 22
46 47 47 32 25 33 27
46 47 45 31 26 35 22
47 52 44 37 37 30 28
47 51 45 35 37 30 28
47 51 44 37 37 30 28
47 52 44 37 37 30 28
47 51 44 37 36 29 26
47 52 45 37 37 30 27
47 51 44 38 37 29 28
47 53 45 37 37 29 28
47 52 44 37 37 30 27
47 51 44 35 37 30 28
47 50 45 36 37 30 27
47 52 45 36 37 29 28
47 51 44 37 37 29 28
47 53 44 35 37 29 28
47 52 44 35 37 30 27
47 52 42 35 37 30 26
47 53 44 36 38 30 28
47 52 43 35 37 30 28
47 51 44 37 37 30 27
47 52 44 37 37 30 27
47 52 44 33 37 30 26
47 52 45 35 38 30 28
47 53 45 35 37 31 28
47 53 44 33 37 30 28
47 51 44 33 37 30 28
47 52 44 34 37 30 28
47 51 45 35 37 31 28
47 51 44 35 37 30 28
47 51 44 36 37 31 27
47 51 44 36 37 31 26
47 51 46 36 37 30 28
47 51 45 35 37 30 26
47 52 45 35 37 30 28
47 53 44 35 37 30 27
47 52 45 35 37 31 28
47 53 45 35 37 30 27
47 52 44 37 37 31 26
47 51 43 35 37 30 28
47 45 41 37 37 30 27
47 29 40 36 37 30 27
47 52 45 36 37 30 27
47 52 44 37 37 31 28
47 52 44 36 37 31 27
47 52 45 35 38 31 27
47 51 45 37 33 30 28
47 50 44 37 33 30 26
47 53 44 36 33 30 28
47 52 44 38 32 30 28
47 51 44 37 33 39 27
47 52 43 38 33 39 28
47 52 45 38 33 39 27
47 52 44 39 33 39 27
47 51 46 38 33 39 28
47 52 44 38 33 39 26
47 53 44 38 33 39 26
47 52 44 37 33 39 27
47 51 44 38 33 39 28
47 50 44 37 33 39 26
47 51 45 39 33 39 26
47 53 45 37 33 38 27
47 51 44 38 31 36 27
47 52 44 37 30 38 27
47 52 45 39 33 39 27
47 51 46 38 31 39 26
47 52 45 37 33 39 26
47 51 44 37 32 38 26
47 52 45 38 33 39 27
47 52 43 37 33 38 28
47 52 45 37 33 39 27
47 51 46 39 33 39 27
47 53 46 37 33 38 26
47 45 46 38 33 37 27
47 43 47 37 33 38 27
47 45 46 37 33 38 27
47 45 46 37 33 40 25
47 45 46 37 33 40 26
47 44 46 39 33 38 25
47 44 46 38 33 40 27
47 45 46 38 32 41 28
47 45 46 37 32 38 25
47 44 38 38 33 39 28
47 45 47 37 33 40 25
47 44 45 37 33 40 28
47 45 46 37 32 41 27
47 44 45 38 33 41 25
47 45 47 37 33 39 27
47 44 46 38 33 41 28
47 45 45 38 32 40 26
47 44 46 37 28 40 27
47 44 47 38 28 41 26
47 44 46 37 29 39 27
47 44 46 37 28 39 26
47 45 46 38 28 40 26
47 44 46 37 28 40 28
47 45 45 38 29 40 26
47 44 47 39 29 41 27
47 44 46 37 28 40 28
47 45 45 39 28 38 28
47 45 46 37 28 40 26
47 44 46 37 27 41 27
48 42 37 33 31 40 41
48 37 36 31 31 41 41
48 41 37 32 29 41 36
48 40 37 33 29 41 36
48 42 35 33 29 40 42
48 41 37 33 28 41 41
48 42 36 33 31 40 40
48 43 36 32 30 41 40
48 42 37 32 29 41 40
48 41 37 33 29 41 40
48 42 37 33 29 40 40
48 42 36 33 29 39 41
48 41 37 33 30 41 40
48 41 37 33 29 41 40
48 42 37 33 29 40 41
48 41 37 33 29 41 41
48 42 37 33 31 40 41
48 40 36 33 30 41 41
48 41 37 32 29 40 41
48 41 36 33 28 41 40
48 39 36 32 28 40 40
48 39 36 33 28 40 41
48 41 35 33 29 41 40
48 41 36 33 30 41 41
48 40 37 33 30 41 41
48 40 36 33 28 41 41
48 40 37 33 27 40 41
48 39 36 33 29 40 42
48 40 37 32 28 39 41
48 40 36 33 27 41 41
48 40 37 32 27 41 41
48 41 37 33 28 41 41
48 41 37 33 27 41 41
48 41 37 33 28 40 40
48 41 37 32 27 41 41
48 41 37 32 28 41 41
48 41 37 32 28 42 42
48 30 37 31 29 39 40
48 41 37 32 28 40 40
48 39 37 33 27 40 40
48 41 37 33 28 40 38
48 42 35 32 28 41 38
48 41 37 32 28 41 39
48 40 36 33 29 41 40
48 41 37 33 28 39 39
48 41 36 33 27 40 41
48 40 37 32 28 40 41
48 40 37 32 27 40 42
48 39 37 32 28 41 43
48 41 37 32 27 40 38
48 41 37 32 26 40 42
48 41 36 33 27 40 42
48 40 37 33 27 40 42
48 41 37 33 26 41 42
48 41 38 33 28 42 41
48 40 37 32 29 41 40
48 41 37 33 31 41 42
48 40 38 33 30 40 40
48 40 38 32 26 41 41
48 39 37 33 26 41 40
48 39 36 32 26 41 38
48 41 37 32 27 40 38
48 40 37 32 28 40 37
48 40 38 32 29 41 39
48 40 36 32 28 41 40
48 41 37 32 26 41 41
48 41 37 32 26 42 37
48 40 37 32 25 41 38
48 40 37 31 26 41 37
48 41 38 32 28 41 32
48 41 38 32 29 41 32
48 42 37 33 29 40 33
48 41 37 32 26 40 34
48 45 37 33 26 40 32
48 45 36 32 26 41 33
48 45 35 32 28 39 37
48 46 38 33 28 41 38
48 45 36 31 26 41 37
48 45 37 32 27 41 36
48 45 37 33 27 40 28
48 44 38 32 29 41 33
48 45 38 32 27 40 35
48 45 38 32 27 41 33
48 46 36 32 27 40 33
48 44 38 33 28 40 34
48 45 38 33 27 40 36
48 46 37 33 26 40 35
48 44 38 32 28 41 33
48 46 38 33 28 40 34
48 45 37 31 28 40 34
48 46 38 33 31 41 33
48 45 38 33 28 41 34
48 45 38 33 31 42 34
48 46 36 33 31 41 33
48 45 35 33 31 42 35
48 45 35 33 39 42 35
48 46 37 33 40 42 34
48 45 37 33 39 42 33
48 45 38 33 40 42 33
48 45 37 32 40 42 34
49 38 39 40 36 30 25
49 39 38 40 36 29 26
49 38 38 35 36 29 26
49 39 38 36 35 34 24
49 40 39 36 37 37 25
49 39 40 35 37 36 24
49 39 39 34 37 32 24
49 38 39 34 37 31 26
49 38 39 35 36 34 24
49 38 38 36 37 34 26
49 39 39 35 35 32 26
49 39 40 36 35 33 27
49 38 39 36 36 36 25
49 38 40 35 37 34 23
49 39 39 35 36 35 22
49 39 38 35 35 32 23
49 38 37 35 36 34 23
49 39 37 37 36 33 15
49 39 38 36 36 34 24
49 39 38 38 36 33 23
49 40 39 37 37 34 23
49 39 40 37 37 33 23
49 38 40 37 35 33 24
49 39 40 37 35 32 23
49 37 40 38 36 33 23
49 38 39 35 36 29 22
49 39 39 35 37 35 23
49 38 40 38 35 34 23
49 40 40 37 36 33 23
49 39 40 37 36 33 23
49 39 40 37 36 38 24
49 38 41 38 37 37 23
49 49 40 36 36 37 23
49 48 41 36 36 32 21
49 48 36 37 37 35 23
49 48 38 36 36 34 24
49 50 37 37 36 34 24
49 48 40 34 37 33 24
49 48 36 38 34 34 20
49 49 39 38 34 34 29
49 48 37 38 33 35 27
49 49 38 38 34 29 28
49 49 39 33 33 28 28
49 47 39 37 34 28 25
49 49 40 38 34 28 27
49 48 40 36 34 29 27
49 48 40 40 33 28 25
49 48 42 38 34 29 27
49 49 43 41 34 31 11
49 48 44 39 34 31 13
49 48 43 39 35 30 0
49 48 44 41 33 30 0
49 48 40 41 34 28 0
49 48 40 43 33 28 0
49 48 40 43 34 25 0
49 49 46 37 32 28 0
49 48 46 39 34 27 0
49 48 41 39 35 32 0
49 47 41 35 33 31 0
49 49 41 35 33 28 0
49 49 40 36 33 26 0
49 48 41 43 35 29 0
49 48 44 43 34 26 0
49 47 37 39 34 28 0
49 48 39 39 35 27 0
49 48 39 38 34 25 0
49 48 40 37 34 30 0
49 49 40 42 35 30 0
49 47 40 42 35 27 0
49 48 41 42 35 29 0
49 49 39 43 33 29 0
49 48 45 42 34 30 0
49 50 46 39 35 25 0
49 49 46 35 34 26 0
49 48 47 36 34 26 0
49 49 47 36 34 27 0
49 47 41 36 34 30 0
49 49 41 39 34 29 0
49 51 43 39 35 29 0
49 48 39 39 34 27 0
49 50 39 35 34 28 0
49 48 42 35 35 28 0
49 49 38 34 34 28 0
49 49 39 34 33 28 0
49 48 40 37 33 27 0
49 49 43 36 33 28 0
49 48 44 36 34 28 0
49 48 45 39 33 28 0
49 48 47 37 34 27 0
49 48 39 41 34 27 0
49 50 42 39 33 27 0
49 48 41 40 34 26 0
49 48 41 38 32 26 0
49 50 46 43 34 26 0
49 49 39 44 33 26 0
49 49 45 38 32 25 0
49 48 47 39 32 26 0
49 49 44 38 33 26 0
49 49 43 39 34 26 0
49 47 42 41 34 25 0
4 4 15 10 0 20 45
4 4 13 9 0 21 46
4 5 16 8 0 19 45
4 3 17 9 0 19 44
4 6 14 11 0 19 46
4 2 17 9 0 16 45
4 7 20 9 0 18 45
4 7 19 8 0 18 44
4 7 19 9 0 18 45
4 0 17 9 0 17 44
4 0 17 8 0 19 45
4 0 19 7 0 18 45
4 0 17 7 0 19 44
4 0 18 7 0 19 45
4 0 18 8 0 18 45
4 0 18 8 0 17 45
4 0 16 9 0 14 45
4 0 16 7 0 18 45
4 0 16 8 0 17 44
4 0 18 9 0 15 44
4 0 17 9 0 18 43
4 0 17 8 0 17 44
4 0 18 8 0 16 43
4 0 18 10 0 22 43
4 0 17 7 0 23 43
4 0 17 7 0 21 44
4 0 18 9 0 19 44
4 0 18 8 0 24 43
4 0 19 12 0 23 43
4 0 20 12 0 24 43
4 0 19 12 0 22 42
4 0 18 12 0 24 43
4 0 19 11 0 21 42
4 0 20 10 0 20 42
4 0 19 12 0 19 44
4 0 18 12 0 20 43
4 0 19 10 0 21 43
4 0 18 11 0 20 44
4 0 19 12 0 17 44
4 0 18 11 0 19 44
4 0 18 11 0 19 43
4 0 17 11 0 18 42
4 0 17 12 0 20 42
4 0 20 12 0 21 44
4 0 16 11 0 20 45
4 0 19 9 0 19 44
4 0 20 11 0 18 45
4 0 19 12 0 18 46
4 0 18 9 0 17 44
4 0 19 9 0 20 43
4 0 17 12 0 20 44
4 0 18 10 0 20 42
4 0 16 12 0 19 44
4 0 19 11 0 20 44
4 0 16 11 0 21 43
4 0 10 12 0 20 45
4 0 15 11 0 20 45
4 0 15 11 0 20 45
4 0 16 10 0 18 45
4 0 12 10 0 16 46
4 0 14 11 0 17 47
4 0 14 13 0 19 47
4 0 13 12 0 20 45
4 0 13 10 0 20 45
4 0 15 3 0 20 44
4 0 15 13 0 19 44
4 0 16 11 0 20 42
4 0 16 10 0 16 44
4 0 15 9 0 19 45
4 0 13 2 0 20 45
4 0 15 9 0 20 45
4 0 16 8 0 19 45
4 0 16 9 0 20 42
4 0 16 9 0 21 43
4 0 15 6 0 20 45
4 0 14 10 0 19 44
4 0 15 7 0 21 45
4 0 17 8 0 18 45
4 0 15 8 0 20 43
4 0 15 10 0 18 47
4 0 16 8 0 24 45
4 0 15 9 0 24 44
4 0 15 9 0 25 45
4 0 16 9 0 24 44
4 0 15 8 0 24 44
4 0 15 0 0 23 46
4 0 15 0 0 24 44
4 0 15 0 0 20 44
4 0 15 0 0 23 45
4 0 14 0 0 23 45
4 0 15 0 0 25 44
4 0 16 0 0 24 44
4 0 14 0 0 21 44
4 0 16 0 0 23 46
4 0 13 0 0 21 46
4 0 12 0 0 22 44
4 0 15 0 0 23 45
4 0 13 0 0 23 45
4 0 16 0 0 22 46
4 0 15 0 0 23 45
50 36 38 43 33 25 16
50 35 38 43 35 34 16
50 35 38 43 35 34 19
50 36 40 44 35 32 14
50 36 38 45 35 33 15
50 35 36 45 35 36 13
50 35 37 43 36 33 17
50 35 38 44 35 30 18
50 35 37 45 36 30 17
50 36 38 42 34 27 16
50 37 39 42 37 28 20
50 38 37 41 34 28 19
50 36 37 41 35 29 17
50 37 37 42 35 28 18
50 36 37 41 34 29 16
50 36 37 42 35 29 16
50 35 36 42 34 29 17
50 36 36 42 33 28 15
50 37 36 43 31 29 16
50 36 36 42 32 28 17
50 37 36 43 33 28 18
50 36 36 43 33 28 18
50 35 37 44 32 28 16
50 36 36 44 33 28 17
50 34 35 44 34 28 17
50 37 35 44 33 26 16
50 36 36 44 33 26 16
50 35 36 43 32 27 17
50 36 36 43 33 28 17
50 36 36 42 34 28 16
50 36 37 42 34 27 18
50 36 37 43 32 28 18
50 36 35 43 32 28 16
50 37 36 44 32 27 17
50 36 36 41 32 27 18
50 36 35 41 33 27 26
50 35 34 42 33 28 24
50 36 34 41 34 28 24
50 36 36 42 33 28 25
50 36 36 40 33 27 26
50 35 37 41 33 29 0
50 36 36 41 34 25 0
50 37 37 41 32 24 0
50 37 36 41 33 24 0
50 35 36 39 34 25 0
50 35 36 39 33 24 0
50 35 36 41 34 23 0
50 35 37 41 33 23 0
50 37 36 40 34 24 0
50 36 37 41 34 25 0
50 36 35 41 32 25 0
50 35 37 39 33 25 0
50 36 36 40 33 24 0
50 35 37 40 33 24 0
50 37 37 40 33 24 0
50 36 37 41 34 24 0
50 37 36 42 33 25 0
50 37 35 42 35 24 0
50 37 36 41 34 24 0
50 36 36 41 34 24 0
50 36 36 40 33 24 0
50 37 35 41 34 24 0
50 37 35 41 34 24 0
50 36 35 41 34 22 0
50 36 35 40 34 24 0
50 37 36 42 33 25 0
50 36 35 41 34 24 0
50 36 35 43 33 25 0
50 37 36 42 33 25 0
50 37 35 42 35 23 0
50 36 35 43 33 25 0
50 36 36 41 33 23 0
50 36 36 42 33 25 0
50 36 36 42 34 36 0
50 36 35 41 33 36 0
50 37 35 41 33 36 0
50 36 35 41 33 36 0
50 36 35 42 33 35 0
50 36 35 41 33 40 0
50 36 37 41 34 38 0
50 36 35 42 34 36 0
50 37 35 42 32 36 0
50 38 36 41 33 36 0
50 38 35 42 33 35 0
50 38 35 42 41 35 0
50 37 35 42 41 35 0
50 36 35 42 41 36 0
50 36 35 42 41 36 0
50 37 36 41 42 36 0
50 37 35 41 43 36 0
50 38 36 41 41 36 0
50 37 36 42 41 35 0
50 36 35 41 41 36 0
50 36 36 41 41 36 0
50 36 35 40 42 35 0
50 37 35 41 42 35 0
50 37 35 42 41 36 0
50 36 35 42 41 36 0
50 37 36 41 41 37 0
50 37 35 41 41 36 0
51 38 28 48 44 36 16
51 39 27 50 44 35 15
51 37 27 49 44 39 20
51 36 27 48 45 35 19
51 37 28 48 45 39 14
51 37 28 48 44 39 18
51 38 27 48 44 40 17
51 35 28 48 43 35 15
51 36 27 48 34 32 14
51 38 29 48 35 34 14
51 38 28 48 34 34 14
51 37 29 49 35 34 15
51 37 27 48 35 34 15
51 37 28 48 35 34 15
51 37 28 47 32 34 18
51 37 28 49 33 35 19
51 37 27 48 34 33 14
51 37 27 48 33 33 15
51 37 29 48 33 33 16
51 37 29 48 33 35 14
51 38 27 49 33 34 17
51 37 28 49 34 36 17
51 38 28 48 35 35 18
51 37 29 48 35 34 0
51 37 28 48 34 34 0
51 37 28 41 34 34 0
51 37 27 48 34 34 0
51 37 26 48 37 35 0
51 37 27 48 36 35 0
51 37 26 48 35 34 0
51 37 26 49 35 35 0
51 38 27 48 35 34 0
51 38 28 45 36 34 0
51 37 27 49 35 35 0
51 38 27 49 34 34 0
51 38 28 48 35 35 0
51 37 28 48 34 34 0
51 37 27 48 35 34 0
51 38 29 49 35 34 0
51 38 28 48 35 35 0
51 37 28 47 37 34 0
51 37 27 47 35 34 0
51 37 27 47 34 35 0
51 38 28 48 35 34 0
51 37 29 47 34 35 0
51 38 29 50 35 34 0
51 38 29 49 34 35 0
51 38 28 48 34 34 0
51 37 27 48 35 34 0
51 38 28 48 36 34 0
51 38 28 48 35 35 0
51 38 27 49 34 34 0
51 37 27 47 34 35 0
51 38 28 48 34 34 0
51 38 29 48 35 34 0
51 37 28 48 34 34 0
51 37 28 49 34 34 0
51 37 28 48 35 34 0
51 37 28 47 35 35 0
51 37 27 48 36 34 0
51 38 29 48 36 35 0
51 37 29 49 34 34 0
51 38 29 49 35 34 0
51 38 27 48 35 30 0
51 38 27 48 35 31 0
51 39 28 48 34 29 0
51 37 28 48 35 30 0
51 37 28 47 34 31 0
51 37 27 49 34 30 0
51 38 27 48 34 31 0
51 36 28 49 34 29 0
51 38 27 49 34 31 0
51 37 28 48 35 30 0
51 37 28 48 35 30 0
51 37 28 48 34 29 0
51 37 28 48 34 29 0
51 37 28 48 34 30 0
51 38 27 49 35 29 0
51 37 27 49 35 30 0
51 37 30 49 35 30 0
51 38 28 47 35 30 0
51 38 28 49 35 30 0
51 38 27 48 35 30 0
51 38 28 48 34 30 0
51 37 28 49 35 30 0
51 38 28 48 35 30 0
51 37 28 49 35 30 0
51 37 27 48 35 30 0
51 37 28 48 35 30 0
51 37 27 48 35 30 0
51 37 28 48 36 30 0
51 38 27 48 35 30 0
51 38 27 48 35 30 0
51 36 27 49 36 30 0
51 38 27 47 35 30 0
51 38 27 48 34 30 0
51 38 27 48 35 30 0
51 38 28 48 35 30 0
51 38 27 49 34 30 0
51 38 28 49 35 30 0
52 36 23 39 46 29 16
52 35 27 38 46 30 11
52 35 24 38 46 31 16
52 34 22 38 45 30 14
52 34 23 39 53 30 15
52 34 24 38 51 31 17
52 33 23 39 52 31 21
52 33 23 38 53 31 20
52 38 23 38 53 30 24
52 41 24 38 52 30 14
52 43 23 38 52 31 16
52 42 25 38 52 30 14
52 34 24 39 52 29 18
52 42 23 38 52 29 18
52 42 24 38 52 26 19
52 45 24 40 52 25 18
52 43 27 41 52 24 16
52 43 26 39 52 29 20
52 43 25 38 53 24 18
52 43 23 39 52 25 16
52 47 23 38 53 26 15
52 47 24 38 52 26 16
52 44 24 37 51 26 14
52 41 25 39 52 25 16
52 41 25 38 52 25 17
52 39 24 39 52 27 19
52 39 23 39 52 25 16
52 38 26 39 53 25 14
52 41 26 39 52 27 19
52 40 26 38 52 26 0
52 39 28 38 52 26 0
52 37 28 38 52 26 0
52 42 25 38 52 26 0
52 41 27 38 52 26 0
52 40 26 38 52 27 0
52 41 27 38 52 27 0
52 40 27 38 52 28 0
52 39 26 37 52 26 0
52 39 26 38 52 26 0
52 41 27 38 30 25 0
52 41 26 39 52 28 0
52 39 27 38 52 26 0
52 39 26 37 52 28 0
52 40 27 37 53 26 0
52 40 28 37 52 26 0
52 40 26 38 52 26 0
52 39 26 38 53 26 0
52 41 26 38 52 25 0
52 40 25 38 52 26 0
52 40 26 38 53 26 0
52 39 24 37 52 26 0
52 38 25 36 53 26 0
52 40 26 38 52 26 0
52 39 26 37 52 27 0
52 39 26 38 54 27 0
52 40 26 37 53 28 0
52 39 26 38 52 27 0
52 39 25 38 52 26 0
52 39 26 42 52 25 0
52 39 27 42 52 26 0
52 39 25 41 53 25 0
52 38 25 42 52 27 0
52 38 28 42 52 24 0
52 40 25 41 52 26 0
52 39 27 43 52 25 0
52 39 27 43 53 25 0
52 39 26 42 53 29 0
52 39 27 42 53 27 0
52 38 26 42 53 29 0
52 39 26 42 53 27 0
52 38 27 43 52 26 0
52 39 27 41 54 29 0
52 48 25 42 54 20 0
52 50 25 42 54 27 0
52 49 27 42 53 23 0
52 48 27 42 53 25 0
52 48 27 42 53 19 0
52 49 26 42 52 20 0
52 49 27 42 52 21 0
52 48 26 42 53 23 0
52 49 28 40 52 24 0
52 49 26 42 53 23 0
52 50 27 42 52 24 0
52 49 27 42 53 26 0
52 48 26 43 52 26 0
52 49 25 43 53 26 0
52 48 29 43 53 25 0
52 50 27 42 53 23 0
52 48 27 42 52 23 0
52 48 27 41 52 26 0
52 48 28 41 52 23 0
52 49 28 42 52 24 0
52 48 26 41 52 24 0
52 48 26 41 52 23 0
52 49 26 43 52 24 0
52 49 26 41 53 23 0
52 48 27 42 53 24 0
52 48 28 42 53 24 0
52 48 27 42 52 24 0
52 49 26 42 53 24 0
53 44 31 39 40 25 16
53 44 31 38 39 25 15
53 45 32 40 40 25 16
53 45 32 39 42 26 19
53 45 32 39 41 25 17
53 44 32 39 41 27 17
53 44 32 39 41 26 15
53 45 32 38 40 26 15
53 45 32 39 39 27 18
53 45 32 40 39 27 15
53 46 32 40 44 25 18
53 46 33 40 44 25 17
53 44 32 40 42 26 20
53 45 31 35 41 25 13
53 45 31 36 39 26 15
53 45 33 44 44 26 15
53 45 32 38 41 25 15
53 45 32 38 43 26 14
53 45 32 39 41 33 18
53 45 32 37 39 32 15
53 44 32 39 40 32 15
53 44 32 39 41 32 14
53 43 32 39 40 33 14
53 45 32 40 40 32 16
53 45 32 40 39 33 15
53 45 32 39 41 30 0
53 44 32 40 39 30 0
53 45 31 38 39 33 0
53 46 32 38 40 32 0
53 45 32 39 40 32 0
53 37 31 39 39 32 0
53 45 32 38 39 33 0
53 44 31 39 39 32 0
53 45 32 39 40 33 0
53 44 33 40 40 31 0
53 45 31 34 41 32 0
53 44 32 33 40 33 0
53 44 32 34 40 31 0
53 46 32 40 40 34 0
53 45 31 37 41 33 0
53 44 32 40 40 32 0
53 45 32 39 40 33 0
53 45 32 38 40 33 0
53 46 31 39 40 32 0
53 45 32 40 40 26 0
53 46 31 39 41 27 0
53 45 31 39 40 26 0
53 44 32 39 39 28 0
53 45 32 40 39 28 0
53 45 33 38 40 27 0
53 46 33 40 41 27 0
53 46 33 40 41 28 0
53 45 31 40 41 25 0
53 44 32 35 41 28 0
53 46 37 39 40 25 0
53 46 32 39 40 26 0
53 45 34 39 41 27 0
53 44 32 39 39 27 0
53 45 32 39 39 25 0
53 44 36 38 42 25 0
53 44 33 40 40 27 0
53 44 32 40 39 27 0
53 44 32 38 39 25 0
53 45 31 39 40 26 0
53 45 32 40 40 27 0
53 46 32 38 12 26 0
53 44 32 40 39 25 0
53 44 31 39 38 27 0
53 44 32 38 41 25 0
53 44 32 39 40 27 0
53 45 32 39 40 26 0
53 45 32 38 39 27 0
53 45 33 37 41 25 0
53 46 32 38 41 26 0
53 45 32 38 40 26 0
53 46 32 38 39 27 0
53 46 27 37 42 27 0
53 44 33 37 41 26 0
53 46 33 39 40 25 0
53 46 33 37 41 27 0
53 45 32 38 41 27 0
53 44 32 38 41 27 0
53 45 32 38 40 25 0
53 44 32 38 41 29 0
53 44 33 39 39 31 0
53 46 33 39 40 31 0
53 44 33 37 41 31 0
53 46 31 38 41 31 0
53 46 32 38 41 29 0
53 46 31 37 40 30 0
53 44 33 38 41 29 0
53 46 32 38 40 29 0
53 45 32 38 40 31 0
53 44 32 38 41 30 0
53 45 33 38 40 30 0
53 44 32 39 39 30 0
53 46 32 39 39 31 0
53 45 32 38 40 31 0
53 43 32 39 41 31 0
53 40 32 38 41 29 0
54 44 32 39 35 33 17
54 46 32 39 36 32 17
54 45 31 40 35 33 16
54 45 33 40 36 33 17
54 44 31 41 35 33 16
54 45 32 41 35 34 18
54 43 33 40 36 33 14
54 44 32 40 36 32 20
54 43 32 41 36 33 16
54 46 32 40 36 32 16
54 44 33 41 36 32 17
54 46 33 41 34 32 17
54 45 32 40 37 32 18
54 44 32 40 36 32 16
54 45 32 40 35 33 16
54 44 34 40 36 33 17
54 45 33 41 37 33 17
54 44 32 41 36 33 19
54 45 32 40 37 32 16
54 45 33 40 36 33 19
54 44 32 40 36 32 17
54 45 32 40 36 32 18
54 44 32 41 37 33 15
54 45 32 40 37 31 15
54 44 31 40 36 30 16
54 44 32 40 36 30 15
54 45 31 39 36 32 15
54 46 32 39 36 32 15
54 45 32 41 36 32 15
54 46 32 40 37 36 14
54 46 32 39 36 32 15
54 44 32 39 36 32 20
54 44 32 40 36 30 21
54 44 32 41 36 33 17
54 44 31 41 36 31 20
54 45 32 42 37 30 20
54 46 33 41 35 30 21
54 45 32 40 36 30 20
54 43 32 39 36 31 20
54 44 32 39 36 30 25
54 45 32 39 34 30 25
54 45 33 41 35 30 26
54 47 33 40 35 31 27
54 45 33 40 34 30 23
54 45 33 41 36 31 20
54 44 33 40 36 31 19
54 44 32 40 36 30 19
54 45 32 40 34 31 19
54 45 33 40 36 31 17
54 45 33 39 36 31 0
54 44 33 39 36 31 0
54 44 32 40 34 30 0
54 43 33 41 36 30 0
54 43 32 40 34 31 0
54 43 33 39 36 30 0
54 44 32 40 35 30 0
54 45 32 39 36 30 0
54 44 32 39 34 29 0
54 45 33 40 35 31 0
54 45 32 37 34 31 0
54 44 34 39 36 32 0
54 45 34 38 35 32 0
54 45 34 39 35 31 0
54 43 36 39 35 31 0
54 45 35 40 36 31 0
54 45 34 38 36 31 0
54 46 36 38 37 31 0
54 41 34 40 37 31 0
54 43 35 38 36 30 0
54 42 33 40 36 31 0
54 41 34 39 35 30 0
54 43 33 38 33 30 0
54 41 35 38 36 30 0
54 42 34 40 36 30 0
54 43 34 39 36 31 0
54 44 35 37 36 32 0
54 42 35 40 36 31 0
54 43 35 38 36 31 0
54 44 34 39 35 31 0
54 44 35 39 36 31 0
54 43 35 39 36 32 0
54 43 34 39 36 32 0
54 42 35 39 36 31 0
54 43 35 38 35 28 0
54 41 35 39 36 27 0
54 43 35 39 34 27 0
54 42 35 38 36 27 0
54 44 34 39 34 27 0
54 43 36 39 35 26 0
54 44 34 40 37 28 0
54 43 36 39 36 27 0
54 43 36 39 36 27 0
54 42 34 38 35 27 0
54 42 34 39 36 26 0
54 43 34 38 36 27 0
54 42 34 40 36 27 0
54 42 36 39 36 26 0
54 43 34 38 36 27 0
54 41 35 38 35 26 0
54 43 34 38 36 26 0
55 46 35 38 38 32 21
55 47 34 39 39 33 21
55 47 35 38 38 33 19
55 45 35 39 39 33 20
55 46 35 43 37 33 19
55 46 35 38 39 33 18
55 46 35 43 39 25 0
55 47 36 38 37 27 0
55 46 35 40 39 27 0
55 45 35 40 39 27 0
55 45 35 38 39 27 0
55 46 34 37 38 28 0
55 46 35 38 40 26 0
55 47 35 36 39 27 0
55 45 35 37 39 27 0
55 46 35 38 37 27 0
55 46 35 39 38 26 0
55 47 35 38 39 28 0
55 45 35 37 39 27 0
55 47 35 38 38 28 0
55 45 36 38 39 27 0
55 46 35 38 38 28 0
55 47 34 37 38 27 0
55 47 35 38 38 28 0
55 46 34 38 38 28 0
55 46 35 38 39 28 0
55 47 36 38 38 27 0
55 45 35 37 37 28 0
55 46 34 38 38 26 0
55 46 35 38 38 27 0
55 46 34 38 38 26 0
55 45 35 39 37 27 0
55 46 35 38 39 28 0
55 46 35 38 35 28 0
55 47 35 38 36 28 0
55 47 35 38 42 28 0
55 46 35 37 38 28 0
55 45 35 38 42 27 0
55 46 35 37 41 27 0
55 47 34 37 38 27 0
55 46 35 38 38 28 0
55 47 35 39 38 27 0
55 47 35 38 38 27 0
55 47 35 38 38 27 0
55 46 35 38 38 28 0
55 46 35 39 38 26 0
55 45 36 38 38 28 0
55 47 34 38 38 27 0
55 46 35 38 38 28 0
55 45 35 38 39 26 0
55 47 35 39 38 26 0
55 45 34 37 37 27 0
55 47 35 37 37 26 0
55 45 35 37 38 28 0
55 46 35 38 38 27 0
55 47 35 38 39 28 0
55 47 35 39 38 28 0
55 47 35 39 38 28 0
55 45 35 38 39 27 0
55 46 35 38 39 28 0
55 47 35 39 38 27 0
55 46 34 37 37 28 0
55 45 34 38 39 28 0
55 46 35 38 38 27 0
55 44 34 38 38 27 0
55 45 35 38 39 27 0
55 45 36 38 38 27 0
55 44 36 39 39 26 0
55 46 34 38 39 27 0
55 46 34 38 37 28 0
55 45 34 38 41 27 0
55 45 35 39 40 27 0
55 45 35 39 40 28 0
55 45 34 38 40 27 0
55 47 35 38 40 28 0
55 46 36 37 40 27 0
55 46 36 38 40 27 0
55 47 36 39 42 28 0
55 47 37 38 41 27 0
55 47 36 39 42 26 0
55 47 35 39 41 29 0
55 47 34 39 41 28 0
55 46 35 38 41 28 0
55 45 34 37 40 28 0
55 47 35 37 41 27 0
55 47 35 39 40 27 0
55 46 34 39 40 27 0
55 47 35 38 40 27 0
55 46 35 39 40 28 0
55 47 35 38 40 27 0
55 47 35 39 40 27 0
55 45 35 37 40 27 0
55 46 35 39 40 27 0
55 45 35 39 40 26 0
55 46 35 39 41 27 0
55 46 35 39 41 28 0
55 45 35 38 41 27 0
55 46 35 40 40 26 0
55 45 36 38 40 27 0
55 46 35 39 40 27 0
56 71 38 32 40 36 0
56 72 38 31 41 36 0
56 70 37 30 40 36 0
56 72 37 32 40 37 0
56 71 37 30 40 39 0
56 71 37 31 40 38 0
56 71 37 32 40 38 0
56 72 39 31 39 38 0
56 71 38 31 39 37 0
56 71 38 32 39 33 0
56 71 37 34 40 33 0
56 71 38 33 39 34 0
56 71 38 35 40 34 0
56 71 38 33 40 35 0
56 72 38 35 40 34 0
56 72 38 35 38 34 0
56 71 37 34 39 35 0
56 71 38 33 39 33 0
56 71 37 32 40 33 0
56 71 36 33 40 35 0
56 70 38 34 39 34 0
56 71 37 34 40 35 0
56 70 37 34 40 34 0
56 71 37 33 40 35 0
56 71 39 32 39 35 0
56 71 39 34 40 34 0
56 71 38 34 40 34 0
56 72 38 32 40 33 0
56 71 38 34 39 34 0
56 71 37 33 39 33 0
56 71 36 33 39 34 0
56 71 36 33 39 34 0
56 71 36 34 39 34 0
56 71 37 34 39 33 0
56 71 37 33 40 34 0
56 71 36 34 38 34 0
56 71 35 33 38 34 0
56 71 35 33 40 34 0
56 71 37 35 43 34 0
56 71 36 34 40 34 0
56 72 36 34 44 32 0
56 65 36 33 42 32 0
56 65 36 34 39 30 0
56 65 37 34 36 28 0
56 65 35 35 34 27 0
56 65 37 33 45 28 0
56 65 37 34 42 32 0
56 65 36 33 38 30 0
56 66 34 35 40 30 0
56 64 36 35 40 30 0
56 66 36 35 40 30 0
56 65 35 32 40 30 0
56 66 35 34 41 28 0
56 65 35 32 40 29 0
56 65 36 34 40 33 0
56 65 35 31 40 32 0
56 65 36 31 40 32 0
56 65 35 38 40 32 0
56 66 37 33 38 31 0
56 66 37 38 40 31 0
56 65 35 36 39 30 0
56 66 36 34 40 31 0
56 65 36 36 39 30 0
56 64 36 38 39 32 0
56 65 37 32 41 30 0
56 66 36 32 40 31 0
56 63 36 33 40 32 0
56 65 36 32 39 32 0
56 65 35 32 39 31 0
56 66 36 34 41 31 0
56 66 36 34 40 31 0
56 66 36 34 39 31 0
56 65 36 34 41 32 0
56 65 36 35 40 30 0
56 65 37 34 41 31 0
56 65 36 35 39 31 0
56 65 36 35 40 31 0
56 65 37 35 40 31 0
56 65 35 33 39 31 0
56 66 37 33 39 31 0
56 65 36 33 39 31 0
56 64 36 33 40 32 0
56 65 35 32 41 31 0
56 65 37 32 40 32 0
56 64 35 32 40 31 0
56 65 36 35 41 26 0
56 65 35 34 40 28 0
56 66 36 35 40 26 0
56 65 35 35 40 29 0
56 65 35 32 40 29 0
56 66 36 35 40 32 0
56 66 36 35 39 26 0
56 65 36 33 42 28 0
56 65 36 33 42 28 0
56 65 36 32 41 28 0
56 65 35 34 41 28 0
56 65 36 35 42 28 0
56 65 35 35 41 27 0
56 66 36 33 40 28 0
56 65 36 35 42 28 0
57 48 38 29 34 24 24
57 48 39 30 34 25 23
57 48 39 28 35 24 24
57 47 39 29 35 25 23
57 48 40 29 34 24 24
57 47 39 29 35 25 25
57 47 40 30 34 25 24
57 49 39 35 34 24 24
57 46 39 32 34 24 23
57 47 39 36 35 24 23
57 47 40 30 34 25 24
57 49 39 33 36 24 24
57 46 38 31 35 25 23
57 48 40 32 34 31 23
57 49 38 34 34 31 24
57 49 40 32 35 31 24
57 49 38 27 34 32 24
57 49 40 26 33 32 24
57 47 40 26 37 31 24
57 48 39 26 36 32 22
57 47 40 26 37 30 23
57 47 39 26 36 31 24
57 46 39 28 37 31 23
57 47 39 25 37 31 24
57 47 38 26 37 31 23
57 49 39 28 36 32 25
57 47 39 27 37 31 25
57 47 40 31 36 31 23
57 47 40 31 38 32 25
57 47 39 31 37 32 25
57 49 39 31 36 31 25
57 46 39 32 36 31 25
57 49 39 33 36 31 25
57 47 38 31 36 32 24
57 49 39 32 37 32 24
57 48 40 32 37 31 25
57 47 40 32 36 30 27
57 49 39 30 37 31 27
57 49 39 30 36 31 26
57 48 39 31 37 32 26
57 48 38 31 36 32 0
57 47 39 31 37 31 0
57 47 40 27 37 31 0
57 47 41 26 37 31 0
57 48 39 26 38 31 0
57 48 39 26 36 31 0
57 48 39 26 37 31 0
57 47 40 26 37 31 0
57 48 39 25 36 31 0
57 48 39 26 37 31 0
57 47 39 27 37 31 0
57 47 40 23 38 31 0
57 47 40 28 36 32 0
57 48 39 26 36 32 0
57 48 39 26 36 31 0
57 47 39 26 36 32 0
57 49 40 27 37 32 0
57 49 39 26 37 31 0
57 46 38 26 37 31 0
57 46 39 25 36 31 0
57 47 40 25 36 31 0
57 47 39 26 37 31 0
57 46 39 26 37 31 0
57 48 39 27 37 31 0
57 49 39 26 37 32 0
57 47 40 27 36 31 0
57 49 39 27 36 32 0
57 49 39 27 37 31 0
57 47 39 27 38 31 0
57 47 38 27 37 31 0
57 46 39 28 36 31 0
57 47 40 29 36 31 0
57 49 40 28 36 31 0
57 49 39 28 36 30 0
57 48 39 28 37 30 0
57 48 38 28 36 30 0
57 48 39 28 37 31 0
57 46 39 28 36 30 0
57 48 40 27 36 29 0
57 49 39 27 36 31 0
57 49 38 28 36 29 0
57 50 39 27 37 29 0
57 47 39 28 36 30 0
57 49 40 28 36 29 0
57 48 38 28 37 30 0
57 49 39 28 36 30 0
57 48 39 26 37 29 0
57 50 40 27 36 29 0
57 49 40 28 37 30 0
57 48 39 28 36 30 0
57 47 40 26 36 30 0
57 48 40 26 37 30 0
57 48 39 26 36 30 0
57 49 40 28 36 29 0
57 49 39 29 36 29 0
57 49 39 28 35 30 0
57 47 39 27 38 31 0
57 49 39 26 36 31 0
57 47 39 27 37 30 0
57 48 39 28 37 30 0
5 0 20 13 0 25 41
5 0 19 10 0 25 41
5 0 20 15 0 25 41
5 0 20 12 0 24 39
5 0 19 13 0 25 41
5 0 21 14 0 26 41
5 0 22 6 0 25 41
5 0 22 17 0 25 40
5 0 23 12 0 27 39
5 0 20 12 0 25 41
5 0 20 14 0 26 41
5 0 21 12 0 19 41
5 0 21 13 0 26 41
5 0 22 12 0 25 39
5 0 21 10 0 25 41
5 0 21 12 0 24 41
5 0 21 13 0 25 41
5 0 20 11 0 24 41
5 0 20 13 0 21 40
5 0 26 13 0 19 40
5 0 21 12 0 25 40
5 0 19 14 0 22 41
5 0 19 13 0 25 41
5 0 25 10 0 25 40
5 0 20 6 0 22 40
5 0 20 11 0 20 41
5 0 20 13 0 24 40
5 0 20 15 0 20 41
5 0 21 13 0 21 41
5 0 20 13 0 24 40
5 0 21 12 0 24 40
5 0 21 14 0 26 40
5 0 21 14 0 24 41
5 0 19 12 0 20 41
5 0 21 12 0 26 41
5 0 19 13 0 25 41
5 0 20 12 0 26 40
5 0 21 8 0 25 40
5 0 22 12 0 25 39
5 0 22 14 0 26 40
5 0 21 12 0 25 40
5 0 19 12 0 25 41
5 0 21 14 0 23 41
5 0 20 13 0 21 41
5 0 20 14 0 24 41
5 0 20 12 0 25 41
5 0 22 12 0 24 40
5 0 22 14 0 24 41
5 0 22 13 0 24 41
5 0 22 1 0 25 39
5 0 23 2 0 24 40
5 0 22 12 0 31 40
5 0 22 13 0 32 40
5 0 22 12 0 29 41
5 0 22 12 0 32 40
5 0 22 13 0 30 40
5 0 23 11 0 31 41
5 0 22 14 0 32 41
5 0 21 15 0 29 38
5 0 23 13 0 31 38
5 0 23 14 0 31 39
5 0 24 12 0 31 41
5 0 22 13 0 30 40
5 0 22 11 0 32 39
5 0 21 12 0 31 39
5 0 21 11 0 29 40
5 0 22 13 0 30 40
5 0 22 12 0 32 39
5 0 22 7 0 31 39
5 0 23 11 0 32 40
5 0 23 10 0 30 41
5 0 24 11 0 31 41
5 0 23 11 0 31 40
5 0 23 9 0 31 40
5 0 23 12 0 30 41
5 0 20 9 0 32 38
5 0 23 3 0 31 38
5 0 22 10 0 31 39
5 0 23 12 0 31 39
5 0 23 11 0 31 39
5 0 24 13 0 31 39
5 0 23 11 0 31 40
5 0 22 12 0 32 39
5 0 22 14 0 31 41
5 0 22 12 0 31 41
5 0 22 15 0 31 41
5 0 23 14 0 31 40
5 0 22 9 0 30 40
5 0 22 10 0 31 38
5 0 23 12 0 30 40
5 0 23 9 0 30 39
5 0 22 9 0 32 38
5 0 23 9 0 31 40
5 0 22 10 0 30 37
5 0 22 10 0 27 39
5 0 23 11 0 26 40
5 0 22 13 0 30 38
5 0 22 13 0 30 40
5 0 21 3 0 31 39
5 0 22 13 0 30 39
7 15 13 16 17 23 44
7 14 13 19 16 24 45
7 12 11 11 14 24 44
7 15 8 16 15 23 45
7 15 6 17 13 21 42
7 15 7 17 15 23 44
7 15 10 19 17 22 45
7 16 9 16 13 22 42
7 12 14 18 14 23 44
7 14 14 16 12 24 44
7 9 13 17 16 23 45
7 11 9 13 18 23 42
7 12 12 20 14 22 43
7 7 10 19 13 23 45
7 6 10 18 14 24 42
7 11 6 19 16 22 43
7 9 7 16 16 23 44
7 10 7 19 14 23 44
7 10 7 19 9 23 42
7 10 9 18 0 23 44
7 9 7 19 0 23 44
7 8 12 17 0 24 44
7 11 9 14 0 24 44
7 11 10 17 0 23 42
7 11 8 17 0 22 45
7 10 7 12 0 23 43
7 11 12 1 0 22 43
7 8 9 11 0 22 44
7 12 11 8 0 22 45
7 11 12 9 0 23 44
7 11 13 15 0 23 43
7 10 11 17 0 23 43
7 12 11 16 0 23 41
7 10 9 15 0 23 44
7 11 8 14 0 23 43
7 13 11 13 0 23 43
7 5 11 15 0 24 44
7 4 10 16 0 23 44
7 5 11 13 0 24 44
7 6 10 11 0 19 45
7 5 13 16 0 24 44
7 5 9 15 0 24 44
7 5 10 15 0 25 44
7 10 13 14 0 23 43
7 15 8 14 0 26 43
7 9 11 16 0 25 44
7 12 12 11 0 25 43
7 12 10 13 0 26 43
7 12 11 12 0 26 42
7 12 13 11 0 24 43
7 13 13 16 0 25 42
7 11 12 16 0 25 43
7 12 10 15 0 25 42
7 13 10 16 0 25 44
7 15 12 15 0 24 44
7 13 12 16 0 24 17
7 13 13 16 0 23 17
7 3 12 15 0 23 42
7 12 13 15 0 23 44
7 12 13 16 0 23 43
7 12 11 13 0 23 44
7 13 13 15 0 24 44
7 13 10 15 0 24 40
7 10 12 16 0 24 41
7 12 14 18 0 23 41
7 14 13 18 0 23 23
7 12 16 18 0 24 41
7 13 13 15 0 24 40
7 12 13 16 0 26 41
7 11 14 17 0 25 38
7 12 12 16 0 24 40
7 12 13 17 0 25 39
7 13 10 16 0 23 41
7 12 13 17 0 13 41
7 13 12 18 0 17 40
7 9 12 17 0 18 40
7 13 15 18 0 17 41
7 13 14 16 0 16 41
7 11 13 16 0 17 40
7 13 12 17 0 17 39
7 12 10 17 0 17 41
7 13 7 13 0 18 41
7 11 11 17 0 18 40
7 13 13 15 0 17 40
7 13 12 17 0 17 40
7 13 11 17 0 15 40
7 11 12 16 0 15 41
7 13 13 16 0 18 40
7 11 14 15 0 14 38
7 11 9 15 0 16 39
7 12 13 14 0 15 40
7 13 13 15 0 17 41
7 13 13 10 0 16 40
7 12 14 17 0 18 40
7 9 13 15 0 18 40
7 9 14 17 0 18 41
7 10 11 15 0 16 38
7 10 12 17 0 17 41
7 12 14 18 0 18 41
7 12 14 17 0 17 41
8 14 9 19 7 28 54
8 16 8 18 6 28 52
8 15 11 17 5 28 51
8 15 12 19 5 28 52
8 15 12 17 6 29 53
8 15 12 17 5 27 53
8 15 9 18 10 28 53
8 9 10 17 8 28 51
8 14 12 17 9 29 52
8 13 14 17 10 27 47
8 16 13 17 8 31 53
8 15 14 17 5 28 53
8 16 16 19 7 29 53
8 14 12 17 9 31 51
8 14 10 18 8 32 53
8 15 12 18 9 29 53
8 15 13 16 9 28 51
8 16 11 17 8 29 51
8 15 13 20 6 31 53
8 16 15 19 11 30 54
8 16 12 16 9 29 53
8 16 13 18 8 29 51
8 14 9 17 9 29 52
8 15 8 16 9 29 52
8 14 9 17 9 28 51
8 15 11 18 6 30 52
8 15 11 17 8 28 51
8 15 10 16 8 28 52
8 16 10 15 8 29 53
8 15 9 18 8 29 52
8 15 10 17 6 29 52
8 15 9 16 9 30 52
8 15 9 19 8 30 53
8 17 12 20 7 31 52
8 17 8 21 9 29 53
8 17 9 18 7 29 52
8 16 9 17 10 30 53
8 14 7 21 13 29 52
8 16 12 19 9 31 52
8 14 7 17 12 32 51
8 17 9 18 11 29 53
8 17 12 19 11 29 51
8 17 7 18 11 31 52
8 17 9 17 11 32 52
8 16 11 18 11 33 52
8 15 10 18 11 30 52
8 14 11 16 12 29 51
8 15 11 18 13 31 53
8 15 11 20 10 29 52
8 16 11 19 12 32 53
8 15 12 17 12 30 53
8 16 10 17 12 32 53
8 15 13 20 13 30 51
8 15 11 17 11 32 53
8 14 12 16 12 29 54
8 11 12 20 12 29 53
8 15 11 18 12 30 52
8 16 10 19 11 30 51
8 15 12 19 12 29 53
8 16 10 19 10 32 52
8 15 10 18 12 28 54
8 15 8 17 10 28 52
8 16 7 16 13 28 52
8 15 9 17 9 31 52
8 15 7 19 8 28 51
8 15 8 19 9 28 52
8 15 12 19 6 31 52
8 14 10 18 8 30 53
8 16 11 17 8 31 52
8 17 12 17 8 30 53
8 14 9 16 7 30 54
8 15 8 19 7 30 52
8 16 9 18 9 31 51
8 15 7 17 6 31 51
8 16 9 18 5 30 53
8 14 8 18 10 30 52
8 16 12 18 8 32 52
8 14 10 17 7 30 52
8 16 11 19 9 30 52
8 15 9 17 7 31 53
8 13 11 17 10 31 52
8 14 11 17 7 31 53
8 16 11 17 7 30 51
8 15 15 20 7 30 53
8 15 11 20 8 31 53
8 15 11 15 8 32 51
8 17 10 16 8 29 52
8 14 11 20 9 29 52
8 16 10 16 8 30 52
8 15 11 17 8 31 53
8 11 10 16 8 31 53
8 15 11 18 8 32 53
8 24 10 16 9 29 54
8 25 13 17 9 29 50
8 25 10 18 6 31 52
8 25 10 18 9 33 54
8 24 5 17 12 30 52
8 25 15 17 8 29 51
8 25 14 13 6 31 52
8 24 14 16 9 28 53
9 19 17 14 13 25 50
9 19 14 16 9 25 48
9 20 17 16 11 25 49
9 20 14 19 13 25 49
9 20 13 19 11 25 50
9 19 17 16 11 24 51
9 19 15 17 11 22 48
9 20 15 15 12 24 49
9 19 15 17 10 24 49
9 22 15 18 11 25 49
9 22 13 19 13 23 49
9 19 16 18 10 25 51
9 21 15 16 10 24 50
9 19 15 20 12 24 49
9 19 15 19 12 24 49
9 22 13 17 10 25 49
9 22 18 17 11 25 49
9 19 17 20 11 24 50
9 19 15 20 13 25 48
9 21 15 16 12 20 49
9 22 17 19 12 26 48
9 19 17 17 12 24 50
9 18 12 19 13 23 49
9 19 14 18 12 23 50
9 19 13 17 13 25 50
9 22 13 16 13 25 51
9 21 15 16 12 25 49
9 20 12 17 12 26 49
9 21 11 17 12 25 50
9 19 12 16 11 25 49
9 19 14 19 12 26 48
9 19 11 17 12 25 50
9 18 13 17 12 25 49
9 22 11 7 13 25 49
9 22 11 17 13 23 48
9 19 13 14 12 25 51
9 22 11 15 11 25 49
9 18 9 10 12 25 49
9 19 11 18 13 25 49
9 19 14 17 11 25 49
9 20 9 18 11 26 47
9 19 11 17 12 24 50
9 9 15 17 11 24 49
9 19 11 16 12 26 50
9 20 11 15 12 25 49
9 22 12 16 13 25 51
9 22 14 15 13 24 51
9 19 11 17 11 26 51
9 19 11 17 12 26 50
9 21 14 17 14 25 48
9 22 12 17 12 25 49
9 20 10 17 12 25 49
9 22 10 17 13 25 49
9 19 12 17 12 25 49
9 15 13 17 13 23 50
9 16 12 17 11 23 49
9 15 11 16 13 23 51
9 16 12 20 10 25 50
9 16 11 17 11 25 51
9 15 12 16 11 25 49
9 17 13 19 10 25 49
9 16 13 20 10 26 49
9 15 12 19 11 25 49
9 17 11 17 10 26 51
9 18 11 18 9 26 48
9 17 12 19 13 24 50
9 16 16 18 12 24 28
9 17 19 19 5 24 50
9 15 13 19 12 26 49
9 16 12 19 12 25 49
9 16 14 19 13 25 50
9 18 13 17 12 24 50
9 14 13 19 11 24 49
9 16 12 18 12 24 48
9 16 13 16 11 23 49
9 16 11 18 3 24 50
9 9 14 18 11 23 50
9 17 11 18 12 23 49
9 15 13 15 14 26 50
9 15 14 16 11 28 50
9 17 13 17 12 28 50
9 16 14 16 12 27 48
9 15 12 15 12 26 50
9 16 11 19 11 26 50
9 15 17 17 12 26 48
9 15 16 4 11 26 50
9 17 16 16 11 27 49
9 14 15 18 10 27 48
9 15 14 19 14 25 48
9 16 17 9 12 25 49
9 17 18 18 13 26 49
9 17 14 14 11 25 50
9 16 17 14 12 28 48
9 15 16 18 13 26 45
9 15 15 18 13 26 44
9 15 14 19 11 27 45
9 15 15 18 11 27 45
9 15 15 18 11 27 45
9 15 15 17 12 27 44
9 14 15 15 11 27 45
