4500
10 25 44 35 6 58 48
10 28 44 36 14 70 48
10 20 44 26 13 53 48
10 25 31 16 12 4 46
10 11 31 17 9 20 46
10 13 29 17 8 19 46
10 11 11 15 8 20 46
10 10 11 15 6 21 46
10 11 13 14 10 21 46
10 10 12 15 12 19 46
10 11 14 16 13 20 47
10 8 14 16 7 16 45
10 8 13 17 6 16 47
10 9 12 17 11 25 46
10 7 12 18 9 25 47
10 8 12 18 8 25 48
10 4 11 17 9 25 47
10 8 11 17 9 25 48
10 7 11 18 7 25 47
10 11 11 17 6 29 48
10 15 12 17 6 30 49
10 16 13 18 4 29 47
10 7 9 16 6 29 48
10 7 9 17 7 31 48
10 8 6 17 8 31 48
10 8 8 18 6 30 48
10 8 13 17 6 30 46
10 7 11 19 8 31 46
10 8 9 19 10 31 47
10 8 10 19 7 25 44
10 5 10 18 11 24 44
10 8 8 18 7 25 44
10 10 9 20 9 23 42
10 10 9 18 6 23 43
10 9 9 19 6 27 44
10 10 6 18 7 27 44
10 11 8 18 5 26 43
10 9 5 18 8 26 44
10 12 2 20 6 32 44
10 13 9 18 4 32 44
10 11 11 20 6 32 45
10 10 8 19 5 32 44
10 12 7 20 5 33 45
10 11 9 19 8 33 44
10 12 8 19 8 32 44
10 11 8 20 8 32 45
10 11 10 20 9 33 44
10 11 4 19 8 34 49
10 11 6 19 9 32 49
10 12 10 17 9 32 49
10 8 9 19 7 32 50
10 8 9 17 6 32 49
10 9 11 18 7 32 49
10 9 13 20 5 32 50
10 8 11 20 5 31 49
10 5 8 18 5 32 49
10 6 5 17 10 32 48
10 6 12 17 10 33 48
10 6 5 19 6 32 49
10 8 12 20 8 24 48
10 6 12 18 4 24 48
10 6 12 17 8 24 49
10 5 11 18 11 25 49
10 8 12 17 5 24 49
10 8 11 18 7 24 46
10 8 10 17 5 24 48
10 8 10 14 5 24 48
10 9 11 15 6 24 48
10 9 7 13 5 23 48
10 8 10 13 5 24 49
10 6 7 10 3 24 48
10 5 6 12 6 21 48
10 8 8 8 3 23 48
10 9 6 8 3 27 48
10 8 9 9 3 27 48
10 7 7 10 1 27 49
10 9 7 10 3 26 48
10 7 6 12 1 27 49
10 10 7 9 0 26 49
10 10 7 11 2 22 48
10 12 7 10 8 22 49
10 11 7 9 10 21 49
10 7 7 6 7 25 48
10 8 4 9 7 24 48
10 7 5 5 10 25 48
10 10 5 9 8 25 48
10 8 2 10 11 24 49
10 8 4 6 9 24 49
10 9 3 9 12 24 48
10 13 4 10 12 10 50
10 14 4 5 9 11 49
10 12 6 6 13 7 49
10 12 3 5 16 12 49
10 12 5 10 15 11 49
10 11 3 8 11 11 50
10 11 4 7 7 10 49
10 13 3 8 7 10 48
10 12 3 6 17 13 49
10 13 6 7 13 14 48
10 9 5 11 14 15 50
11 12 9 10 10 6 48
11 7 12 11 11 6 48
11 11 8 14 14 5 41
11 8 10 15 15 9 35
11 15 11 14 14 8 36
11 11 8 15 15 7 35
11 17 11 13 13 10 34
11 7 10 16 16 12 34
11 7 13 18 18 7 26
11 9 9 15 15 8 18
11 6 10 16 16 8 13
11 7 11 8 8 3 15
11 9 9 10 10 3 26
11 9 4 13 13 5 3
11 5 9 15 15 9 32
11 6 6 16 16 6 28
11 7 9 11 11 6 25
11 6 9 11 11 4 26
11 7 7 10 10 8 28
11 8 3 11 11 6 29
11 9 5 7 7 7 31
11 9 6 7 7 8 30
11 10 15 8 8 7 31
11 1 14 7 7 9 30
11 6 14 8 8 8 32
11 6 8 9 9 12 32
11 7 10 12 12 12 24
11 7 10 12 12 13 14
11 9 10 10 10 13 15
11 9 12 16 16 9 24
11 2 12 7 7 10 23
11 26 11 14 14 11 27
11 27 11 14 14 9 16
11 15 12 8 8 12 17
11 14 4 16 16 9 26
11 26 13 17 17 7 13
11 28 12 10 10 10 18
11 18 13 13 13 9 8
11 18 10 10 10 11 5
11 18 11 10 10 8 13
11 18 13 13 13 9 13
11 18 13 13 13 11 14
11 19 12 8 8 12 13
11 15 17 9 9 11 14
11 15 16 2 2 12 13
11 15 16 10 10 12 6
11 14 16 8 8 10 10
11 15 16 10 10 3 20
11 14 15 9 9 4 21
11 14 16 11 11 3 19
11 15 18 8 8 5 11
11 15 15 10 10 5 11
11 13 15 8 8 5 12
11 16 12 10 10 7 19
11 17 13 10 10 4 18
11 13 12 10 10 5 18
11 13 11 7 7 2 18
11 16 10 10 10 5 12
11 15 8 19 19 6 18
11 10 12 19 19 5 18
11 10 5 18 18 5 13
11 14 8 18 18 5 11
11 20 7 19 19 2 23
11 25 8 17 17 5 23
11 24 9 17 17 2 23
11 19 5 20 20 2 23
11 20 9 17 17 4 23
11 19 9 17 17 7 23
11 20 6 18 18 4 21
11 20 11 18 18 4 19
11 23 8 17 17 6 18
11 21 9 17 17 6 19
11 19 9 16 16 6 19
11 14 10 18 18 4 15
11 13 10 17 17 4 21
11 27 11 17 17 5 23
11 26 7 8 8 4 21
11 25 11 18 18 6 18
11 15 8 20 20 6 21
11 11 11 18 18 6 20
11 11 10 19 19 2 20
11 11 11 17 17 4 19
11 14 8 20 20 6 20
11 12 10 17 17 4 20
11 15 12 16 16 4 14
11 17 13 15 15 6 12
11 18 8 16 16 4 14
11 19 13 18 18 5 12
11 20 10 20 20 5 15
11 17 6 20 20 5 13
11 9 11 18 18 5 6
11 7 12 21 21 2 12
11 2 9 20 20 6 15
11 12 9 20 20 4 13
11 19 10 19 19 6 15
11 18 11 19 19 5 15
11 14 11 19 19 4 15
11 15 11 20 20 7 16
11 12 9 24 24 6 15
11 14 8 25 25 4 19
12 23 44 33 19 23 48
12 22 47 31 24 28 47
12 21 45 15 18 28 44
12 19 47 17 14 27 45
12 20 40 15 21 32 40
12 20 10 15 22 26 41
12 22 11 19 20 26 43
12 21 16 13 18 27 39
12 19 10 17 14 27 42
12 35 13 14 16 31 42
12 32 18 17 16 32 40
12 11 12 9 19 26 36
12 18 8 8 16 29 39
12 21 8 8 18 30 39
12 15 11 9 18 32 36
12 15 9 9 12 27 36
12 18 10 8 11 27 34
12 15 9 10 12 27 35
12 14 8 7 9 27 36
12 6 9 8 12 27 37
12 6 10 10 11 26 33
12 7 9 8 10 26 34
12 7 6 7 12 27 34
12 4 11 8 14 27 36
12 6 12 5 9 25 34
12 7 12 7 16 26 33
12 4 14 7 10 26 34
12 5 22 11 16 27 34
12 5 22 19 10 26 33
12 6 21 17 22 26 33
12 13 12 20 12 23 32
12 26 8 17 10 21 35
12 26 9 27 8 22 30
12 13 7 26 4 21 33
12 13 11 26 7 21 32
12 11 16 14 11 24 33
12 12 16 13 14 21 32
12 16 16 14 14 27 34
12 13 13 11 13 28 34
12 12 16 15 14 27 32
12 11 14 17 13 34 32
12 20 15 16 13 34 31
12 23 16 19 16 37 34
12 19 15 17 9 36 34
12 20 12 16 11 35 35
12 14 17 17 16 35 35
12 12 18 19 11 34 33
12 19 19 18 15 33 34
12 16 17 20 16 34 33
12 15 19 19 14 34 31
12 13 19 18 16 33 31
12 14 18 17 11 34 41
12 15 20 17 13 36 35
12 17 19 19 17 38 39
12 14 16 20 18 37 37
12 15 18 18 11 35 38
12 16 19 19 12 35 36
12 3 20 18 12 35 35
12 13 20 19 14 35 33
12 17 19 19 14 33 35
12 18 20 19 15 34 34
12 16 21 18 14 33 35
12 20 19 19 15 38 33
12 18 19 20 15 37 36
12 16 19 19 14 36 33
12 16 20 17 16 37 34
12 15 19 19 16 36 37
12 24 19 18 15 35 37
12 24 18 17 16 35 37
12 20 18 19 16 35 38
12 20 15 20 16 34 37
12 27 22 20 17 35 34
12 23 21 18 17 35 36
12 21 18 20 17 34 36
12 26 19 20 17 36 34
12 23 20 18 11 35 34
12 22 19 17 15 29 35
12 23 20 18 16 29 34
12 22 20 12 17 30 34
12 23 16 17 16 29 34
12 24 16 17 16 29 35
12 19 13 17 17 30 34
12 18 13 17 17 27 33
12 18 12 18 17 28 36
12 18 13 19 17 28 36
12 20 13 14 18 28 38
12 18 12 18 17 30 38
12 19 9 18 17 29 37
12 17 13 22 16 29 42
12 17 13 23 11 29 41
12 15 12 23 0 30 41
12 16 13 18 5 29 41
12 24 12 17 11 29 42
12 17 12 18 7 30 42
12 13 11 23 10 30 42
12 11 14 20 4 31 41
12 13 22 22 6 30 42
12 12 21 23 6 30 42
12 10 17 21 8 29 41
12 20 22 20 8 30 41
14 33 45 34 12 36 33
14 16 26 26 10 35 33
14 18 26 26 8 35 33
14 20 27 25 10 35 34
14 20 25 25 12 34 33
14 19 26 26 12 33 36
14 23 29 24 14 40 41
14 17 24 24 17 40 39
14 21 24 24 18 37 40
14 25 28 23 13 33 40
14 24 29 24 19 40 40
14 23 28 25 14 41 39
14 22 27 25 18 40 39
14 15 26 29 17 40 39
14 20 30 27 18 41 38
14 20 30 26 18 36 41
14 21 28 25 17 36 41
14 17 30 30 18 38 40
14 25 30 30 17 42 46
14 26 30 30 17 42 45
14 26 32 25 18 41 44
14 25 33 26 17 37 40
14 22 32 25 17 37 40
14 23 33 23 17 33 35
14 21 32 24 19 38 38
14 25 30 24 18 37 38
14 22 30 21 18 38 38
14 20 32 24 20 36 40
14 23 32 29 20 34 40
14 24 33 31 19 43 46
14 25 31 29 21 41 44
14 22 31 29 19 41 44
14 20 31 29 20 41 44
14 20 32 29 20 42 44
14 21 31 29 20 46 44
14 19 33 26 14 37 44
14 20 33 29 15 46 44
14 21 34 29 16 46 45
14 24 30 30 14 46 44
14 24 30 27 13 45 43
14 22 31 27 16 45 44
14 23 30 28 15 50 43
14 23 31 27 14 40 44
14 25 30 28 17 40 44
14 20 30 25 14 41 44
14 20 28 25 15 47 43
14 20 28 24 17 43 43
14 20 32 22 15 43 43
14 19 31 24 16 41 43
14 20 30 24 18 43 44
14 20 30 25 18 47 45
14 27 28 24 17 48 44
14 27 33 25 14 47 46
14 19 33 27 14 47 45
14 20 28 28 17 47 45
14 23 35 27 16 47 45
14 24 34 30 17 47 45
14 24 34 29 17 44 45
14 19 34 22 6 43 45
14 18 34 22 8 46 46
14 21 33 29 14 47 46
14 20 31 29 18 43 46
14 21 31 26 16 44 46
14 22 31 25 18 44 45
14 19 32 25 17 39 47
14 22 32 29 20 38 47
14 23 31 29 21 36 44
14 16 31 29 21 41 46
14 21 31 28 22 41 47
14 21 31 29 23 42 45
14 31 30 29 21 44 45
14 24 31 30 20 44 46
14 22 31 29 20 44 47
14 23 31 30 22 45 47
14 27 31 28 23 40 45
14 28 31 28 22 40 45
14 21 31 28 21 41 47
14 20 30 27 21 41 47
14 20 30 27 23 41 46
14 16 32 27 21 41 46
14 17 29 26 21 42 47
14 18 31 26 23 41 45
14 20 31 26 23 42 47
14 18 32 26 26 40 45
14 18 31 28 25 41 45
14 18 30 28 25 41 47
14 17 32 28 23 41 47
14 21 30 29 22 41 46
14 26 31 28 26 41 47
14 26 32 28 24 40 47
14 26 31 28 22 41 47
14 20 32 28 26 39 46
14 33 31 27 26 39 47
14 32 31 29 27 39 48
14 23 32 29 27 39 46
14 23 32 29 27 39 45
14 22 30 28 26 39 45
14 21 31 28 27 38 46
14 21 31 28 23 39 46
14 27 32 29 22 39 45
15 38 48 29 25 36 30
15 37 48 29 13 35 30
15 36 48 35 17 38 30
15 28 70 37 6 42 34
15 28 32 35 8 42 34
15 27 31 37 25 41 34
15 36 26 35 22 43 30
15 28 33 40 18 43 35
15 32 33 29 22 47 39
15 32 30 29 18 45 39
15 33 32 29 18 45 39
15 32 33 30 19 44 38
15 32 35 30 15 44 38
15 32 31 30 18 43 39
15 26 32 29 17 43 39
15 24 31 29 19 44 38
15 21 30 29 20 43 37
15 21 31 30 17 43 38
15 22 31 29 17 43 38
15 21 31 30 19 45 37
15 22 31 31 18 45 37
15 22 31 31 21 44 36
15 21 30 31 18 47 36
15 22 31 31 0 46 35
15 22 30 32 0 44 34
15 23 30 32 0 45 35
15 23 31 32 0 44 32
15 23 31 31 0 45 32
15 23 31 33 0 45 32
15 23 31 33 0 44 31
15 23 30 35 0 41 33
15 20 31 34 0 42 33
15 21 24 32 0 43 34
15 20 27 30 0 42 35
15 19 26 31 0 42 37
15 19 26 30 0 42 36
15 21 26 31 0 41 35
15 22 26 31 0 41 34
15 22 27 31 0 40 35
15 22 27 31 0 39 36
15 21 26 31 0 39 36
15 21 27 31 0 40 36
15 21 27 32 0 41 37
15 21 27 31 0 39 37
15 21 26 33 0 41 37
15 21 26 32 0 39 38
15 14 27 32 0 39 38
15 15 26 33 0 39 37
15 28 26 32 0 41 37
15 28 25 32 0 40 38
15 28 26 33 0 43 36
15 28 27 32 0 42 36
15 30 26 31 0 43 37
15 29 27 32 0 42 37
15 30 29 32 0 43 38
15 31 29 31 0 43 37
15 31 29 32 0 43 37
15 31 28 31 0 41 36
15 21 28 31 0 41 36
15 23 28 31 0 41 36
15 22 28 31 0 41 35
15 21 28 31 0 40 35
15 23 28 31 0 41 37
15 20 27 31 0 41 35
15 33 28 31 0 42 35
15 33 27 31 0 41 35
15 33 26 30 0 41 35
15 33 27 30 0 41 36
15 16 25 30 0 42 36
15 12 25 31 0 42 36
15 21 24 30 0 42 37
15 26 19 30 0 39 37
15 26 23 30 0 40 36
15 18 23 29 0 40 36
15 18 27 31 0 39 37
15 15 27 27 0 39 36
15 17 28 25 0 39 37
15 18 28 25 0 38 36
15 22 30 25 0 38 37
15 21 30 27 0 39 36
15 22 31 26 0 38 37
15 21 32 28 0 42 36
15 21 31 26 0 41 36
15 15 31 30 0 41 37
15 15 31 27 0 41 36
15 17 31 28 0 42 36
15 18 30 27 0 42 31
15 21 26 31 0 43 32
15 22 29 31 0 32 30
15 21 29 31 0 32 30
15 21 27 31 0 33 31
15 17 32 31 0 32 30
15 20 31 32 0 32 30
15 17 22 32 0 33 31
15 16 24 30 0 32 31
15 16 25 30 0 33 31
15 15 25 35 0 35 31
15 18 30 35 0 34 30
15 15 27 36 0 32 30
15 18 22 29 0 31 28
16 27 28 34 14 39 27
16 24 29 33 15 38 27
16 25 29 33 19 39 27
16 25 29 33 17 36 27
16 24 29 33 17 39 27
16 24 29 33 15 32 27
16 24 28 34 17 31 27
16 25 29 34 18 33 27
16 25 29 34 19 31 27
16 24 26 34 21 29 28
16 26 27 35 20 28 32
16 24 28 34 19 30 32
16 26 26 34 20 28 31
16 26 28 35 19 30 32
16 26 29 34 19 30 30
16 25 29 35 20 31 31
16 25 29 34 19 34 30
16 27 29 34 22 29 28
16 30 29 34 6 35 31
16 29 28 33 18 35 29
16 23 29 33 0 37 28
16 25 29 34 0 36 28
16 24 26 34 0 36 26
16 27 27 35 0 36 27
16 28 28 32 0 31 29
16 24 26 31 0 31 29
16 22 59 29 0 32 27
16 30 49 36 0 33 25
16 29 45 37 0 43 35
16 30 46 32 0 43 35
16 24 45 39 0 43 38
16 24 45 39 0 43 38
16 26 33 40 0 42 37
16 25 40 33 0 43 38
16 25 40 34 0 43 36
16 25 37 34 0 43 34
16 25 37 34 0 43 35
16 24 37 36 0 43 36
16 24 41 37 0 42 35
16 25 31 39 0 42 34
16 26 31 31 0 42 34
16 25 30 32 0 42 35
16 24 30 35 0 42 34
16 24 36 33 0 43 38
16 34 37 33 0 43 37
16 33 37 33 0 43 38
16 26 33 33 0 40 37
16 25 25 36 0 41 37
16 26 25 32 0 44 35
16 25 35 32 0 51 35
16 25 36 34 0 61 36
16 26 37 34 0 51 37
16 24 29 33 0 50 35
16 25 29 33 0 52 35
16 26 29 36 0 61 33
16 31 28 35 0 53 36
16 29 29 36 0 52 36
16 30 28 31 0 51 34
16 23 32 31 0 51 28
16 24 31 31 0 51 27
16 23 30 32 0 50 27
16 35 30 32 0 50 28
16 36 31 32 0 51 27
16 32 31 29 0 55 28
16 32 31 29 0 62 28
16 30 26 27 0 53 29
16 31 27 19 0 53 30
16 31 28 19 0 60 31
16 35 32 30 0 55 32
16 35 30 29 0 61 31
16 37 30 29 0 60 27
16 29 30 32 0 55 28
16 30 30 35 0 55 29
16 28 33 29 0 67 27
16 31 32 29 0 54 28
16 30 33 27 0 55 29
16 29 32 28 0 56 30
16 30 33 27 0 54 30
16 29 32 28 0 53 30
16 27 30 29 0 55 38
16 29 30 28 0 62 39
16 29 30 29 0 57 40
16 27 28 29 0 57 43
16 25 28 30 0 53 43
16 25 29 29 0 47 42
16 25 29 30 0 49 42
16 25 29 29 0 43 42
16 26 29 28 0 42 43
16 26 29 27 0 48 44
16 22 28 28 0 53 43
16 22 29 26 0 54 41
16 22 29 27 0 61 42
16 23 26 26 0 61 42
16 23 27 28 0 57 43
16 26 28 28 0 54 43
16 21 26 29 0 56 41
16 21 25 24 0 57 34
16 22 24 24 0 50 33
16 21 23 24 0 57 28
16 28 27 25 0 49 26
17 21 30 31 24 74 25
17 21 33 33 14 47 40
17 20 32 33 15 48 34
17 21 33 33 14 46 34
17 19 27 32 15 46 34
17 18 26 34 15 47 33
17 21 26 34 14 46 36
17 21 27 34 15 50 36
17 21 27 34 14 50 37
17 22 27 35 21 50 38
17 26 26 36 22 47 38
17 26 26 36 23 50 38
17 27 27 37 18 49 37
17 27 28 36 22 50 37
17 28 28 36 22 49 38
17 27 28 35 20 49 39
17 28 28 35 20 51 39
17 27 27 35 17 52 38
17 27 27 35 19 52 39
17 27 27 36 19 51 39
17 28 27 34 21 51 39
17 26 27 35 21 52 39
17 26 27 35 18 51 41
17 24 26 36 20 52 42
17 25 28 35 20 52 43
17 29 28 35 19 52 43
17 28 27 35 19 52 42
17 28 26 34 20 52 43
17 24 25 32 19 53 43
17 28 26 36 21 52 43
17 28 26 35 20 50 43
17 30 27 36 22 52 44
17 30 27 36 22 52 44
17 31 26 35 21 52 43
17 31 27 36 22 51 44
17 31 27 35 21 52 44
17 30 29 35 22 52 44
17 30 29 33 22 51 43
17 28 29 33 21 51 45
17 29 29 33 20 51 44
17 31 28 34 21 52 43
17 29 27 33 20 51 44
17 27 27 33 19 51 45
17 30 27 30 21 51 45
17 30 23 31 21 51 45
17 30 23 28 20 51 43
17 30 26 29 22 51 43
17 28 30 25 19 48 43
17 29 30 24 20 48 43
17 27 28 31 20 44 43
17 28 27 30 18 43 43
17 28 27 30 19 40 44
17 28 28 25 14 40 44
17 28 26 31 15 39 44
17 28 27 30 15 40 46
17 28 26 31 16 47 45
17 27 26 30 18 42 46
17 28 29 31 16 44 44
17 27 29 28 16 43 43
17 26 30 28 16 43 43
17 25 30 28 16 43 44
17 26 29 29 17 45 44
17 26 31 28 18 46 44
17 26 30 30 16 46 43
17 27 31 28 15 46 44
17 31 31 29 16 45 43
17 30 32 30 17 44 42
17 31 31 29 17 45 42
17 32 32 29 20 46 43
17 31 32 29 18 44 43
17 32 31 29 21 44 43
17 28 32 30 19 43 43
17 30 32 30 17 42 42
17 30 29 30 20 43 43
17 30 29 30 18 46 43
17 31 28 32 20 47 43
17 31 29 32 17 45 43
17 33 29 31 17 45 42
17 32 29 30 16 45 42
17 31 28 31 18 46 42
17 30 31 31 18 45 43
17 31 30 31 17 45 43
17 30 30 34 16 46 42
17 27 31 33 20 47 43
17 27 29 33 17 47 43
17 28 30 33 17 48 42
17 27 29 33 20 49 43
17 32 30 33 21 47 43
17 32 28 33 28 48 44
17 32 29 34 28 48 44
17 28 28 33 27 47 44
17 28 35 29 26 50 44
17 25 36 29 27 48 44
17 25 32 34 27 49 44
17 26 26 31 27 49 44
17 25 30 31 27 48 45
17 25 29 31 28 49 44
17 28 29 29 26 49 45
17 28 27 25 26 48 45
17 28 28 25 20 48 45
18 27 37 30 28 31 17
18 27 48 31 28 31 20
18 24 69 30 28 27 20
18 25 61 36 28 23 20
18 26 55 36 28 24 20
18 25 55 36 29 22 21
18 25 54 33 27 24 21
18 25 55 32 27 22 20
18 24 61 33 28 22 21
18 37 69 34 29 21 21
18 37 68 33 22 30 20
18 37 68 34 20 31 19
18 37 53 24 21 34 20
18 27 52 25 19 39 19
18 24 49 20 29 33 18
18 31 70 28 17 33 20
18 30 58 32 18 26 21
18 28 65 32 17 26 20
18 26 64 32 21 28 20
18 28 52 32 18 28 21
18 28 69 31 16 31 36
18 29 69 27 28 30 36
18 30 48 26 21 32 35
18 30 48 29 0 41 35
18 30 48 30 0 41 36
18 31 70 29 0 40 35
18 32 48 35 0 39 35
18 30 47 35 0 38 35
18 32 44 33 0 38 36
18 33 44 31 0 34 37
18 31 44 32 0 33 37
18 33 45 30 0 33 37
18 33 45 31 0 28 37
18 27 45 29 0 27 37
18 28 44 35 0 27 37
18 27 44 35 0 27 38
18 29 45 34 0 28 0
18 24 47 29 0 27 0
18 25 46 29 0 27 0
18 35 48 28 0 28 0
18 39 48 32 0 26 0
18 38 48 31 0 32 0
18 30 48 29 0 32 0
18 31 48 33 0 32 0
18 30 49 33 0 27 0
18 31 48 32 0 35 0
18 33 49 31 0 34 0
18 34 50 30 0 35 0
18 29 49 31 0 24 0
18 29 49 30 0 23 0
18 28 50 30 0 25 0
18 32 50 30 0 34 0
18 32 50 30 0 34 0
18 33 51 30 0 31 0
18 32 50 31 0 31 0
18 28 50 31 0 33 0
18 28 49 31 0 32 0
18 27 50 31 0 33 0
18 31 50 32 0 32 0
18 31 50 32 0 36 0
18 31 50 32 0 35 0
18 32 51 33 0 34 0
18 32 50 32 0 33 0
18 31 50 33 0 33 0
18 32 51 33 0 32 0
18 30 48 33 0 28 0
18 29 52 33 0 26 0
18 30 53 33 0 26 0
18 30 53 33 0 26 0
18 30 60 32 0 26 0
18 30 58 33 0 25 0
18 29 54 33 0 31 0
18 28 53 33 0 31 0
18 30 53 32 0 28 0
18 29 56 33 0 26 0
18 29 55 33 0 26 0
18 28 69 34 0 28 0
18 28 70 33 0 31 0
18 31 63 33 0 31 0
18 31 63 32 0 31 0
18 31 52 34 0 30 0
18 26 63 33 0 33 0
18 26 68 33 0 33 0
18 27 64 33 0 32 0
18 24 61 34 0 31 0
18 27 70 34 0 29 0
18 26 68 33 0 35 0
18 29 49 34 0 35 0
18 30 49 34 0 39 0
18 29 49 34 0 36 0
18 28 61 32 0 36 0
18 31 69 32 0 28 0
18 32 62 32 0 31 0
18 28 62 33 0 31 0
18 27 58 32 0 30 0
18 28 53 33 0 38 0
18 26 54 31 0 37 0
18 27 57 33 0 28 0
18 28 55 34 0 30 0
18 33 54 33 0 30 0
1 5 7 4 0 15 45
1 4 6 5 0 16 44
1 4 7 10 0 16 44
1 4 6 12 0 11 42
1 5 6 8 0 5 45
1 5 8 4 0 1 42
1 2 8 11 0 22 42
1 2 11 7 0 10 30
1 9 7 9 0 10 32
1 10 9 7 0 14 29
1 8 10 7 0 17 32
1 0 5 7 0 16 33
1 0 8 6 0 14 29
1 0 7 4 0 8 30
1 0 9 3 0 12 29
1 0 10 4 0 11 47
1 0 7 5 0 12 45
1 0 15 3 0 10 45
1 0 13 6 0 9 45
1 0 13 3 0 9 44
1 0 14 4 0 9 44
1 0 10 3 0 9 47
1 0 11 4 0 15 44
1 0 2 3 0 15 44
1 0 2 6 0 15 43
1 0 2 6 0 9 45
1 0 11 4 0 17 42
1 0 6 1 0 15 47
1 0 7 0 0 17 48
1 0 9 4 0 17 47
1 0 7 0 0 18 47
1 0 9 4 0 16 47
1 0 5 4 0 8 47
1 0 11 5 0 12 46
1 0 11 3 0 24 46
1 0 9 7 0 24 47
1 0 8 7 0 23 46
1 0 6 7 0 24 48
1 0 8 8 0 22 48
1 0 6 7 0 23 47
1 0 6 8 0 18 48
1 0 7 7 0 18 49
1 0 4 6 0 13 47
1 0 8 23 0 13 47
1 0 12 21 0 20 48
1 0 13 20 0 20 47
1 0 11 22 0 22 46
1 0 10 4 0 22 48
1 0 11 4 0 20 45
1 0 11 6 0 22 47
1 0 13 6 0 22 45
1 0 13 8 0 22 47
1 0 12 12 0 22 46
1 0 13 3 0 19 45
1 0 11 4 0 21 46
1 0 9 4 0 12 46
1 0 5 0 0 18 45
1 0 0 0 0 21 45
1 0 0 0 0 17 44
1 0 0 0 0 17 44
1 0 0 0 0 19 45
1 0 0 0 0 15 44
1 0 0 0 0 17 44
1 0 0 0 0 13 45
1 0 0 0 0 16 44
1 0 0 0 0 15 44
1 0 0 0 0 13 45
1 0 0 0 0 14 43
1 0 0 0 0 15 44
1 0 0 0 0 15 43
1 0 0 0 0 17 44
1 0 0 0 0 12 44
1 0 0 0 0 13 43
1 0 0 0 0 11 43
1 0 0 0 0 14 43
1 0 0 0 0 14 43
1 0 0 0 0 15 43
1 0 0 0 0 8 42
1 0 0 0 0 11 44
1 0 0 0 0 15 43
1 0 0 0 0 13 43
1 0 0 0 0 14 44
1 0 0 0 0 15 44
1 0 0 0 0 15 44
1 0 0 0 0 8 43
1 0 0 0 0 16 43
1 0 0 0 0 16 44
1 0 0 0 0 17 44
1 0 0 0 0 16 43
1 0 0 0 0 14 43
1 0 0 0 0 15 44
1 0 0 0 0 15 44
1 0 0 0 0 14 44
1 0 0 0 0 14 44
1 0 0 0 0 14 45
1 0 0 0 0 15 44
1 0 0 0 0 14 45
1 0 0 0 0 15 44
1 0 0 0 0 14 44
1 0 0 0 0 15 44
21 22 34 35 26 20 0
21 22 34 35 30 0 0
21 23 34 35 30 0 0
21 23 34 35 30 0 0
21 23 34 35 31 0 0
21 22 34 35 29 0 0
21 22 35 35 30 0 0
21 23 34 35 31 0 0
21 23 34 35 30 0 0
21 22 35 36 30 0 0
21 21 33 35 31 0 0
21 22 35 35 30 0 0
21 21 34 35 29 0 0
21 23 34 36 31 0 0
21 23 34 35 31 0 0
21 24 35 35 31 0 0
21 26 33 36 31 0 0
21 27 34 36 32 0 0
21 24 36 35 30 0 0
21 24 35 36 30 0 0
21 23 35 35 31 0 0
21 22 36 34 31 0 0
21 23 36 35 30 0 0
21 23 37 35 31 0 0
21 22 36 34 31 0 0
21 21 36 35 31 0 0
21 23 36 34 30 0 0
21 22 36 36 23 0 0
21 24 35 35 23 0 0
21 24 37 34 24 0 0
21 24 36 35 24 0 0
21 25 36 34 24 0 0
21 24 37 35 23 0 0
21 23 35 34 23 0 0
21 23 36 35 24 0 0
21 23 36 38 24 0 0
21 23 36 37 22 0 0
21 21 37 37 23 0 0
21 23 37 36 23 0 0
21 23 36 37 23 0 0
21 23 37 36 23 0 0
21 24 35 37 24 0 0
21 25 37 37 21 0 0
21 25 37 37 20 0 0
21 25 36 37 24 0 0
21 25 35 37 24 0 0
21 26 36 37 25 0 0
21 25 35 37 25 0 0
21 24 37 36 26 0 0
21 23 37 36 26 0 0
21 25 37 36 25 0 0
21 24 35 37 25 0 0
21 25 36 37 26 0 0
21 25 36 36 27 0 0
21 25 36 37 25 0 0
21 25 36 36 26 0 0
21 25 36 37 26 0 0
21 25 35 36 24 0 0
21 24 36 36 24 0 0
21 24 35 36 24 0 0
21 24 36 37 25 0 0
21 24 34 37 24 0 0
21 25 35 37 25 0 0
21 24 35 37 24 0 0
21 21 37 37 25 0 0
21 22 38 37 25 0 0
21 23 36 36 25 0 0
21 24 37 37 24 0 0
21 22 36 36 24 0 0
21 21 36 36 24 0 0
21 22 36 36 25 0 0
21 22 36 36 25 0 0
21 21 35 37 25 0 0
21 24 37 37 24 0 0
21 24 36 37 24 0 0
21 25 35 37 24 0 0
21 25 36 36 23 0 0
21 25 36 36 26 0 0
21 24 37 37 24 0 0
21 24 35 37 21 0 0
21 23 37 37 23 0 0
21 24 37 37 24 0 0
21 24 36 37 24 0 0
21 25 36 37 25 0 0
21 25 36 37 24 0 0
21 25 36 37 24 0 0
21 25 36 38 24 0 0
21 25 37 36 24 0 0
21 25 36 36 24 0 0
21 25 36 37 25 0 0
21 25 36 37 24 0 0
21 25 37 37 24 0 0
21 25 36 37 24 0 0
21 25 32 38 26 0 0
21 24 33 37 25 0 0
21 24 32 37 25 0 0
21 23 32 36 24 0 0
21 24 32 37 25 0 0
21 24 33 37 24 0 0
21 24 34 37 24 0 0
22 31 28 38 24 21 11
22 31 29 38 24 27 0
22 28 28 42 25 27 0
22 31 28 42 25 36 0
22 31 29 41 26 34 0
22 32 30 43 24 33 0
22 32 29 43 26 33 0
22 33 28 43 26 0 0
22 31 26 42 26 0 0
22 32 27 41 24 0 0
22 27 27 41 24 0 0
22 32 30 47 24 0 0
22 32 30 49 26 0 0
22 33 31 50 27 0 0
22 34 31 47 24 0 0
22 34 32 48 23 0 0
22 35 31 49 20 0 0
22 34 27 47 27 0 0
22 33 27 46 26 0 0
22 34 27 47 29 0 0
22 34 26 46 30 0 0
22 34 24 48 29 0 0
22 33 28 40 30 0 0
22 34 27 49 30 0 0
22 34 34 47 28 0 0
22 34 28 48 28 0 0
22 34 30 49 27 0 0
22 34 30 50 27 0 0
22 34 30 50 28 0 0
22 20 30 50 28 0 0
22 19 30 42 29 0 0
22 24 29 42 28 0 0
22 24 30 40 30 0 0
22 24 30 46 29 0 0
22 23 28 46 28 0 0
22 22 27 46 29 0 0
22 21 28 44 29 0 0
22 22 27 45 29 0 0
22 22 27 44 29 0 0
22 24 31 44 28 0 0
22 24 30 44 28 0 0
22 25 31 43 25 0 0
22 24 30 45 27 0 0
22 24 29 45 29 0 0
22 22 29 46 29 0 0
22 22 29 45 27 0 0
22 23 29 46 30 0 0
22 23 29 45 30 0 0
22 23 29 43 29 0 0
22 23 30 44 29 0 0
22 22 30 42 28 0 0
22 23 26 44 28 0 0
22 22 26 44 30 0 0
22 22 25 44 28 0 0
22 22 28 44 27 0 0
22 22 28 43 27 0 0
22 22 29 43 28 0 0
22 22 28 44 28 0 0
22 23 29 46 27 0 0
22 22 30 46 28 0 0
22 23 31 45 29 0 0
22 23 31 43 29 0 0
22 25 31 44 27 0 0
22 24 31 43 30 0 0
22 23 30 48 29 0 0
22 23 29 48 28 0 0
22 20 31 48 28 0 0
22 22 32 48 28 0 0
22 23 31 48 28 0 0
22 21 31 50 28 0 0
22 21 32 51 28 0 0
22 20 31 50 28 0 0
22 20 31 48 28 0 0
22 26 32 48 28 0 0
22 26 31 48 28 0 0
22 26 31 48 29 0 0
22 25 32 50 29 0 0
22 26 32 51 28 0 0
22 26 32 50 28 0 0
22 25 32 51 28 0 0
22 22 32 51 28 0 0
22 23 32 50 28 0 0
22 25 32 51 29 0 0
22 23 32 51 29 0 0
22 24 32 51 27 0 0
22 24 32 51 28 0 0
22 24 32 52 29 0 0
22 24 32 52 28 0 0
22 20 32 51 28 0 0
22 19 33 51 28 0 0
22 20 32 51 28 0 0
22 20 33 52 27 0 0
22 21 32 52 27 0 0
22 21 34 51 27 0 0
22 24 33 54 28 0 0
22 22 33 52 29 0 0
22 23 33 53 28 0 0
22 25 33 52 29 0 0
22 24 32 53 29 0 0
22 25 33 53 29 0 0
23 25 53 32 23 30 13
23 35 36 36 28 30 14
23 30 37 41 27 22 12
23 25 22 41 26 31 16
23 31 23 41 30 19 19
23 33 23 41 34 20 17
23 33 28 41 34 29 18
23 33 28 44 34 30 21
23 34 27 52 34 29 20
23 32 28 52 34 29 18
23 32 28 52 30 29 19
23 31 28 53 29 26 17
23 33 28 52 30 25 17
23 33 27 52 29 28 18
23 33 28 51 29 28 12
23 32 26 52 30 23 17
23 32 27 52 30 23 17
23 33 27 52 31 25 16
23 34 26 52 32 29 15
23 34 26 49 32 28 17
23 35 29 49 35 28 22
23 33 29 49 34 28 17
23 30 32 50 35 28 13
23 28 32 52 35 28 15
23 30 33 52 37 25 18
23 30 27 50 34 29 16
23 32 27 52 34 30 18
23 31 26 51 35 24 16
23 27 26 51 34 22 16
23 37 26 52 29 21 18
23 37 20 51 30 18 16
23 35 28 52 30 23 17
23 28 27 49 33 24 7
23 31 29 51 34 23 16
23 31 29 52 34 14 22
23 30 28 53 34 16 19
23 30 24 53 35 18 14
23 29 27 52 35 19 14
23 37 27 53 35 22 10
23 36 26 48 20 25 18
23 36 23 48 21 29 18
23 34 23 52 21 22 0
23 37 26 54 21 22 0
23 36 24 54 25 26 0
23 36 24 54 25 25 0
23 35 20 50 25 26 0
23 33 23 53 24 25 0
23 33 21 53 24 24 0
23 34 23 55 20 23 0
23 35 26 54 28 22 0
23 33 27 54 28 23 0
23 36 29 51 27 21 0
23 36 27 44 26 21 0
23 34 23 43 28 22 0
23 36 23 43 26 22 0
23 36 24 44 24 23 0
23 32 24 42 25 23 0
23 32 21 48 25 24 0
23 31 24 43 23 21 0
23 31 32 43 28 20 0
23 30 32 43 23 31 0
23 30 29 40 24 31 0
23 32 26 42 27 32 0
23 30 25 50 28 30 0
23 30 29 49 27 32 0
23 30 30 40 27 31 0
23 33 30 45 25 32 0
23 31 34 44 24 32 0
23 32 33 41 28 32 0
23 33 33 49 25 34 0
23 32 31 51 25 34 0
23 34 30 44 27 33 0
23 36 29 48 27 29 0
23 36 29 47 27 29 0
23 33 26 50 24 27 0
23 33 26 49 23 31 0
23 35 28 49 22 31 0
23 37 29 54 23 31 0
23 38 28 58 23 31 0
23 38 29 59 23 30 0
23 39 28 58 26 30 0
23 37 25 58 26 29 0
23 35 27 56 20 27 0
23 35 26 58 21 32 0
23 33 30 58 21 31 0
23 27 26 59 24 31 0
23 27 26 59 25 30 0
23 23 31 58 25 28 0
23 24 31 52 22 28 0
23 26 32 47 22 28 0
23 26 29 46 20 25 0
23 26 29 46 23 35 0
23 26 32 42 26 36 0
23 27 33 42 26 32 0
23 27 33 47 26 33 0
23 26 27 46 26 31 0
23 24 30 45 25 40 0
23 23 31 47 26 33 0
23 23 31 47 25 34 0
23 25 29 48 27 35 0
24 24 73 46 18 36 16
24 25 56 45 20 31 16
24 27 34 44 21 31 19
24 26 46 43 21 31 19
24 26 45 43 21 29 16
24 25 46 45 22 29 15
24 25 45 47 21 32 20
24 23 47 47 21 33 19
24 26 46 47 22 32 22
24 26 44 47 21 33 23
24 26 44 47 21 33 23
24 25 46 47 20 33 23
24 25 46 49 20 33 22
24 27 45 48 21 32 20
24 27 45 48 20 31 0
24 26 45 50 21 33 0
24 26 45 50 21 31 0
24 27 40 51 21 33 0
24 27 42 49 21 33 0
24 27 39 51 21 33 0
24 25 43 50 20 33 0
24 27 45 50 21 30 0
24 26 43 47 23 29 0
24 24 44 47 21 26 0
24 27 46 46 20 32 0
24 28 46 44 19 32 0
24 28 45 50 20 32 0
24 27 35 50 21 25 0
24 25 35 51 20 26 0
24 25 37 48 23 24 0
24 27 37 48 22 29 0
24 29 38 49 23 29 0
24 27 37 50 23 24 0
24 32 40 51 23 23 0
24 32 40 50 23 24 0
24 32 39 51 23 24 0
24 32 37 50 23 23 0
24 31 37 51 24 23 0
24 32 38 51 21 23 0
24 30 37 51 25 22 0
24 32 38 50 24 24 0
24 31 40 50 24 24 0
24 32 38 52 23 24 0
24 33 38 51 23 23 0
24 30 37 51 22 23 0
24 33 37 53 23 22 0
24 32 39 51 23 29 0
24 33 38 51 22 28 0
24 31 38 51 21 28 0
24 32 41 50 21 27 0
24 31 40 51 22 27 0
24 31 37 50 19 27 0
24 30 40 50 22 26 0
24 26 42 50 22 26 0
24 28 42 51 20 26 0
24 27 41 50 20 26 0
24 30 42 51 20 27 0
24 30 43 49 20 22 0
24 29 43 50 19 21 0
24 27 41 48 19 22 0
24 28 36 51 20 22 0
24 28 35 51 25 31 0
24 34 38 50 24 31 0
24 33 37 45 26 23 0
24 32 37 45 26 23 0
24 32 34 46 25 24 0
24 31 41 43 25 29 0
24 30 41 44 26 30 0
24 33 38 49 25 26 0
24 33 48 46 22 25 0
24 33 48 47 22 24 0
24 33 45 48 20 22 0
24 29 39 52 22 23 0
24 34 39 51 19 22 0
24 34 44 54 23 24 0
24 32 35 50 23 25 0
24 32 35 51 22 27 0
24 32 39 46 20 31 0
24 34 37 49 21 31 0
24 29 39 50 21 28 0
24 31 38 48 20 32 0
24 31 41 50 21 31 0
24 32 39 49 20 29 0
24 32 39 40 23 30 0
24 32 39 50 22 30 0
24 32 42 50 21 30 0
24 32 43 48 20 24 0
24 32 37 38 20 24 0
24 31 43 37 19 19 0
24 31 43 43 20 18 0
24 30 43 39 21 22 0
24 31 48 41 20 24 0
24 30 48 31 19 22 0
24 32 43 36 21 22 0
24 28 38 36 21 21 0
24 29 38 35 21 25 0
24 29 41 40 20 24 0
24 30 41 41 21 23 0
24 30 41 38 20 22 0
24 30 40 39 21 22 0
25 3 33 27 9 45 47
25 18 29 27 14 44 45
25 13 12 28 24 1 6
25 16 16 35 20 7 4
25 10 12 38 32 6 3
25 19 12 35 31 4 8
25 18 15 37 32 3 3
25 6 15 36 32 13 6
25 19 17 43 32 15 11
25 19 16 42 32 12 5
25 19 11 43 33 13 14
25 23 11 43 32 8 0
25 22 9 37 31 4 0
25 22 10 38 30 4 0
25 21 16 39 30 7 0
25 19 12 35 31 7 0
25 17 9 35 30 5 0
25 17 14 36 29 4 0
25 16 14 34 31 4 0
25 17 24 34 29 10 0
25 12 24 31 29 7 0
25 17 25 35 30 7 0
25 11 23 37 28 9 0
25 14 23 35 28 6 0
25 18 24 35 28 9 0
25 19 24 36 29 8 0
25 18 23 37 25 10 0
25 14 18 33 8 9 0
25 16 24 34 19 10 0
25 14 17 30 24 9 0
25 9 19 31 26 15 0
25 27 19 32 23 15 0
25 26 23 35 25 5 0
25 26 20 34 25 24 0
25 26 22 35 25 24 0
25 27 21 30 25 23 0
25 26 22 32 22 20 0
25 26 22 30 22 23 0
25 25 22 33 19 23 0
25 22 23 32 27 19 0
25 26 21 32 26 20 0
25 26 23 30 26 17 0
25 25 23 33 26 23 0
25 25 21 50 26 11 0
25 24 22 50 24 16 0
25 26 20 50 25 15 0
25 23 20 51 25 14 0
25 23 19 50 26 16 0
25 22 19 49 25 17 0
25 23 18 49 26 17 0
25 23 18 48 28 18 0
25 22 17 46 31 17 0
25 22 18 45 31 17 0
25 22 18 43 31 16 0
25 22 18 44 33 17 0
25 23 17 47 32 18 0
25 22 15 48 35 17 0
25 22 14 48 33 18 0
25 23 17 47 32 19 0
25 22 17 48 33 6 0
25 22 17 47 32 18 0
25 21 18 45 29 16 0
25 20 17 44 33 17 0
25 24 19 45 31 14 0
25 25 18 45 30 15 0
25 24 19 43 31 8 0
25 27 19 43 29 13 0
25 27 18 43 26 15 0
25 26 19 41 27 13 0
25 27 18 42 27 11 0
25 26 18 42 27 10 0
25 19 17 41 27 21 0
25 18 19 42 27 21 0
25 20 18 43 27 20 0
25 22 19 43 27 13 0
25 15 18 42 27 11 0
25 17 18 42 29 13 0
25 20 19 43 30 14 0
25 16 18 45 29 13 0
25 15 13 43 29 19 0
25 15 21 43 29 19 0
25 16 22 45 29 20 0
25 16 23 40 30 16 0
25 16 13 40 28 21 0
25 16 21 50 30 19 0
25 17 23 49 30 15 0
25 17 18 49 30 19 0
25 16 17 48 32 15 0
25 18 16 47 31 13 0
25 15 19 47 30 16 0
25 17 25 39 30 16 0
25 16 24 40 27 15 0
25 15 24 38 31 13 0
25 16 22 39 30 14 0
25 18 22 40 27 18 0
25 16 22 37 27 15 0
25 17 19 36 30 15 0
25 17 15 34 30 14 0
25 16 23 35 30 16 0
25 16 20 35 28 16 0
26 21 26 29 15 49 21
26 28 26 27 26 51 26
26 28 23 32 25 34 24
26 28 29 33 31 34 26
26 34 30 28 29 35 28
26 34 34 31 29 34 4
26 32 32 31 25 27 3
26 25 38 28 25 22 6
26 25 40 46 31 22 5
26 30 37 45 33 1 8
26 26 26 41 31 13 7
26 27 19 41 31 13 8
26 25 22 43 32 12 4
26 25 19 47 32 12 4
26 26 19 54 34 12 9
26 27 21 35 34 16 7
26 27 21 34 34 19 8
26 26 20 35 34 15 8
26 27 21 33 36 17 5
26 28 21 31 37 8 5
26 28 20 34 37 10 9
26 28 17 34 39 11 10
26 28 11 34 39 14 14
26 28 15 35 40 10 17
26 28 16 35 35 6 20
26 28 15 35 40 7 18
26 27 16 35 40 11 12
26 28 18 35 39 7 17
26 28 16 35 39 7 15
26 27 15 35 39 3 18
26 27 19 37 39 2 18
26 28 18 36 38 6 13
26 27 19 36 37 6 16
26 27 19 35 37 7 18
26 28 21 34 37 6 19
26 28 20 34 38 6 13
26 27 19 34 37 8 13
26 28 22 37 36 11 18
26 26 20 35 38 10 15
26 27 18 35 39 10 17
26 27 19 38 38 16 15
26 26 19 37 39 15 0
26 28 20 38 39 6 0
26 28 16 38 38 8 0
26 28 16 37 37 10 0
26 28 19 37 38 8 0
26 28 18 37 38 9 0
26 27 13 35 38 10 0
26 27 18 37 35 6 0
26 27 16 38 36 6 0
26 27 16 37 36 10 0
26 31 12 38 36 7 0
26 27 11 36 36 12 0
26 28 12 38 36 10 0
26 27 10 38 36 12 0
26 26 12 39 36 9 0
26 26 6 39 36 8 0
26 27 14 41 36 9 0
26 27 11 38 37 7 0
26 26 17 40 36 7 0
26 27 13 40 37 7 0
26 27 18 40 37 7 0
26 28 17 39 38 11 0
26 26 22 40 38 9 0
26 26 19 40 39 11 0
26 27 19 40 36 14 0
26 27 20 39 38 16 0
26 27 12 39 38 10 0
26 27 24 41 37 9 0
26 27 22 40 38 18 0
26 26 23 39 38 19 0
26 27 25 38 37 20 0
26 28 22 38 35 20 0
26 28 13 39 36 18 0
26 25 14 38 34 20 0
26 25 14 40 36 19 0
26 25 14 39 32 15 0
26 32 13 39 28 17 0
26 32 18 39 29 12 0
26 31 15 39 28 14 0
26 28 11 38 27 16 0
26 28 14 39 28 18 0
26 27 13 39 29 15 0
26 31 13 39 25 17 0
26 31 18 41 33 16 0
26 31 15 38 33 18 0
26 33 14 38 33 17 0
26 34 16 36 31 17 0
26 34 16 33 35 17 0
26 32 15 33 35 19 0
26 32 14 34 32 18 0
26 33 16 35 36 16 0
26 34 17 35 38 17 0
26 34 17 35 33 17 0
26 33 19 38 32 16 0
26 31 18 37 33 18 0
26 34 14 36 32 18 0
26 34 16 37 33 19 0
26 33 17 35 39 19 0
26 34 16 45 31 18 0
27 14 27 31 24 15 6
27 14 28 30 17 15 7
27 15 28 30 13 14 3
27 20 27 29 16 14 2
27 19 24 31 15 16 5
27 19 20 33 18 13 4
27 19 20 33 20 13 6
27 17 20 34 23 13 5
27 16 22 31 20 13 0
27 15 24 26 19 17 0
27 14 25 26 17 13 0
27 18 26 25 18 18 0
27 17 26 26 18 15 0
27 17 25 29 20 15 0
27 15 25 30 17 14 0
27 15 22 29 20 14 0
27 17 24 28 19 16 0
27 19 30 32 17 13 0
27 24 30 31 21 13 0
27 25 30 31 19 13 0
27 26 28 24 18 13 0
27 27 37 25 22 17 0
27 26 38 25 23 13 0
27 29 34 29 36 15 0
27 25 15 28 33 13 0
27 26 19 32 33 14 0
27 25 19 42 34 15 0
27 21 18 42 40 19 0
27 27 20 47 40 14 0
27 28 23 39 38 11 0
27 24 23 41 36 15 0
27 23 24 47 37 20 0
27 23 15 46 37 20 0
27 27 13 43 36 15 0
27 30 18 48 37 11 0
27 29 17 36 38 9 0
27 28 18 31 35 14 0
27 25 16 46 34 13 0
27 28 19 45 35 10 0
27 28 18 41 31 14 0
27 28 18 45 34 8 0
27 22 18 44 34 10 0
27 23 18 31 41 9 0
27 19 16 36 43 12 0
27 1 19 41 49 11 0
27 20 18 39 50 9 0
27 27 20 39 49 12 0
27 29 18 41 49 4 0
27 29 17 42 49 7 0
27 29 17 42 46 5 0
27 32 17 31 45 2 0
27 28 17 29 47 11 0
27 27 15 25 47 8 0
27 30 16 30 48 5 0
27 28 18 31 48 3 0
27 28 16 29 48 8 0
27 27 20 29 48 1 0
27 28 21 30 50 4 0
27 29 20 27 48 0 0
27 28 18 16 48 0 0
27 28 17 15 46 1 0
27 28 17 23 45 9 0
27 29 22 23 46 9 0
27 26 16 23 47 9 0
27 28 15 23 38 7 0
27 23 19 24 42 9 0
27 26 21 25 42 8 0
27 25 22 24 43 7 0
27 26 21 27 40 9 0
27 23 21 26 44 11 0
27 23 18 31 45 11 0
27 23 16 29 43 9 0
27 20 14 29 44 8 0
27 13 17 30 43 12 0
27 33 16 27 42 16 0
27 33 13 28 45 21 0
27 33 19 27 48 20 0
27 33 17 20 42 20 0
27 32 16 21 40 32 0
27 33 17 28 41 32 0
27 29 19 30 37 33 0
27 32 16 31 36 35 0
27 32 14 29 50 29 0
27 32 12 25 50 30 0
27 28 16 28 51 26 0
27 31 16 40 44 21 0
27 32 15 40 49 26 0
27 32 16 40 48 30 0
27 32 23 41 51 29 0
27 35 19 40 47 28 0
27 34 22 40 48 34 0
27 34 15 40 47 35 0
27 33 16 40 51 0 0
27 31 21 39 48 0 0
27 33 19 39 50 0 0
27 32 21 41 51 0 0
27 32 19 40 51 0 0
27 28 19 41 51 0 0
27 23 18 41 52 0 0
27 23 18 41 53 0 0
28 41 17 35 57 5 10
28 41 19 30 57 10 9
28 41 19 27 57 13 7
28 40 19 24 56 11 4
28 40 19 24 55 13 3
28 40 20 24 55 11 13
28 41 21 24 56 8 4
28 41 17 27 56 18 0
28 41 17 27 56 17 5
28 35 19 27 55 12 4
28 36 19 27 56 14 6
28 37 19 27 56 15 0
28 38 19 27 56 9 11
28 39 20 27 56 10 10
28 31 21 26 56 11 8
28 43 17 25 56 11 8
28 43 17 26 57 11 7
28 42 19 26 57 11 7
28 41 19 25 57 8 6
28 41 19 26 57 9 7
28 43 19 25 62 15 3
28 42 20 25 57 14 9
28 41 21 26 57 17 6
28 42 17 24 58 19 7
28 42 17 24 57 18 8
28 43 18 22 57 21 9
28 41 18 23 56 20 10
28 42 19 23 57 22 11
28 41 19 24 56 20 12
28 41 18 25 56 19 13
28 42 19 25 57 21 0
28 42 18 28 54 21 0
28 41 20 28 55 22 0
28 42 19 29 57 19 0
28 42 20 31 57 20 0
28 43 18 30 56 15 0
28 42 19 30 57 16 0
28 46 15 30 56 20 0
28 46 13 27 56 16 0
28 47 6 28 56 16 0
28 47 11 29 57 17 0
28 47 12 22 57 19 0
28 48 12 29 58 19 0
28 47 10 29 57 19 0
28 47 10 29 57 22 0
28 47 13 29 57 22 0
28 47 16 26 57 16 0
28 48 17 28 57 11 0
28 48 17 28 58 16 0
28 46 16 28 56 17 0
28 46 19 28 57 17 0
28 43 18 28 57 17 0
28 42 16 29 57 15 0
28 43 18 28 57 16 0
28 43 18 28 57 17 0
28 43 17 28 57 19 0
28 41 15 28 57 19 0
28 39 15 28 57 17 0
28 39 18 28 57 17 0
28 40 14 28 57 15 0
28 41 21 28 58 17 0
28 40 15 29 58 18 0
28 37 20 28 58 18 0
28 38 19 29 57 17 0
28 37 18 29 57 17 0
28 38 18 27 57 18 0
28 37 16 28 58 19 0
28 38 20 26 57 19 0
28 37 20 29 21 17 0
28 38 19 30 57 18 0
28 38 21 29 57 17 0
28 36 20 29 57 19 0
28 35 19 29 57 11 0
28 35 22 29 57 12 0
28 35 26 28 55 11 0
28 35 22 29 57 15 0
28 35 23 29 57 16 0
28 37 25 29 57 16 0
28 35 24 29 57 17 0
28 36 24 29 57 15 0
28 36 26 29 57 17 0
28 37 26 29 57 15 0
28 37 26 27 57 15 0
28 35 26 29 56 15 0
28 37 26 29 57 15 0
28 36 26 29 57 16 0
28 38 24 29 57 16 0
28 37 26 29 57 15 0
28 38 26 29 57 17 0
28 37 24 27 58 15 0
28 37 25 27 57 15 0
28 38 26 29 57 14 0
28 38 24 30 57 17 0
28 38 22 30 57 17 0
28 37 20 29 57 2 0
28 36 22 29 57 14 0
28 38 23 30 57 15 0
28 40 20 26 57 24 0
28 40 24 29 57 23 0
28 40 28 29 57 22 0
29 29 11 18 41 4 0
29 29 13 15 42 3 11
29 30 15 18 40 7 6
29 29 14 18 39 4 5
29 29 14 20 33 7 29
29 29 15 16 32 9 28
29 28 14 18 33 11 0
29 27 13 16 34 5 0
29 28 15 16 33 10 0
29 28 14 20 34 1 0
29 27 13 20 34 8 0
29 29 14 20 38 6 0
29 28 13 20 40 5 0
29 28 12 22 39 12 0
29 29 12 19 40 8 0
29 28 10 18 39 13 0
29 29 10 16 40 10 0
29 27 13 18 39 11 0
29 30 10 18 35 8 0
29 28 11 10 35 11 0
29 30 10 17 35 7 0
29 29 10 16 37 7 0
29 28 12 18 36 4 0
29 28 14 17 35 4 0
29 29 14 21 36 5 0
29 29 13 25 34 5 0
29 27 12 25 34 2 0
29 27 14 24 36 4 0
29 27 13 24 35 10 0
29 25 14 26 34 12 0
29 22 14 25 34 3 0
29 22 14 25 35 7 0
29 22 13 25 36 1 0
29 25 14 25 37 4 0
29 27 8 25 38 14 0
29 27 10 26 39 14 0
29 26 10 24 39 12 0
29 20 12 24 39 15 0
29 17 14 25 38 13 0
29 17 14 24 38 15 0
29 26 10 23 39 12 0
29 27 14 26 39 21 0
29 31 15 26 38 31 0
29 31 13 26 35 32 0
29 30 15 24 35 31 0
29 30 15 23 35 31 0
29 29 14 24 35 32 0
29 30 12 26 34 29 0
29 30 11 26 35 44 0
29 28 11 26 35 43 0
29 30 13 26 34 0 0
29 29 11 25 34 0 0
29 29 14 25 34 0 0
29 30 14 25 34 0 0
29 29 12 24 33 0 0
29 29 11 26 33 0 0
29 28 11 27 34 0 0
29 29 17 25 31 0 0
29 28 17 24 32 0 0
29 26 17 25 31 0 0
29 27 17 25 32 0 0
29 27 18 24 32 0 0
29 27 14 24 31 0 0
29 27 14 24 32 0 0
29 28 18 25 32 0 0
29 17 16 24 31 0 0
29 28 17 24 32 0 0
29 29 11 25 31 0 0
29 28 16 24 32 0 0
29 29 8 23 31 0 0
29 32 16 23 33 0 0
29 31 15 24 36 0 0
29 31 12 24 35 0 0
29 31 13 23 36 0 0
29 32 14 23 35 0 0
29 31 15 22 35 0 0
29 29 16 22 36 0 0
29 26 12 22 35 0 0
29 26 17 23 36 0 0
29 25 11 22 36 0 0
29 28 18 22 36 0 0
29 27 17 22 37 0 0
29 25 14 23 37 0 0
29 27 15 23 37 0 0
29 26 14 20 37 0 0
29 26 12 23 38 0 0
29 25 11 22 38 0 0
29 27 17 22 37 0 0
29 26 16 23 38 0 0
29 28 14 21 35 0 0
29 28 13 21 34 0 0
29 34 17 21 35 0 0
29 34 16 19 33 0 0
29 33 17 21 33 0 0
29 33 17 21 34 0 0
29 33 18 20 34 0 0
29 33 17 20 35 0 0
29 33 19 21 34 0 0
29 33 19 21 34 0 0
29 32 15 21 34 0 0
30 43 11 49 24 10 28
30 41 15 47 24 12 27
30 43 13 36 24 4 22
30 42 13 40 27 4 27
30 43 16 39 23 5 26
30 41 17 37 20 11 21
30 41 19 44 29 8 32
30 41 16 45 24 0 29
30 43 16 46 25 3 34
30 38 12 47 25 0 27
30 39 12 47 27 0 39
30 37 14 47 28 0 38
30 40 16 45 28 0 35
30 38 16 42 25 0 30
30 33 20 42 27 0 23
30 34 10 38 25 0 24
30 31 11 38 25 0 27
30 32 12 39 27 0 24
30 32 16 33 25 0 28
30 26 15 33 28 0 30
30 32 11 36 26 0 28
30 33 13 35 26 0 23
30 33 8 36 26 0 24
30 23 14 43 29 0 25
30 24 13 41 27 0 21
30 22 11 41 25 0 15
30 23 1 40 27 0 19
30 25 10 39 25 0 19
30 25 5 38 26 0 18
30 18 13 35 29 0 18
30 24 14 35 23 0 21
30 2 14 39 28 0 22
30 24 13 26 46 0 16
30 25 15 23 28 0 17
30 23 10 19 43 0 17
30 25 13 19 45 0 14
30 25 11 20 45 0 18
30 24 11 21 44 0 18
30 27 13 20 45 0 18
30 29 13 19 43 0 19
30 28 12 20 45 0 21
30 30 12 21 43 0 18
30 30 15 19 43 0 19
30 29 10 16 44 0 17
30 29 14 19 40 0 18
30 28 12 20 43 0 15
30 27 14 22 39 0 17
30 28 15 23 38 0 5
30 27 11 23 37 0 0
30 27 14 21 37 0 0
30 26 14 18 36 0 0
30 25 10 18 35 0 0
30 29 13 21 37 0 0
30 27 11 21 36 0 0
30 31 14 21 35 0 0
30 34 12 20 31 0 0
30 34 11 20 30 0 0
30 34 12 16 32 0 0
30 34 13 17 34 0 0
30 34 16 16 32 0 0
30 35 12 19 32 0 0
30 34 16 21 29 0 0
30 37 11 22 26 0 0
30 37 13 24 26 0 0
30 38 10 24 27 0 0
30 38 9 24 26 0 0
30 41 10 23 25 0 0
30 42 14 20 36 0 0
30 40 12 20 36 0 0
30 39 14 22 35 0 0
30 39 11 23 33 0 0
30 39 14 23 34 0 0
30 38 14 23 31 0 0
30 42 11 18 33 0 0
30 43 11 18 32 0 0
30 42 12 17 32 0 0
30 27 13 20 30 0 0
30 26 12 22 30 0 0
30 26 10 22 33 0 0
30 25 10 22 37 0 0
30 27 10 20 39 0 0
30 25 11 21 36 0 0
30 27 10 19 36 0 0
30 26 11 19 30 0 0
30 27 10 18 27 0 0
30 25 9 6 29 0 0
30 26 10 16 32 0 0
30 25 12 16 32 0 0
30 26 13 17 31 0 0
30 26 13 16 32 0 0
30 26 13 19 30 0 0
30 25 12 15 30 0 0
30 25 9 16 32 0 0
30 30 10 17 32 0 0
30 31 14 17 21 0 0
30 30 12 16 28 0 0
30 29 11 21 33 0 0
30 30 13 19 31 0 0
30 30 15 18 33 0 0
30 31 16 17 33 0 0
33 30 9 18 32 8 4
33 30 8 17 32 7 1
33 26 10 15 32 8 0
33 34 10 17 33 6 10
33 33 11 17 33 2 8
33 34 10 18 32 8 8
33 35 12 17 30 1 6
33 34 5 16 31 6 8
33 32 16 17 34 2 7
33 33 17 18 34 8 8
33 35 12 17 32 4 11
33 35 13 15 35 5 11
33 34 11 17 34 5 9
33 33 18 15 34 6 8
33 33 11 11 34 6 10
33 33 13 16 33 5 8
33 33 16 16 33 7 13
33 32 17 20 32 7 9
33 33 18 14 34 7 13
33 33 19 9 34 4 8
33 34 16 17 34 1 11
33 34 13 14 34 1 12
33 34 18 18 33 2 10
33 34 17 16 32 7 7
33 34 14 15 33 9 8
33 35 17 15 33 0 3
33 35 13 18 34 1 4
33 34 13 17 33 3 1
33 33 16 20 32 5 6
33 36 16 19 31 10 7
33 35 13 21 31 7 7
33 36 14 21 33 1 5
33 35 14 20 32 4 5
33 34 14 18 32 9 4
33 35 14 21 32 6 6
33 35 14 19 31 2 3
33 34 12 14 33 7 1
33 33 15 17 32 6 5
33 34 17 18 32 2 3
33 34 16 19 33 5 5
33 34 16 19 33 6 7
33 31 16 21 33 8 4
33 30 17 16 33 5 9
33 33 16 17 32 5 7
33 34 15 15 33 2 6
33 33 15 20 29 7 6
33 33 16 17 30 6 5
33 31 15 18 29 5 5
33 32 15 20 30 1 6
33 31 16 18 30 0 4
33 31 16 19 28 8 2
33 32 16 18 30 4 3
33 33 14 17 28 6 2
33 33 15 17 27 8 1
33 31 15 16 27 8 2
33 35 14 16 26 12 4
33 35 14 17 27 2 4
33 34 14 21 26 8 2
33 36 14 19 27 8 3
33 34 15 20 27 6 6
33 35 13 21 27 10 2
33 35 15 13 29 1 4
33 34 16 12 30 10 1
33 35 18 12 28 9 1
33 35 16 15 28 3 8
33 35 16 14 28 10 6
33 33 14 10 36 9 7
33 38 16 15 34 8 11
33 32 17 12 35 12 12
33 32 16 12 34 10 10
33 31 18 13 33 6 12
33 33 19 12 33 10 15
33 32 19 11 34 7 15
33 32 19 14 34 0 20
33 31 17 12 32 5 22
33 31 18 14 32 8 21
33 33 18 13 33 3 22
33 33 19 14 27 6 20
33 39 17 15 28 7 16
33 39 17 14 28 7 22
33 41 18 14 29 7 21
33 41 18 16 31 7 15
33 42 13 17 31 6 18
33 32 15 18 30 8 18
33 32 15 17 32 4 18
33 32 11 18 32 11 0
33 32 13 17 34 4 0
33 32 16 17 27 4 0
33 45 16 17 27 1 0
33 44 15 17 27 18 0
33 45 15 20 32 11 0
33 39 17 21 32 8 0
33 38 17 19 32 8 0
33 37 17 18 32 11 0
33 37 17 19 33 12 0
33 36 17 13 33 6 0
33 36 13 11 31 7 0
33 36 14 14 32 11 0
33 38 16 19 34 10 0
33 36 17 19 33 9 0
35 40 18 12 15 7 1
35 43 20 16 22 14 4
35 43 20 16 22 17 5
35 43 24 15 26 18 5
35 44 21 11 25 14 6
35 45 21 12 26 6 7
35 44 18 14 22 12 6
35 44 18 13 20 16 7
35 43 19 16 20 17 8
35 44 19 17 24 22 9
35 46 21 17 23 19 7
35 41 23 16 27 17 8
35 42 23 18 28 23 4
35 42 22 17 25 15 10
35 44 22 17 27 19 11
35 43 22 16 26 15 7
35 42 22 18 27 14 7
35 42 22 14 24 21 3
35 44 21 16 24 20 2
35 41 19 16 25 21 6
35 41 19 16 26 24 3
35 41 20 16 24 24 3
35 43 21 17 25 23 8
35 43 20 15 22 21 9
35 43 20 16 23 14 9
35 42 19 16 23 16 5
35 41 20 18 22 13 6
35 42 20 16 22 21 5
35 44 18 16 24 18 4
35 44 19 16 24 23 8
35 43 18 5 23 18 6
35 43 19 16 23 15 8
35 44 18 16 23 19 7
35 43 18 15 24 21 7
35 43 19 16 24 23 6
35 42 19 16 23 19 6
35 42 18 7 23 20 3
35 42 19 13 24 20 6
35 43 16 14 24 21 7
35 44 18 12 25 22 7
35 43 17 16 24 20 10
35 42 13 18 25 22 7
35 44 12 16 24 23 8
35 43 12 16 24 24 8
35 42 16 17 25 25 10
35 44 16 12 24 24 11
35 42 15 20 24 22 7
35 42 15 19 24 24 9
35 42 14 20 24 25 5
35 42 15 20 24 24 9
35 43 13 19 24 24 7
35 43 12 16 25 26 9
35 45 12 18 25 24 8
35 43 11 20 25 18 10
35 44 12 18 25 15 8
35 44 14 17 25 19 6
35 43 13 17 24 21 0
35 43 12 17 24 20 6
35 43 10 14 25 20 8
35 44 10 16 24 19 7
35 43 14 17 25 6 6
35 43 13 17 25 15 5
35 44 11 15 24 16 6
35 42 13 13 24 14 4
35 43 11 13 25 23 7
35 43 9 14 25 26 8
35 46 13 13 23 24 8
35 45 12 13 27 20 7
35 44 12 14 26 17 6
35 44 11 15 26 19 6
35 44 9 13 27 19 13
35 46 19 13 27 22 11
35 46 21 13 27 17 8
35 40 20 13 21 19 9
35 40 23 13 22 20 24
35 40 23 14 22 18 24
35 39 22 13 21 18 24
35 38 19 4 24 23 24
35 39 22 15 23 17 17
35 38 18 14 23 21 24
35 38 19 16 24 23 28
35 38 22 16 23 22 28
35 36 18 17 20 20 26
35 37 22 17 23 7 27
35 39 23 13 23 20 28
35 40 24 13 24 20 29
35 39 16 14 24 22 29
35 38 23 16 24 21 26
35 37 22 16 24 18 0
35 39 24 18 23 20 0
35 38 24 16 23 19 0
35 39 24 13 23 23 0
35 38 24 13 25 23 0
35 38 23 2 25 23 0
35 38 19 12 24 15 0
35 38 23 17 24 17 0
35 40 23 16 23 10 0
35 39 19 16 23 25 0
35 42 18 14 23 21 0
35 43 23 11 23 20 0
38 22 27 31 23 73 2
38 32 27 35 27 68 1
38 35 16 18 28 39 0
38 30 17 21 24 38 1
38 28 20 20 26 37 2
38 29 20 22 22 28 3
38 28 17 26 25 34 4
38 28 18 27 28 35 5
38 25 18 29 24 31 6
38 27 13 28 28 33 1
38 33 17 30 28 32 1
38 33 15 31 27 34 4
38 33 9 30 29 30 8
38 32 16 30 32 34 0
38 34 19 28 32 34 5
38 33 20 33 32 34 6
38 28 19 33 30 34 6
38 12 21 31 31 34 8
38 32 19 32 26 32 6
38 34 23 30 42 32 9
38 29 21 29 46 33 7
38 34 22 28 44 33 10
38 40 21 29 44 15 11
38 33 21 33 45 20 7
38 32 21 33 45 19 8
38 34 22 33 43 16 7
38 29 21 33 42 15 1
38 40 20 31 40 14 4
38 47 22 33 41 14 14
38 47 22 33 36 14 12
38 49 22 32 30 13 12
38 48 23 32 36 13 16
38 44 23 33 36 13 4
38 45 22 33 36 13 3
38 46 22 33 43 15 10
38 45 22 34 43 15 11
38 49 21 34 45 15 0
38 50 21 34 45 16 0
38 41 22 34 42 14 0
38 39 21 34 45 14 0
38 42 22 39 45 13 0
38 44 21 39 46 14 0
38 39 23 39 45 13 0
38 37 22 33 45 16 0
38 38 20 34 46 14 0
38 36 21 33 47 15 0
38 39 19 37 46 15 0
38 46 22 37 46 15 0
38 46 21 37 46 13 0
38 45 25 38 46 14 0
38 45 22 36 45 13 0
38 43 20 37 46 16 0
38 45 21 37 46 13 0
38 45 22 37 46 17 0
38 45 20 36 46 8 0
38 44 20 34 46 9 0
38 45 18 34 45 5 0
38 44 20 33 46 11 0
38 44 18 33 46 10 0
38 45 19 34 42 5 0
38 45 19 34 42 1 0
38 39 19 34 45 3 0
38 39 18 34 37 6 0
38 44 19 30 37 8 0
38 38 18 29 36 5 0
38 39 19 30 47 10 0
38 40 19 33 49 8 0
38 42 20 33 44 12 0
38 45 20 30 44 10 0
38 44 19 33 42 3 0
38 45 18 34 43 7 0
38 44 16 33 42 8 0
38 44 18 34 42 8 0
38 43 18 34 41 6 0
38 44 17 33 42 3 0
38 43 19 27 42 4 0
38 43 18 27 36 4 0
38 43 17 26 36 6 0
38 41 18 26 36 3 0
38 40 19 25 34 3 0
38 40 18 27 35 14 0
38 40 18 26 36 17 0
38 39 21 27 35 16 0
38 41 19 27 33 23 0
38 42 19 27 33 24 0
38 42 19 27 37 23 0
38 37 21 27 37 23 0
38 37 20 28 38 16 0
38 37 21 27 37 20 0
38 37 19 29 37 25 0
38 37 19 28 37 21 0
38 37 26 29 38 25 0
38 36 25 30 38 25 0
38 36 26 27 38 24 0
38 36 22 27 38 24 0
38 35 18 28 37 24 0
38 36 25 28 38 27 0
38 34 23 28 38 25 0
38 35 24 28 36 26 0
38 34 23 30 36 25 0
39 21 48 20 34 26 12
39 35 47 20 31 25 14
39 33 22 16 30 37 17
39 33 22 17 29 30 16
39 33 14 16 27 39 19
39 32 14 17 32 38 21
39 34 14 19 32 31 20
39 35 14 19 31 30 16
39 35 14 15 30 28 19
39 34 18 15 33 35 25
39 32 15 17 30 36 20
39 37 12 16 24 35 17
39 37 21 18 26 43 23
39 34 21 17 27 43 22
39 38 9 21 33 44 25
39 38 16 19 33 33 21
39 28 9 5 32 41 19
39 30 24 20 33 42 21
39 33 24 17 29 41 21
39 33 23 19 31 38 19
39 32 24 20 28 34 18
39 21 21 21 28 39 19
39 43 22 19 25 33 18
39 42 23 17 22 32 16
39 35 23 17 31 38 17
39 31 22 18 30 29 19
39 32 21 17 32 29 17
39 37 22 19 29 27 19
39 35 22 20 30 29 16
39 36 22 7 26 24 13
39 33 22 18 34 27 14
39 34 17 18 32 26 12
39 34 22 22 36 27 17
39 32 20 20 37 23 16
39 32 21 19 38 25 20
39 31 16 8 37 28 20
39 33 16 19 38 25 14
39 40 20 17 38 27 16
39 46 24 20 36 27 18
39 45 22 19 36 26 17
39 44 22 18 35 26 17
39 45 21 19 37 23 18
39 43 23 16 35 24 9
39 43 24 12 35 26 10
39 45 18 16 34 24 13
39 45 17 16 32 25 5
39 45 20 16 34 24 3
39 44 22 16 33 29 5
39 45 23 18 30 30 8
39 43 18 18 36 30 6
39 42 22 15 35 21 10
39 42 20 17 37 28 12
39 42 22 17 36 29 10
39 41 20 16 37 27 5
39 40 21 15 34 14 9
39 47 22 20 36 15 11
39 41 19 17 37 13 10
39 41 18 14 33 10 11
39 42 18 16 34 15 11
39 47 19 18 28 14 11
39 46 18 20 34 11 11
39 47 20 17 35 9 9
39 46 20 17 39 7 10
39 46 19 16 33 12 13
39 42 22 18 32 20 11
39 43 22 18 33 14 11
39 43 22 18 34 12 12
39 52 21 18 34 12 12
39 51 19 18 40 11 13
39 53 22 19 40 11 13
39 46 21 18 38 9 13
39 46 22 20 42 8 12
39 47 21 18 41 7 11
39 52 21 18 45 7 11
39 52 22 17 39 9 9
39 55 21 20 40 9 9
39 54 22 17 36 8 10
39 54 21 17 26 8 12
39 53 22 17 28 12 8
39 51 21 16 27 7 16
39 53 21 17 26 11 16
39 52 22 16 30 11 17
39 55 22 19 37 11 17
39 54 22 18 36 10 14
39 55 21 19 37 11 15
39 55 20 19 26 12 11
39 53 22 18 27 11 11
39 55 21 19 29 12 14
39 54 22 19 28 10 12
39 54 21 19 27 11 12
39 54 22 19 26 13 13
39 54 21 16 26 13 15
39 55 21 15 31 17 17
39 55 23 18 41 14 14
39 55 25 19 28 9 12
39 53 23 18 29 7 13
39 54 23 18 27 6 11
39 53 23 18 28 11 10
39 52 23 11 28 14 15
39 54 24 15 26 13 15
3 4 8 4 0 11 33
3 1 8 6 0 16 38
3 12 6 11 0 18 35
3 13 9 9 0 15 34
3 2 10 9 0 12 35
3 6 13 10 0 10 35
3 5 13 14 0 8 41
3 4 8 12 0 14 42
3 3 12 13 0 4 42
3 6 8 11 0 9 41
3 1 12 13 0 8 39
3 12 12 12 0 9 42
3 4 11 7 0 11 40
3 0 7 8 0 6 43
3 0 13 11 0 10 42
3 0 10 9 0 13 38
3 0 9 6 0 10 31
3 0 13 5 0 12 34
3 0 4 8 0 13 39
3 0 5 3 0 6 39
3 0 4 10 0 12 42
3 0 6 12 0 11 42
3 0 2 12 0 12 41
3 0 11 13 0 14 41
3 0 9 11 0 14 44
3 0 7 11 0 14 46
3 0 10 13 0 12 46
3 0 10 12 0 11 43
3 0 8 11 0 12 48
3 0 3 12 0 11 47
3 0 17 14 0 12 48
3 0 20 13 0 11 42
3 0 16 10 0 6 42
3 0 8 9 0 0 43
3 0 15 7 0 6 43
3 0 14 12 0 11 42
3 0 11 9 0 10 39
3 0 12 10 0 12 39
3 0 12 9 0 12 39
3 0 8 9 0 10 40
3 0 9 6 0 9 44
3 0 10 10 0 11 49
3 0 11 8 0 8 50
3 0 14 10 0 8 47
3 0 10 9 0 7 47
3 0 17 7 0 14 46
3 0 17 11 0 14 43
3 0 6 9 0 11 43
3 0 16 7 0 13 43
3 0 17 8 0 13 44
3 0 12 6 0 11 44
3 0 10 5 0 12 44
3 0 14 6 0 14 40
3 0 10 7 0 13 38
3 0 10 7 0 14 37
3 0 10 7 0 17 37
3 0 9 7 0 16 38
3 0 10 22 0 16 38
3 0 11 18 0 15 39
3 0 10 16 0 14 44
3 0 12 18 0 17 45
3 0 12 19 0 18 44
3 0 10 24 0 14 44
3 0 11 23 0 14 45
3 0 10 24 0 16 45
3 0 13 23 0 16 45
3 0 11 21 0 23 46
3 0 14 9 0 20 44
3 0 12 7 0 18 43
3 0 12 8 0 16 44
3 0 12 9 0 23 43
3 0 14 6 0 21 42
3 0 9 0 0 20 42
3 0 12 10 0 19 43
3 0 9 9 0 11 42
3 0 8 9 0 21 43
3 0 6 9 0 17 42
3 0 0 4 0 18 42
3 0 0 6 0 14 41
3 0 0 4 0 12 43
3 0 0 5 0 20 42
3 0 0 6 0 15 41
3 0 0 7 0 20 42
3 0 0 7 0 16 42
3 0 0 5 0 15 42
3 0 0 6 0 19 42
3 0 0 4 0 18 42
3 0 0 9 0 10 38
3 0 0 10 0 9 42
3 0 0 6 0 9 43
3 0 0 7 0 11 43
3 0 0 7 0 9 43
3 0 0 9 0 9 40
3 0 0 9 0 8 42
3 0 0 10 0 9 43
3 0 0 11 0 10 42
3 0 0 9 0 10 43
3 0 0 4 0 11 41
3 0 0 8 0 11 40
3 0 0 1 0 9 40
40 28 17 21 15 56 25
40 29 13 21 15 55 26
40 27 16 21 23 49 26
40 27 13 20 25 35 35
40 24 11 21 17 35 35
40 29 5 24 16 23 35
40 34 21 17 16 23 34
40 35 17 19 20 24 35
40 30 13 18 25 24 32
40 31 16 29 21 25 26
40 28 13 28 22 24 25
40 35 11 21 24 23 24
40 35 5 21 23 24 22
40 35 10 21 23 22 24
40 36 9 20 27 26 24
40 32 9 21 28 25 23
40 32 8 24 26 25 22
40 34 10 17 26 30 20
40 35 1 19 20 30 21
40 35 0 18 18 32 26
40 34 14 18 16 32 25
40 29 12 8 24 31 23
40 29 14 10 24 29 25
40 27 16 12 27 30 25
40 28 15 9 27 26 25
40 29 16 8 26 29 24
40 31 21 6 28 31 24
40 31 15 7 27 31 22
40 32 13 9 27 32 20
40 27 13 11 29 31 22
40 30 12 11 30 28 23
40 32 13 14 31 28 16
40 32 16 14 31 31 14
40 30 16 15 27 32 14
40 36 16 16 32 30 8
40 35 14 16 32 31 11
40 38 15 8 32 28 4
40 38 16 7 31 27 8
40 37 11 8 32 28 8
40 35 9 7 31 28 7
40 35 13 9 30 26 15
40 34 11 10 28 24 13
40 36 13 9 33 26 16
40 35 12 9 37 23 16
40 36 12 12 36 23 9
40 34 16 13 30 25 9
40 31 9 13 30 21 6
40 33 12 13 30 21 19
40 32 13 13 30 23 16
40 33 14 13 30 20 18
40 31 9 13 29 26 20
40 30 18 13 29 25 19
40 31 17 11 29 26 21
40 30 15 11 29 25 20
40 28 14 6 28 19 19
40 35 14 6 27 25 19
40 36 18 5 26 23 18
40 33 15 6 26 24 6
40 34 12 4 26 28 7
40 34 12 6 27 23 6
40 34 12 7 25 22 7
40 31 12 8 25 24 8
40 31 12 10 30 20 10
40 31 15 8 27 21 6
40 32 18 8 29 20 8
40 28 15 9 28 20 7
40 30 12 11 28 20 5
40 27 15 0 28 19 6
40 32 13 9 25 19 6
40 33 14 20 26 19 8
40 32 12 19 24 19 8
40 32 11 21 25 15 6
40 32 11 17 26 26 7
40 33 13 18 27 28 4
40 34 14 20 28 28 5
40 39 14 10 29 27 4
40 40 8 19 31 28 20
40 41 9 14 35 28 21
40 44 16 20 34 30 22
40 43 16 18 36 30 21
40 43 16 18 36 31 20
40 50 16 20 37 31 21
40 49 16 20 37 31 22
40 49 16 18 32 29 22
40 51 14 18 34 29 20
40 50 13 21 31 28 19
40 50 19 18 31 30 20
40 48 15 18 32 30 13
40 50 16 17 32 30 20
40 50 17 21 32 35 20
40 51 16 18 33 36 21
40 48 16 18 31 37 20
40 49 17 17 31 36 23
40 49 17 22 32 36 23
40 49 17 20 31 36 23
40 49 15 20 32 35 23
40 49 19 19 32 35 22
40 49 15 19 31 34 23
40 49 17 19 27 34 21
40 48 15 17 25 34 22
42 28 23 21 28 48 20
42 32 23 19 31 49 19
42 32 23 20 31 26 21
42 33 21 18 28 25 19
42 33 23 18 27 27 22
42 32 22 16 26 27 21
42 33 22 17 25 30 22
42 31 23 22 26 30 22
42 31 23 23 32 30 21
42 32 24 23 29 28 21
42 32 22 23 27 29 21
42 32 21 17 31 29 13
42 34 23 17 31 30 18
42 33 23 17 30 30 17
42 33 23 20 31 29 18
42 29 23 20 31 31 20
42 29 23 20 31 25 24
42 29 22 17 29 26 24
42 29 20 18 28 25 25
42 30 22 19 28 29 24
42 29 21 19 27 28 24
42 27 21 21 27 29 23
42 27 23 14 26 29 24
42 28 26 17 27 27 22
42 27 26 20 30 32 18
42 30 26 17 31 32 23
42 34 25 18 31 28 25
42 34 19 19 30 26 23
42 33 21 19 30 28 23
42 33 21 20 25 30 24
42 35 21 21 24 30 23
42 35 15 19 26 30 24
42 35 25 21 29 30 23
42 35 21 21 26 30 30
42 32 23 19 28 30 30
42 32 22 23 29 30 30
42 31 22 27 31 29 30
42 32 22 27 31 27 30
42 31 24 25 30 29 30
42 32 23 25 29 26 27
42 31 23 25 28 25 28
42 32 26 28 28 25 28
42 32 26 28 24 28 25
42 28 22 24 26 29 23
42 29 20 25 30 28 24
42 31 21 21 30 27 24
42 34 24 25 29 27 24
42 29 23 27 29 27 24
42 33 22 25 30 27 27
42 32 23 27 32 26 27
42 32 24 26 32 30 24
42 31 24 23 32 30 23
42 33 22 24 32 30 25
42 28 21 22 28 31 22
42 28 21 25 27 30 21
42 30 20 16 26 25 19
42 27 20 25 27 27 21
42 27 20 24 28 29 21
42 26 21 25 27 29 18
42 34 22 25 26 29 18
42 35 20 25 27 29 18
42 36 22 25 23 31 23
42 33 25 25 25 27 23
42 33 25 24 24 29 23
42 33 25 25 25 28 22
42 33 25 24 28 28 21
42 36 25 28 27 27 18
42 35 23 23 28 27 17
42 35 23 24 27 27 18
42 35 20 24 28 27 17
42 35 20 29 28 28 18
42 32 20 25 28 27 17
42 32 20 29 29 30 19
42 31 21 29 29 29 20
42 31 26 29 29 30 21
42 30 26 30 30 29 20
42 30 26 29 29 30 20
42 27 27 29 32 29 23
42 29 25 29 24 29 22
42 27 24 30 24 30 21
42 27 24 30 24 30 24
42 27 24 24 24 31 24
42 26 24 30 23 31 23
42 25 24 28 21 29 23
42 27 22 29 20 31 22
42 27 20 29 20 29 22
42 28 20 26 20 29 22
42 26 18 23 20 28 23
42 27 23 24 20 29 24
42 27 23 25 24 26 25
42 29 23 25 24 31 23
42 27 22 22 23 31 26
42 27 21 23 22 26 27
42 28 26 23 23 30 27
42 27 25 24 22 32 28
42 30 24 24 24 33 20
42 32 24 23 21 34 25
42 31 25 20 20 34 28
42 31 24 22 21 33 28
42 32 22 19 23 34 28
44 20 9 31 20 50 27
44 25 22 33 22 51 27
44 27 14 28 28 51 23
44 25 19 29 28 51 24
44 24 22 28 31 51 22
44 26 18 24 32 52 27
44 30 20 24 33 52 27
44 30 21 30 33 53 26
44 32 20 30 31 63 26
44 32 22 30 32 32 25
44 29 22 19 31 34 22
44 28 23 25 30 29 22
44 27 23 30 29 41 24
44 31 24 29 29 32 25
44 32 23 28 28 33 23
44 32 23 26 30 35 18
44 30 22 29 28 34 23
44 32 23 27 30 38 18
44 31 23 28 28 36 21
44 30 22 27 25 36 18
44 33 22 26 27 35 19
44 34 23 29 26 36 19
44 36 22 25 27 37 19
44 36 24 25 26 38 22
44 36 22 24 26 38 17
44 35 23 26 26 34 21
44 35 22 27 26 34 22
44 36 24 26 26 30 22
44 35 22 26 27 35 22
44 37 23 24 27 38 21
44 36 24 28 26 37 19
44 35 25 28 25 34 20
44 35 23 27 26 33 19
44 35 24 27 25 33 15
44 36 23 28 26 32 21
44 35 24 27 26 32 21
44 35 24 28 26 31 21
44 35 22 28 25 32 21
44 36 22 28 25 33 19
44 35 21 26 26 32 20
44 36 23 29 27 33 20
44 35 23 27 23 33 21
44 36 25 29 27 33 20
44 35 25 29 27 32 20
44 36 25 29 25 32 20
44 35 24 28 27 32 18
44 35 25 28 27 32 21
44 34 25 29 28 32 23
44 36 25 28 27 32 22
44 36 25 28 28 33 22
44 35 23 25 27 33 21
44 36 23 24 28 33 22
44 36 25 21 28 33 19
44 41 26 21 28 32 20
44 40 23 20 28 32 20
44 41 25 19 28 32 20
44 41 24 22 27 32 19
44 39 24 22 28 31 20
44 39 25 23 28 32 26
44 40 25 16 27 31 18
44 40 24 20 27 31 22
44 39 25 20 27 30 21
44 39 27 19 28 32 23
44 41 22 20 28 31 24
44 40 26 21 28 30 23
44 40 25 19 27 31 23
44 39 25 17 28 31 23
44 39 25 19 28 31 24
44 39 24 21 29 31 23
44 39 23 20 28 31 23
44 39 23 21 27 31 22
44 40 25 18 28 30 22
44 39 24 19 29 30 22
44 40 22 16 29 31 26
44 39 24 15 27 30 24
44 40 24 19 29 30 26
44 40 24 18 27 30 26
44 39 24 19 28 31 25
44 40 24 18 28 31 25
44 40 25 20 28 31 26
44 39 24 20 28 30 24
44 39 23 21 28 31 26
44 39 20 20 28 32 25
44 40 23 21 28 31 24
44 39 27 21 28 30 22
44 39 25 20 28 30 23
44 39 26 21 29 31 23
44 39 26 18 29 31 22
44 39 26 19 29 31 23
44 39 26 21 28 31 23
44 39 26 22 24 31 24
44 40 28 23 24 30 26
44 39 28 22 24 30 26
44 39 25 22 23 30 26
44 40 26 23 23 31 26
44 39 25 22 22 30 23
44 39 26 22 24 30 23
44 39 25 22 23 32 23
44 39 25 22 24 31 24
44 38 25 22 22 30 24
45 30 48 30 24 33 26
45 27 29 24 21 38 26
45 28 28 23 21 37 25
45 29 28 25 24 37 25
45 29 28 23 24 30 24
45 30 27 23 24 37 24
45 30 27 25 19 37 24
45 27 28 26 22 37 25
45 29 28 27 25 37 27
45 29 27 28 23 38 27
45 28 28 23 23 38 29
45 29 27 27 23 37 29
45 27 26 30 22 37 29
45 28 27 30 21 36 28
45 30 27 27 22 36 28
45 28 28 27 21 36 29
45 27 28 25 22 36 28
45 27 28 27 21 36 27
45 26 29 29 25 32 29
45 28 28 28 22 31 29
45 28 29 27 22 37 28
45 28 29 26 23 36 28
45 28 28 23 23 36 28
45 29 26 24 24 35 29
45 28 23 31 23 38 28
45 27 26 32 23 36 27
45 29 27 33 24 32 27
45 30 27 33 24 33 27
45 30 27 33 22 33 28
45 29 23 33 23 33 27
45 30 24 33 24 33 27
45 28 30 32 25 32 27
45 28 28 28 25 32 27
45 29 28 28 21 27 20
45 29 28 29 21 38 23
45 28 28 31 22 37 25
45 28 27 32 20 37 24
45 30 25 32 21 32 24
45 28 28 33 18 32 23
45 28 27 32 20 32 23
45 26 27 33 20 32 23
45 26 29 32 19 28 27
45 30 28 31 21 31 29
45 30 27 33 19 29 30
45 24 27 26 19 29 27
45 31 29 33 18 34 28
45 32 30 34 18 42 27
45 33 30 33 23 43 28
45 31 30 34 23 42 28
45 32 25 29 22 41 28
45 31 27 28 21 41 30
45 29 27 33 21 41 29
45 30 27 34 23 41 26
45 30 27 34 20 41 26
45 29 27 34 19 41 25
45 29 21 32 16 37 23
45 29 27 30 15 36 26
45 26 26 34 16 36 26
45 25 28 33 17 35 24
45 25 27 32 15 38 24
45 24 28 34 22 28 15
45 26 27 32 23 28 12
45 23 26 31 22 29 15
45 22 24 31 24 32 21
45 23 25 29 23 33 26
45 23 21 29 22 32 31
45 23 25 27 22 32 31
45 19 25 29 23 30 30
45 18 29 33 23 31 31
45 19 27 32 19 24 31
45 21 26 32 20 27 31
45 24 26 32 23 30 31
45 26 22 32 23 30 31
45 26 26 30 22 28 32
45 25 26 27 22 31 33
45 26 25 31 22 32 32
45 26 22 27 20 29 28
45 25 23 26 20 36 27
45 26 22 27 19 37 27
45 24 21 26 20 37 27
45 22 20 32 20 36 26
45 23 22 33 22 38 25
45 25 23 32 20 44 26
45 27 20 32 18 43 24
45 28 21 31 18 43 23
45 28 22 31 19 42 26
45 27 20 28 17 38 26
45 25 22 30 17 38 27
45 23 21 30 17 38 26
45 22 18 33 18 36 26
45 24 18 32 19 39 26
45 22 21 33 19 38 27
45 21 21 29 16 36 27
45 21 21 30 24 35 28
45 19 25 32 23 35 28
45 25 25 32 24 34 29
45 26 21 32 24 38 28
45 25 20 32 15 39 29
45 25 23 33 16 41 29
45 24 23 33 17 39 26
46 37 46 29 28 32 32
46 39 46 29 28 32 32
46 37 47 29 29 32 31
46 38 47 30 29 31 30
46 37 47 32 31 32 32
46 38 42 32 30 31 31
46 38 42 33 30 31 31
46 38 41 33 30 30 32
46 39 40 32 32 31 25
46 36 42 33 31 30 26
46 36 40 30 32 31 25
46 38 44 30 33 30 26
46 36 43 31 34 29 21
46 38 44 30 34 31 24
46 37 44 29 33 31 26
46 37 42 30 35 31 26
46 38 46 30 35 32 29
46 43 45 34 34 32 30
46 46 46 32 34 30 30
46 43 45 31 34 32 30
46 44 44 33 34 31 28
46 45 41 33 33 31 27
46 47 45 32 33 33 30
46 45 45 34 34 33 29
46 47 45 34 34 34 29
46 37 45 33 35 33 28
46 37 44 33 33 34 27
46 37 44 35 35 33 28
46 38 46 35 35 34 28
46 38 47 34 35 33 27
46 38 44 32 35 34 27
46 38 46 34 35 33 29
46 39 44 33 34 29 29
46 39 44 34 34 28 27
46 37 44 34 35 28 28
46 38 46 32 35 28 29
46 39 44 34 33 28 29
46 37 43 33 33 29 29
46 39 45 34 35 28 29
46 37 46 34 33 28 28
46 38 46 34 33 30 28
46 36 44 34 34 29 28
46 36 45 34 33 28 26
46 39 45 34 34 28 27
46 38 43 33 34 28 26
46 38 45 33 34 29 26
46 37 44 33 33 28 24
46 39 47 33 34 27 26
46 37 47 33 34 28 26
46 38 45 37 35 27 26
46 38 45 38 34 27 27
46 38 45 37 34 27 24
46 40 46 38 34 27 26
46 38 44 38 33 29 27
46 39 45 37 33 29 25
46 39 44 38 32 30 26
46 39 44 37 34 31 25
46 38 45 37 34 30 25
46 37 46 37 35 31 26
46 40 44 38 34 31 26
46 40 45 38 34 33 25
46 39 47 38 35 33 25
46 39 45 38 35 31 25
46 39 44 38 35 32 26
46 38 44 37 34 31 25
46 37 46 38 34 31 25
46 38 45 36 34 31 25
46 39 47 37 35 32 23
46 39 45 36 34 32 26
46 38 45 38 35 32 25
46 39 47 38 33 29 25
46 38 39 38 35 31 25
46 38 47 37 34 32 26
46 37 45 37 34 31 25
46 38 46 38 34 33 25
46 38 44 38 33 32 26
46 38 44 38 34 33 27
46 38 45 39 34 32 27
46 38 44 38 35 31 26
46 38 43 37 35 32 26
46 39 43 38 33 32 24
46 39 45 37 33 31 25
46 38 41 37 34 30 24
46 37 43 36 33 32 26
46 37 44 36 34 32 26
46 37 42 38 35 31 24
46 40 44 36 34 33 26
46 37 44 36 34 31 26
46 39 46 37 34 31 24
46 38 44 37 34 31 26
46 37 45 38 34 32 24
46 39 45 36 35 32 25
46 37 44 36 34 31 26
46 38 44 36 35 32 26
46 37 44 37 33 31 26
46 38 46 37 33 31 26
46 38 46 37 35 33 24
46 37 46 36 34 32 24
46 37 45 37 34 34 25
46 38 46 37 34 34 23
47 44 40 34 32 37 31
47 44 40 33 32 37 31
47 44 40 33 32 36 31
47 43 40 33 33 37 31
47 43 40 34 32 36 28
47 45 40 34 32 38 27
47 44 40 33 32 36 26
47 44 39 33 32 37 26
47 45 40 34 32 38 32
47 45 38 34 32 37 30
47 44 40 34 32 37 30
47 46 39 34 33 37 29
47 54 40 34 32 37 25
47 57 33 33 32 37 26
47 55 40 33 33 38 27
47 55 41 34 32 37 26
47 55 41 34 32 37 26
47 55 41 34 32 36 24
47 54 40 34 32 37 26
47 56 40 34 32 37 26
47 56 39 33 32 37 27
47 56 40 33 32 37 26
47 55 38 34 32 37 27
47 56 39 34 32 38 25
47 55 40 33 32 36 28
47 56 40 34 32 31 27
47 55 41 34 32 24 27
47 55 40 34 31 24 25
47 55 39 33 31 25 23
47 55 40 34 31 26 19
47 55 39 34 30 23 23
47 57 39 35 32 24 22
47 42 39 34 31 26 19
47 48 40 34 31 25 23
47 48 40 33 31 26 23
47 48 39 34 31 26 20
47 48 40 33 31 25 20
47 45 39 34 31 24 26
47 45 40 34 31 25 25
47 44 41 34 32 26 24
47 45 40 34 31 25 24
47 45 40 34 31 26 26
47 47 40 34 32 24 23
47 46 40 34 32 25 24
47 46 39 34 32 25 25
47 45 41 34 31 25 23
47 47 40 35 31 26 23
47 46 39 34 31 24 23
47 46 40 34 32 25 23
47 46 40 34 31 28 23
47 47 39 33 31 28 24
47 34 39 34 31 28 25
47 34 38 34 31 29 24
47 27 36 33 32 28 24
47 29 35 34 31 27 25
47 30 36 33 31 28 22
47 36 36 34 31 28 26
47 34 36 33 31 29 25
47 33 36 34 31 27 23
47 34 36 33 30 27 24
47 34 35 34 32 26 23
47 32 35 34 31 25 24
47 32 36 34 31 29 23
47 31 35 33 30 28 23
47 32 35 33 31 27 24
47 32 35 34 31 27 23
47 32 36 33 32 26 23
47 35 34 33 31 26 24
47 34 35 33 31 26 24
47 35 35 33 31 26 24
47 36 35 33 31 27 24
47 37 35 34 31 23 27
47 37 34 33 30 26 27
47 36 32 27 31 26 28
47 36 34 30 31 26 28
47 38 35 30 30 26 27
47 36 35 29 30 26 26
47 38 35 29 31 26 27
47 37 34 29 30 26 26
47 36 33 28 31 27 27
47 37 39 29 30 26 27
47 38 39 29 31 26 28
47 40 40 28 32 27 28
47 38 40 29 31 26 27
47 37 36 29 31 26 28
47 38 38 29 30 26 28
47 39 36 28 31 26 28
47 38 36 26 31 26 30
47 38 37 28 26 26 25
47 38 36 30 26 26 26
47 40 32 30 26 24 25
47 38 31 29 24 23 25
47 39 36 29 24 23 25
47 38 39 29 24 23 25
47 38 40 29 24 24 25
47 37 39 26 23 24 26
47 37 39 27 19 24 24
47 38 39 27 25 24 25
47 40 39 27 24 23 25
47 38 38 28 26 24 26
48 34 33 28 20 28 33
48 33 35 28 21 33 33
48 33 34 28 20 32 33
48 33 35 28 20 33 33
48 33 35 28 21 32 34
48 33 35 27 31 32 33
48 33 35 29 33 31 33
48 34 35 29 32 32 32
48 34 35 27 32 33 34
48 33 34 28 34 32 34
48 33 33 28 34 32 33
48 33 34 28 35 32 34
48 33 34 28 34 33 34
48 33 35 28 35 31 33
48 31 34 29 34 31 33
48 33 35 27 34 32 33
48 32 35 27 32 34 33
48 33 35 29 34 34 34
48 32 34 28 34 33 33
48 31 35 28 35 33 34
48 33 34 29 34 34 33
48 33 34 28 35 33 34
48 33 35 28 35 34 34
48 32 35 27 35 34 34
48 32 35 28 35 33 34
48 33 34 28 35 34 32
48 33 35 28 34 35 33
48 34 35 27 36 34 33
48 33 34 29 35 36 34
48 33 33 28 34 35 33
48 32 34 28 35 41 35
48 33 35 28 32 41 35
48 33 36 27 32 41 35
48 32 36 28 34 40 33
48 33 35 28 31 43 34
48 32 34 28 31 44 34
48 31 35 27 34 43 34
48 32 33 28 33 44 34
48 32 34 28 39 44 34
48 32 36 28 37 45 34
48 32 35 29 38 44 35
48 34 35 30 37 43 34
48 33 35 28 28 45 34
48 32 35 25 27 45 34
48 32 35 25 27 45 34
48 32 34 24 27 45 34
48 34 34 28 23 42 33
48 32 35 25 28 44 34
48 32 34 27 26 43 35
48 32 35 27 24 43 34
48 32 35 27 25 43 34
48 32 34 27 26 42 34
48 32 35 27 27 46 35
48 31 35 27 23 38 34
48 32 36 28 24 39 34
48 32 34 27 26 44 33
48 33 35 27 26 41 36
48 32 34 26 27 42 35
48 32 33 27 27 42 40
48 32 34 28 26 42 40
48 32 35 28 27 46 41
48 32 35 29 27 43 34
48 34 35 29 26 42 34
48 33 35 32 27 42 34
48 32 35 31 27 42 33
48 33 35 35 24 36 34
48 32 35 31 26 36 34
48 32 34 30 25 39 33
48 32 35 31 26 44 35
48 35 33 31 25 44 33
48 35 35 28 26 45 36
48 35 34 29 26 49 34
48 35 34 29 26 49 28
48 34 34 29 25 50 28
48 34 34 30 27 49 28
48 34 38 31 24 48 28
48 34 35 34 26 49 30
48 35 33 38 27 49 31
48 35 33 38 27 46 31
48 34 29 37 25 46 30
48 35 29 27 27 46 29
48 33 29 29 26 45 29
48 34 28 29 27 45 34
48 34 29 29 27 44 32
48 34 31 31 27 42 36
48 35 32 34 26 46 30
48 34 31 33 27 46 30
48 33 32 32 26 47 31
48 33 31 30 27 44 30
48 34 33 32 27 44 27
48 33 32 32 25 45 31
48 34 33 32 27 44 31
48 33 32 32 25 45 31
48 33 32 31 26 49 31
48 33 32 32 26 49 33
48 34 31 32 26 48 35
48 35 31 32 25 47 35
48 34 29 32 26 47 35
48 34 36 32 25 46 40
48 35 37 29 25 48 41
49 48 41 33 33 30 20
49 47 35 33 34 31 19
49 48 40 33 34 32 22
49 48 41 33 32 30 24
49 49 42 32 33 31 25
49 48 41 34 33 31 24
49 48 40 33 33 31 22
49 48 41 33 33 31 22
49 48 42 34 32 31 18
49 48 42 33 33 29 22
49 47 41 34 32 30 18
49 48 41 33 33 32 21
49 48 41 33 34 31 14
49 50 40 34 32 31 0
49 49 41 33 33 32 0
49 47 41 33 33 32 0
49 49 42 34 33 31 0
49 47 41 34 34 30 0
49 49 41 33 34 30 0
49 48 41 34 34 31 0
49 38 40 33 34 31 0
49 37 42 33 32 31 0
49 38 40 33 32 31 0
49 37 41 33 32 31 0
49 37 41 33 33 31 0
49 38 41 33 32 31 0
49 38 41 33 33 31 0
49 37 41 33 34 31 0
49 37 41 33 32 30 0
49 39 42 32 33 32 0
49 38 42 33 33 30 0
49 38 42 33 32 31 0
49 38 41 34 33 31 0
49 37 41 33 33 31 0
49 38 41 33 33 25 0
49 38 42 34 33 25 0
49 38 41 34 34 25 0
49 37 42 33 32 25 0
49 38 41 34 33 25 0
49 39 44 33 33 23 0
49 38 43 33 32 24 0
49 37 42 32 33 26 0
49 38 41 34 33 24 0
49 38 42 33 33 28 0
49 37 42 34 34 25 0
49 38 42 34 32 26 0
49 38 43 34 31 26 0
49 35 40 34 32 25 0
49 38 41 33 32 26 0
49 38 41 34 32 25 0
49 39 42 34 33 25 0
49 38 41 34 33 25 0
49 39 43 35 33 26 0
49 38 41 34 32 25 0
49 38 42 34 32 25 0
49 38 43 34 33 25 0
49 38 42 34 32 25 0
49 37 42 34 33 26 0
49 34 38 34 33 26 0
49 33 38 34 33 25 0
49 31 38 33 32 25 0
49 31 38 34 33 25 0
49 33 39 33 33 25 0
49 33 40 34 33 25 0
49 31 38 33 33 25 0
49 28 39 34 33 26 0
49 28 38 34 31 25 0
49 30 39 33 33 25 0
49 30 39 33 33 25 0
49 30 38 35 33 25 0
49 32 38 34 32 25 0
49 32 38 34 32 25 0
49 31 38 33 32 25 0
49 30 38 34 33 25 0
49 32 38 34 33 25 0
49 37 38 34 34 25 0
49 36 39 34 33 25 0
49 34 39 35 32 25 0
49 32 39 34 31 25 0
49 34 38 35 31 26 0
49 32 39 35 31 26 0
49 33 39 35 32 25 0
49 32 38 34 32 26 0
49 36 38 34 31 24 0
49 32 38 34 33 27 0
49 34 39 34 33 29 0
49 37 36 34 33 28 0
49 36 38 33 32 28 0
49 36 40 33 33 30 0
49 35 35 34 32 29 0
49 36 38 34 32 28 0
49 35 37 34 33 28 0
49 36 33 33 34 28 0
49 35 33 34 34 28 0
49 34 34 33 33 29 0
49 36 30 33 33 28 0
49 39 38 34 32 28 0
49 39 38 34 33 26 0
49 35 38 34 31 26 0
49 32 38 34 33 28 0
4 3 6 7 0 14 31
4 5 6 10 0 12 32
4 8 8 7 0 13 32
4 0 12 9 0 15 32
4 7 11 5 0 15 32
4 6 10 7 0 13 32
4 2 14 7 0 8 32
4 3 12 6 0 7 33
4 6 11 9 0 8 32
4 3 13 8 0 17 32
4 8 13 9 0 16 32
4 14 14 9 0 13 32
4 12 7 8 0 17 31
4 14 10 8 0 14 31
4 13 6 8 0 17 32
4 6 6 10 0 16 32
4 8 10 8 0 17 31
4 8 12 11 0 11 32
4 8 10 9 0 7 31
4 4 7 6 0 18 32
4 8 13 8 0 19 32
4 7 9 8 0 16 31
4 7 11 8 0 20 33
4 8 8 9 0 21 33
4 0 6 7 0 17 33
4 0 9 4 0 11 32
4 0 12 4 0 17 32
4 0 13 15 0 16 32
4 0 16 13 0 20 31
4 0 17 15 0 9 32
4 0 17 15 0 11 32
4 0 16 7 0 20 32
4 0 18 12 0 18 32
4 0 19 8 0 15 32
4 0 19 10 0 14 32
4 0 18 4 0 15 32
4 0 17 4 0 14 32
4 0 15 6 0 16 32
4 0 15 3 0 15 31
4 0 13 10 0 18 32
4 0 12 7 0 18 32
4 0 13 10 0 15 32
4 0 12 2 0 17 32
4 0 13 12 0 16 32
4 0 10 12 0 15 33
4 0 12 7 0 7 33
4 0 12 11 0 10 31
4 0 8 9 0 17 31
4 0 13 7 0 18 30
4 0 12 5 0 18 29
4 0 16 8 0 17 29
4 0 16 5 0 17 29
4 0 15 6 0 19 29
4 0 13 4 0 18 29
4 0 16 6 0 17 29
4 0 15 5 0 16 30
4 0 16 6 0 15 29
4 0 16 5 0 12 29
4 0 14 7 0 8 36
4 0 4 8 0 14 36
4 0 6 10 0 16 36
4 0 16 5 0 17 36
4 0 12 3 0 14 36
4 0 14 7 0 18 36
4 0 11 2 0 16 37
4 0 10 7 0 17 36
4 0 13 6 0 14 37
4 0 9 7 0 12 36
4 0 15 6 0 16 37
4 0 16 8 0 15 38
4 0 12 8 0 15 36
4 0 10 3 0 17 37
4 0 9 3 0 10 37
4 0 10 6 0 19 36
4 0 16 7 0 16 36
4 0 15 7 0 17 37
4 0 11 4 0 16 37
4 0 10 4 0 1 37
4 0 9 3 0 19 37
4 0 5 4 0 17 37
4 0 10 5 0 18 36
4 0 10 5 0 18 37
4 0 7 4 0 17 38
4 0 10 3 0 16 37
4 0 10 6 0 11 37
4 0 8 5 0 16 37
4 0 8 5 0 14 37
4 0 10 5 0 8 36
4 0 8 7 0 14 36
4 0 10 11 0 10 36
4 0 10 7 0 3 36
4 0 9 9 0 2 37
4 0 3 6 0 15 40
4 0 7 4 0 20 40
4 0 7 9 0 20 39
4 0 9 13 0 11 42
4 0 10 7 0 17 43
4 0 11 7 0 17 42
4 0 12 6 0 18 40
4 0 11 9 0 16 42
50 34 33 36 20 9 12
50 33 37 34 31 21 0
50 31 40 33 32 20 0
50 31 39 35 30 21 0
50 31 38 30 30 21 0
50 35 30 32 25 22 0
50 34 35 36 27 7 0
50 29 32 36 28 17 0
50 31 32 36 27 20 0
50 29 36 35 27 14 0
50 29 35 37 26 12 0
50 29 32 38 26 19 0
50 30 34 37 26 18 0
50 30 34 35 25 16 0
50 31 33 36 26 18 0
50 31 33 36 26 18 0
50 30 33 35 24 18 0
50 30 31 35 24 20 0
50 30 25 34 21 25 0
50 31 25 29 22 23 0
50 30 35 29 24 23 0
50 30 35 34 24 23 0
50 30 35 35 25 23 0
50 30 36 34 25 22 0
50 29 36 34 24 24 0
50 30 35 34 26 24 0
50 28 35 34 25 25 0
50 29 35 34 26 24 0
50 29 34 35 25 24 0
50 29 35 33 26 24 0
50 30 34 33 26 23 0
50 24 34 33 27 24 0
50 28 34 32 26 23 0
50 30 34 31 26 21 0
50 29 32 30 26 22 0
50 30 34 31 26 21 0
50 29 33 31 25 20 0
50 30 34 30 25 21 0
50 29 35 30 25 21 0
50 27 33 30 25 22 0
50 31 32 28 26 23 0
50 30 34 30 27 22 0
50 31 33 31 26 22 0
50 29 32 31 26 22 0
50 30 34 32 27 22 0
50 30 33 32 25 22 0
50 31 34 33 24 21 0
50 32 34 33 24 21 0
50 29 31 32 26 23 0
50 29 31 31 25 22 0
50 30 32 33 26 21 0
50 29 34 35 26 22 0
50 29 35 37 26 22 0
50 29 29 35 26 21 0
50 29 30 34 26 21 0
50 33 30 33 23 21 0
50 32 29 33 25 22 0
50 30 31 32 25 22 0
50 30 30 32 26 23 0
50 31 30 30 25 23 0
50 30 30 30 28 22 0
50 29 27 35 29 21 0
50 29 27 35 28 21 0
50 31 27 35 27 21 0
50 30 28 35 27 21 0
50 29 27 34 26 20 0
50 29 30 34 26 21 0
50 31 30 41 26 21 0
50 30 28 41 25 21 0
50 29 29 40 25 21 0
50 29 28 35 26 21 0
50 30 28 34 26 21 0
50 31 28 34 25 20 0
50 31 28 34 26 19 0
50 30 28 33 26 19 0
50 30 29 32 26 20 0
50 30 28 33 26 20 0
50 29 29 32 26 17 0
50 31 28 33 24 23 0
50 32 28 34 23 24 0
50 30 27 33 24 23 0
50 30 27 33 24 24 0
50 31 28 33 25 23 0
50 31 29 33 24 20 0
50 32 28 34 26 20 0
50 32 29 33 28 20 0
50 31 29 33 25 27 0
50 30 29 33 24 0 0
50 30 30 34 24 0 0
50 30 28 34 26 0 0
50 30 24 35 25 0 0
50 29 24 35 25 0 0
50 26 24 35 27 0 0
50 29 23 35 27 0 0
50 29 21 36 26 0 0
50 26 26 36 24 0 0
50 29 26 36 25 0 0
50 27 26 36 24 0 0
50 28 26 36 26 0 0
50 27 27 36 25 0 0
51 27 29 36 31 27 0
51 27 28 33 31 29 0
51 32 33 36 31 30 0
51 31 27 39 30 29 0
51 27 28 38 31 29 0
51 30 29 37 31 27 0
51 30 28 39 30 27 0
51 30 29 42 31 27 0
51 30 29 42 32 28 0
51 30 29 42 31 24 0
51 30 30 43 31 24 0
51 31 29 43 32 24 0
51 31 28 36 32 23 0
51 31 29 43 32 23 0
51 31 29 43 32 23 0
51 31 30 44 33 23 0
51 31 29 44 33 23 0
51 30 30 46 31 23 0
51 31 28 46 34 23 0
51 31 20 45 33 24 0
51 30 28 46 34 23 0
51 30 27 46 33 24 0
51 30 24 47 34 24 0
51 32 25 48 34 23 0
51 33 26 46 35 24 0
51 32 26 47 34 23 0
51 32 28 46 33 24 0
51 33 29 47 34 24 0
51 33 26 47 33 24 0
51 33 26 46 34 22 0
51 33 26 44 34 22 0
51 30 26 44 32 22 0
51 31 26 44 30 24 0
51 30 26 38 30 24 0
51 31 26 38 29 19 0
51 31 26 40 29 23 0
51 32 26 43 30 22 0
51 31 27 45 33 23 0
51 32 27 45 33 25 0
51 31 27 44 31 25 0
51 33 26 45 30 31 0
51 32 27 44 31 31 0
51 32 27 42 31 31 0
51 29 28 44 31 28 0
51 29 28 43 30 28 0
51 31 27 45 31 28 0
51 29 28 45 31 29 0
51 32 28 45 30 30 0
51 32 27 46 29 29 0
51 31 24 46 29 30 0
51 32 24 48 29 28 0
51 32 25 46 30 29 0
51 31 30 44 30 28 0
51 31 30 44 33 31 0
51 32 27 43 33 32 0
51 32 26 41 32 31 0
51 31 26 41 33 31 0
51 33 25 42 32 31 0
51 30 25 43 31 30 0
51 31 21 39 32 30 0
51 30 27 43 32 29 0
51 30 27 42 32 30 0
51 29 26 45 31 29 0
51 29 26 40 31 30 0
51 31 27 39 31 30 0
51 31 26 38 35 30 0
51 36 26 45 34 29 0
51 31 27 45 32 29 0
51 31 27 49 32 23 0
51 31 27 49 32 24 0
51 32 26 47 34 24 0
51 33 27 47 31 24 0
51 31 26 46 30 21 0
51 30 27 43 31 24 0
51 29 26 42 31 26 0
51 30 27 41 33 26 0
51 27 27 41 29 26 0
51 26 26 38 29 26 0
51 30 27 44 29 27 0
51 30 27 45 29 24 0
51 29 26 44 33 24 0
51 29 27 43 31 25 0
51 30 27 33 35 26 0
51 30 27 33 33 25 0
51 31 28 40 33 23 0
51 30 27 40 32 26 0
51 30 26 43 32 25 0
51 28 27 41 32 25 0
51 29 26 43 32 27 0
51 31 26 44 32 26 0
51 33 27 42 32 27 0
51 34 26 42 31 26 0
51 33 25 42 31 26 0
51 33 26 43 32 26 0
51 32 25 44 32 26 0
51 35 25 44 31 27 0
51 35 25 44 31 27 0
51 34 25 47 32 26 0
51 35 22 44 31 27 0
51 35 24 46 32 28 0
52 33 33 30 30 19 10
52 33 33 28 29 15 12
52 33 34 29 29 18 10
52 32 32 29 29 19 6
52 31 29 30 30 18 8
52 30 32 28 28 19 5
52 29 33 31 41 21 5
52 31 35 30 42 19 4
52 31 32 31 41 21 6
52 32 33 31 38 19 5
52 34 34 32 38 20 7
52 33 33 31 38 15 7
52 33 32 31 38 20 9
52 36 31 30 41 18 8
52 33 26 30 39 17 7
52 34 30 34 41 15 7
52 35 30 33 43 17 4
52 36 29 34 47 20 6
52 36 31 29 35 19 3
52 36 32 30 39 15 10
52 42 24 29 40 18 11
52 41 23 32 41 19 4
52 42 25 32 39 21 8
52 42 24 31 40 17 9
52 37 24 30 40 14 6
52 34 25 29 40 19 11
52 37 24 30 37 18 8
52 38 26 30 36 19 7
52 36 23 30 36 17 12
52 31 21 30 36 19 9
52 30 25 29 35 17 10
52 32 24 28 35 16 8
52 33 22 29 34 19 8
52 32 23 30 34 20 12
52 31 21 28 35 20 10
52 33 24 30 34 19 9
52 31 27 30 34 20 13
52 33 27 31 34 19 12
52 32 24 31 34 17 11
52 33 27 30 34 17 12
52 33 29 30 34 20 11
52 33 25 30 32 30 10
52 33 25 30 33 28 10
52 33 28 29 34 28 12
52 34 27 29 33 29 11
52 34 28 34 33 27 9
52 34 27 33 39 27 9
52 35 28 32 40 26 8
52 36 28 33 39 26 9
52 35 28 33 32 29 10
52 34 30 34 33 29 9
52 33 29 33 34 29 13
52 33 29 32 32 30 34
52 32 27 34 34 29 34
52 34 24 33 33 29 33
52 33 30 32 33 25 34
52 35 30 32 35 25 0
52 36 29 31 35 25 0
52 35 28 33 35 21 0
52 36 28 30 35 24 0
52 32 28 29 29 23 0
52 32 30 32 30 20 0
52 33 30 33 30 22 0
52 34 28 30 31 22 0
52 34 29 30 36 24 0
52 33 29 30 35 17 0
52 34 28 30 35 17 0
52 33 29 30 36 21 0
52 34 28 31 34 15 0
52 34 27 29 32 20 0
52 34 30 29 32 21 0
52 33 29 29 33 18 0
52 34 29 29 32 16 0
52 34 29 29 33 19 0
52 34 29 29 33 23 0
52 37 29 30 33 22 0
52 37 27 32 35 20 0
52 35 27 31 31 21 0
52 36 26 31 33 20 0
52 36 28 30 31 20 0
52 36 28 32 31 21 0
52 36 29 31 38 15 0
52 37 27 31 37 23 0
52 34 28 35 37 15 0
52 35 28 32 37 18 0
52 35 28 33 35 15 0
52 35 29 31 39 12 0
52 39 29 31 39 18 0
52 40 29 31 39 21 0
52 41 29 34 40 22 0
52 37 28 30 37 20 0
52 39 30 30 38 23 0
52 38 29 30 37 23 0
52 39 31 33 35 23 0
52 39 30 34 34 23 0
52 42 29 34 34 22 0
52 42 30 34 33 22 0
52 42 30 34 33 23 0
52 42 30 34 38 22 0
52 42 29 33 39 21 0
53 25 28 37 18 45 34
53 25 28 38 18 46 36
53 25 29 38 18 43 35
53 21 27 37 20 74 35
53 22 25 38 18 39 35
53 23 25 37 20 39 35
53 21 24 38 34 39 35
53 20 22 38 34 39 34
53 22 24 41 34 34 31
53 22 25 39 33 35 31
53 22 25 39 35 33 27
53 27 27 40 36 42 31
53 27 26 40 36 42 35
53 26 27 39 37 42 34
53 23 27 40 36 42 35
53 22 27 40 35 42 36
53 23 27 39 35 40 38
53 29 26 32 35 25 37
53 28 30 32 35 26 37
53 25 31 32 42 25 35
53 29 30 31 40 24 34
53 18 28 28 40 24 34
53 45 31 29 41 24 34
53 46 30 29 39 25 30
53 45 31 41 39 26 24
53 44 35 40 38 25 14
53 45 35 40 41 25 13
53 45 31 20 39 25 14
53 45 39 28 39 27 13
53 45 26 30 39 27 15
53 45 26 29 36 26 32
53 46 27 34 36 27 0
53 47 29 34 40 27 0
53 47 30 34 37 28 0
53 44 31 36 35 27 0
53 46 30 35 36 27 0
53 49 31 35 36 28 0
53 49 30 35 39 28 0
53 49 32 35 36 24 0
53 51 32 35 36 27 0
53 47 31 35 32 28 0
53 47 31 35 41 25 0
53 47 31 35 41 28 0
53 48 31 35 36 27 0
53 47 29 35 38 27 0
53 47 30 34 37 29 0
53 49 30 34 38 29 0
53 43 32 34 40 25 0
53 44 33 35 40 25 0
53 46 32 34 36 28 0
53 47 32 33 35 24 0
53 48 33 33 33 25 0
53 48 34 33 36 26 0
53 47 31 36 37 28 0
53 49 28 36 39 25 0
53 53 28 36 37 26 0
53 51 28 33 37 30 0
53 47 34 34 36 30 0
53 43 33 30 35 30 0
53 43 32 32 36 30 0
53 45 31 32 37 30 0
53 45 32 35 36 30 0
53 47 33 37 37 30 0
53 47 31 37 36 30 0
53 48 33 34 34 22 0
53 44 33 34 34 26 0
53 49 36 34 37 28 0
53 47 36 35 43 27 0
53 44 33 37 42 30 0
53 46 32 37 40 24 0
53 45 34 37 42 23 0
53 49 35 38 41 28 0
53 48 35 38 43 26 0
53 48 33 35 43 23 0
53 48 35 36 42 24 0
53 51 30 35 43 28 0
53 52 34 34 44 30 0
53 45 33 36 43 30 0
53 46 33 37 43 31 0
53 46 33 35 42 31 0
53 49 34 36 42 31 0
53 50 33 36 41 30 0
53 51 36 30 44 28 0
53 47 34 30 43 29 0
53 46 34 38 45 29 0
53 47 30 39 44 30 0
53 53 33 39 43 29 0
53 53 33 39 43 29 0
53 52 33 36 43 28 0
53 53 31 35 41 28 0
53 53 32 35 42 29 0
53 47 33 33 42 28 0
53 44 34 28 40 30 0
53 49 35 29 40 28 0
53 48 35 29 40 28 0
53 47 35 29 41 29 0
53 48 31 34 40 28 0
53 50 32 34 40 29 0
53 50 32 34 42 30 0
53 48 33 34 41 30 0
54 30 30 32 29 15 16
54 30 25 23 29 21 14
54 30 23 24 29 20 14
54 30 25 23 34 22 15
54 35 32 29 31 20 17
54 30 29 28 30 21 3
54 34 29 29 35 20 8
54 33 32 28 36 20 18
54 34 33 28 37 20 16
54 35 32 29 35 19 17
54 33 32 32 36 19 25
54 35 31 31 36 18 28
54 33 32 32 35 20 29
54 34 34 30 35 20 21
54 33 33 29 35 19 29
54 33 31 32 36 20 24
54 34 32 32 35 19 24
54 33 32 32 36 18 28
54 33 33 35 35 21 29
54 33 31 35 35 27 0
54 34 33 39 35 27 0
54 34 33 35 36 27 0
54 34 31 35 34 27 0
54 34 32 37 36 26 0
54 33 31 34 35 27 0
54 33 31 34 34 26 0
54 35 31 34 36 28 0
54 34 31 37 32 27 0
54 37 30 36 34 27 0
54 36 30 35 34 23 0
54 39 33 35 33 24 0
54 38 33 36 40 23 0
54 40 31 35 40 23 0
54 42 31 34 41 23 0
54 40 34 36 43 23 0
54 41 32 37 42 24 0
54 41 32 38 38 23 0
54 40 31 36 38 29 0
54 41 28 35 37 29 0
54 41 29 39 40 28 0
54 39 29 39 39 29 0
54 38 29 38 40 29 0
54 39 27 38 40 29 0
54 39 30 39 42 29 0
54 40 30 32 35 28 0
54 40 30 34 40 28 0
54 39 26 33 36 28 0
54 38 25 33 39 28 0
54 40 27 37 38 28 32
54 39 26 36 38 28 28
54 41 26 36 36 28 29
54 38 25 36 37 29 28
54 42 29 35 35 29 33
54 41 29 35 40 29 34
54 41 29 34 41 28 34
54 41 29 32 42 28 34
54 41 30 34 42 28 35
54 43 30 34 41 28 34
54 43 25 34 41 28 0
54 45 29 31 39 27 0
54 45 29 31 40 28 0
54 44 29 31 40 28 0
54 45 29 31 40 28 0
54 42 29 31 37 29 0
54 40 31 31 37 29 0
54 42 29 32 35 29 0
54 41 28 35 39 28 0
54 41 28 35 42 29 0
54 41 28 34 42 30 0
54 42 27 36 43 30 0
54 43 27 33 41 29 0
54 42 28 34 42 29 0
54 40 28 32 40 30 0
54 40 28 31 41 29 0
54 40 28 31 42 29 0
54 41 28 30 42 30 0
54 38 30 31 40 29 0
54 38 29 29 42 29 0
54 37 29 30 38 29 0
54 36 29 29 38 29 0
54 36 29 34 43 28 0
54 36 29 34 43 28 0
54 40 33 33 43 29 0
54 41 24 36 44 28 0
54 41 24 35 40 28 0
54 38 28 36 40 27 0
54 39 30 32 40 28 0
54 39 26 32 41 28 0
54 40 26 36 40 27 0
54 41 26 38 40 19 0
54 42 26 33 37 20 0
54 42 29 32 39 20 0
54 42 28 32 40 20 0
54 42 31 32 39 21 0
54 41 31 31 39 20 0
54 43 29 33 38 21 0
54 38 30 32 39 21 0
54 37 30 31 40 20 0
54 37 29 30 40 21 0
54 36 29 32 37 21 0
55 29 25 32 24 39 32
55 28 26 31 22 39 32
55 29 26 32 24 41 32
55 25 26 41 21 50 28
55 24 26 40 23 50 28
55 24 25 29 21 41 28
55 23 27 43 21 57 28
55 25 25 43 26 66 28
55 25 25 36 25 47 29
55 24 25 41 25 45 28
55 25 24 41 24 45 28
55 23 25 33 35 46 29
55 24 24 33 35 39 30
55 24 25 34 35 40 30
55 23 24 34 31 39 30
55 24 25 30 35 39 30
55 23 25 30 36 38 30
55 22 25 29 37 31 31
55 23 26 29 39 32 32
55 24 27 31 31 30 32
55 26 27 35 33 31 28
55 27 26 35 32 26 28
55 26 26 32 33 25 27
55 26 25 33 33 27 31
55 27 28 34 35 30 30
55 26 27 29 35 30 29
55 26 26 31 37 30 34
55 27 32 35 36 36 31
55 24 33 35 37 42 31
55 27 33 45 35 42 39
55 27 31 40 35 56 41
55 26 29 40 34 44 41
55 27 33 45 35 38 32
55 27 28 45 35 38 41
55 26 29 46 37 38 40
55 24 26 45 35 36 40
55 27 27 45 36 37 40
55 26 27 45 36 39 40
55 24 26 46 37 39 40
55 26 24 49 35 36 40
55 25 22 48 34 36 40
55 26 23 49 35 37 39
55 26 23 48 35 39 27
55 27 21 50 37 31 27
55 26 26 42 37 32 27
55 26 29 43 36 31 35
55 27 30 46 38 30 34
55 25 29 44 34 31 33
55 27 30 47 33 33 27
55 26 26 46 37 28 27
55 26 26 37 39 31 26
55 29 31 36 40 31 24
55 29 31 38 39 31 29
55 27 33 37 38 28 30
55 27 37 30 38 25 27
55 28 39 33 40 25 33
55 28 41 28 39 25 34
55 29 37 31 39 25 40
55 27 38 31 36 26 27
55 25 32 29 36 25 26
55 28 46 28 35 25 25
55 21 44 29 35 26 19
55 22 41 30 35 26 24
55 21 38 26 36 25 19
55 21 37 26 35 26 17
55 22 38 27 36 25 17
55 21 33 27 35 24 17
55 22 34 26 37 22 19
55 25 34 26 37 22 16
55 29 35 31 38 22 15
55 29 32 30 37 22 17
55 26 27 30 36 23 21
55 26 28 31 35 28 16
55 30 27 30 36 28 16
55 29 31 30 36 28 19
55 28 29 30 37 27 18
55 30 28 29 35 26 18
55 31 30 28 36 25 18
55 26 27 29 36 24 19
55 28 29 27 37 24 18
55 27 28 30 35 24 21
55 27 29 30 35 24 22
55 30 30 29 37 25 22
55 28 29 32 37 25 20
55 32 31 31 37 25 19
55 32 31 27 35 26 18
55 32 31 28 37 26 16
55 28 31 29 37 24 19
55 28 31 30 38 25 16
55 28 31 27 35 26 17
55 30 29 27 36 25 16
55 28 28 28 36 25 16
55 29 29 27 35 24 22
55 27 32 28 38 25 22
55 28 32 28 37 29 21
55 34 32 27 36 30 18
55 33 34 28 38 30 16
55 32 32 27 37 30 17
55 30 28 29 37 30 18
55 40 27 29 37 30 17
56 43 32 37 27 26 18
56 44 30 38 26 28 20
56 41 32 38 32 28 18
56 40 25 24 32 26 22
56 49 28 23 33 28 22
56 48 28 22 29 26 19
56 48 26 22 27 26 19
56 49 27 23 30 25 18
56 48 27 24 30 25 20
56 45 28 22 30 27 19
56 45 29 23 30 25 21
56 45 28 23 31 29 19
56 42 29 23 30 27 20
56 42 28 23 30 25 19
56 42 28 23 28 28 18
56 45 23 18 29 27 20
56 44 26 22 28 28 21
56 45 29 23 28 30 19
56 40 29 23 30 31 22
56 48 27 22 31 29 22
56 48 28 22 26 26 22
56 46 27 24 28 30 23
56 47 29 23 28 28 14
56 46 28 25 27 30 13
56 45 28 24 26 30 17
56 46 27 24 28 30 18
56 46 30 24 28 27 21
56 46 28 23 28 27 15
56 45 27 24 31 28 20
56 45 22 23 31 32 20
56 47 28 24 29 31 20
56 46 27 25 27 28 16
56 43 24 23 27 28 18
56 44 24 26 31 24 20
56 44 29 24 32 25 19
56 44 29 25 33 27 17
56 46 30 24 31 24 20
56 39 28 26 28 24 19
56 41 29 25 28 28 20
56 40 27 23 27 29 19
56 40 26 28 27 27 19
56 40 27 28 27 29 17
56 41 28 27 26 26 17
56 40 27 26 28 30 23
56 39 27 25 26 30 22
56 47 26 27 29 26 15
56 45 26 26 28 27 6
56 49 26 24 30 28 0
56 48 27 29 29 29 0
56 49 29 29 30 28 0
56 47 28 27 29 29 0
56 47 36 26 30 28 0
56 48 34 23 30 27 0
56 48 35 26 30 28 0
56 49 34 23 31 29 0
56 49 34 23 31 30 0
56 50 34 23 28 29 0
56 50 29 24 34 31 0
56 50 32 25 33 29 0
56 46 28 24 31 28 0
56 45 28 24 33 29 0
56 47 29 24 33 28 0
56 48 27 24 33 33 0
56 49 27 24 32 33 0
56 49 30 25 32 33 0
56 49 30 25 31 33 0
56 46 30 25 32 32 0
56 46 32 24 32 32 0
56 48 32 23 27 33 0
56 45 33 22 28 32 0
56 45 32 22 27 32 0
56 48 33 21 28 33 0
56 51 31 22 29 32 0
56 50 31 22 28 31 0
56 51 33 27 32 32 0
56 53 29 27 31 33 0
56 53 28 31 31 32 0
56 46 28 32 33 30 0
56 49 29 32 30 28 0
56 47 29 32 31 29 0
56 49 29 32 30 32 0
56 46 29 32 32 32 0
56 43 30 33 32 27 0
56 46 32 34 35 31 0
56 43 32 34 27 32 0
56 45 32 33 26 31 0
56 47 32 33 23 33 0
56 45 32 34 28 31 0
56 46 30 31 27 32 0
56 45 31 33 27 32 0
56 44 31 33 28 30 0
56 45 30 32 29 31 0
56 42 30 32 28 33 0
56 42 31 30 27 28 0
56 43 31 29 28 30 0
56 43 31 29 26 29 0
56 44 30 33 27 30 0
56 44 30 33 27 31 0
56 44 31 33 27 31 0
56 47 30 32 27 31 0
57 34 34 53 26 37 19
57 33 36 42 27 31 21
57 41 22 19 23 32 26
57 40 22 20 26 33 19
57 38 22 21 25 34 22
57 39 26 21 27 34 21
57 39 27 18 27 34 20
57 48 26 19 26 33 18
57 47 26 20 26 33 21
57 48 28 22 25 32 21
57 47 28 22 26 32 24
57 47 28 19 25 33 26
57 43 27 19 27 34 25
57 45 27 20 26 34 27
57 43 27 21 27 32 26
57 44 27 20 26 29 26
57 42 27 21 27 26 27
57 44 27 20 24 33 29
57 44 28 17 22 32 27
57 45 29 18 23 34 26
57 44 28 20 21 35 28
57 46 28 20 23 35 26
57 53 27 20 23 35 23
57 52 26 23 25 35 22
57 52 26 19 24 33 21
57 53 24 25 23 32 23
57 52 24 22 26 35 22
57 53 22 23 26 35 16
57 53 26 23 26 33 21
57 53 28 23 27 35 20
57 50 27 23 26 33 21
57 49 28 23 27 34 19
57 48 29 21 27 36 19
57 49 29 22 28 32 18
57 49 29 21 24 33 20
57 47 28 20 24 33 20
57 48 30 21 21 31 21
57 48 30 22 24 35 21
57 45 30 23 28 34 21
57 45 29 22 27 34 20
57 45 29 17 28 35 19
57 49 26 17 26 34 19
57 48 26 22 26 33 17
57 52 27 22 26 31 20
57 50 28 23 23 32 20
57 51 26 23 23 33 21
57 50 25 22 23 34 22
57 50 27 20 24 35 22
57 49 29 25 24 34 20
57 49 28 26 26 32 17
57 50 31 23 26 35 17
57 49 28 28 25 34 16
57 51 28 29 26 24 17
57 50 29 25 26 27 17
57 49 29 27 28 29 18
57 50 22 27 27 27 16
57 49 23 28 27 30 16
57 50 26 26 26 31 17
57 50 27 29 30 29 16
57 50 24 28 30 30 15
57 53 23 24 29 26 15
57 46 26 23 29 26 16
57 45 26 25 30 29 15
57 44 26 23 29 29 15
57 55 26 26 28 27 17
57 55 26 25 30 28 16
57 55 26 29 30 32 16
57 47 30 24 29 31 19
57 49 28 24 29 28 20
57 47 23 25 30 30 20
57 48 24 27 30 30 22
57 47 24 28 33 24 16
57 48 26 26 29 32 20
57 46 29 27 27 32 18
57 53 28 29 27 30 15
57 51 28 28 26 29 16
57 53 23 22 28 28 18
57 54 27 22 27 28 22
57 45 27 25 26 32 22
57 55 27 23 26 32 21
57 42 29 23 27 32 22
57 43 29 28 27 28 23
57 44 26 27 29 29 17
57 45 27 24 28 28 17
57 45 26 25 30 31 16
57 45 29 24 28 29 17
57 46 28 18 28 29 26
57 52 28 21 26 25 26
57 51 28 24 27 29 24
57 53 31 23 28 29 24
57 53 31 23 28 28 16
57 52 30 25 28 28 17
57 51 27 25 25 30 17
57 52 28 24 28 29 11
57 53 28 26 28 27 17
57 53 27 24 28 27 17
57 52 26 25 28 28 14
57 52 28 25 30 27 23
57 52 28 24 30 28 22
57 50 25 25 25 29 0
5 0 22 6 0 13 31
5 6 22 6 0 11 32
5 11 22 7 0 11 32
5 18 22 6 0 13 32
5 24 22 7 0 9 33
5 20 22 5 0 12 33
5 24 13 5 0 11 30
5 25 7 6 0 10 30
5 21 8 9 0 12 30
5 24 7 7 0 9 31
5 25 11 5 0 11 31
5 24 11 8 0 12 33
5 24 11 9 0 13 31
5 25 10 8 0 14 31
5 23 8 9 0 4 34
5 23 9 6 0 7 34
5 27 10 9 0 13 32
5 26 9 12 0 15 34
5 26 9 11 0 14 34
5 26 14 9 0 19 32
5 25 12 10 0 20 33
5 25 10 9 0 16 33
5 26 8 11 0 17 34
5 25 9 10 0 15 33
5 22 9 11 0 26 34
5 25 11 9 0 17 34
5 26 11 12 0 26 35
5 26 9 12 0 24 33
5 24 9 11 0 22 35
5 25 13 11 0 17 34
5 27 16 9 0 22 35
5 26 16 7 0 23 32
5 24 15 12 0 23 32
5 26 15 11 0 24 34
5 27 14 16 0 23 33
5 26 15 14 0 23 34
5 31 12 14 0 23 34
5 30 14 13 0 28 31
5 29 14 14 0 27 31
5 27 14 15 0 23 32
5 27 12 10 0 23 33
5 25 15 8 0 23 32
5 27 14 9 0 25 33
5 0 13 10 0 18 32
5 0 13 9 0 24 33
5 0 13 10 0 23 31
5 0 13 10 0 24 32
5 0 15 10 0 20 34
5 0 12 11 0 24 32
5 0 11 12 0 23 34
5 0 10 12 0 23 32
5 0 9 13 0 23 34
5 0 6 11 0 20 34
5 0 13 11 0 26 34
5 0 12 11 0 23 31
5 0 14 10 0 24 33
5 0 11 10 0 23 33
5 0 14 13 0 25 33
5 0 13 12 0 23 33
5 0 14 10 0 23 33
5 0 13 10 0 22 33
5 0 15 8 0 23 34
5 0 12 9 0 24 31
5 0 13 10 0 23 34
5 0 15 9 0 22 32
5 0 12 13 0 22 34
5 0 7 14 0 21 32
5 0 13 9 0 23 33
5 0 15 10 0 21 32
5 0 13 3 0 19 32
5 0 15 7 0 21 34
5 0 9 10 0 17 33
5 0 9 7 0 24 33
5 0 9 6 0 24 34
5 0 13 5 0 23 31
5 0 11 6 0 20 32
5 0 10 8 0 24 32
5 0 14 9 0 23 34
5 0 15 9 0 24 32
5 0 14 2 0 22 32
5 0 15 6 0 25 30
5 0 10 13 0 22 34
5 0 11 13 0 25 33
5 0 12 14 0 20 32
5 0 17 13 0 16 32
5 0 16 7 0 22 33
5 0 17 6 0 24 34
5 0 17 9 0 23 31
5 0 22 8 0 23 34
5 0 13 8 0 24 32
5 0 14 8 0 23 33
5 0 14 6 0 24 35
5 0 14 4 0 22 34
5 0 15 7 0 22 33
5 0 16 5 0 23 34
5 0 16 6 0 23 34
5 0 15 6 0 19 32
5 0 16 4 0 22 32
5 0 12 5 0 23 34
5 0 10 5 0 24 32
7 3 11 8 1 20 44
7 2 11 7 2 19 43
7 3 11 7 1 21 46
7 9 7 3 5 23 45
7 5 5 7 7 23 49
7 2 5 8 6 24 45
7 5 5 5 5 24 47
7 5 9 9 6 22 37
7 2 10 10 4 21 46
7 7 12 3 2 15 46
7 8 8 12 9 17 46
7 6 9 9 8 17 47
7 7 8 12 6 16 46
7 6 7 10 6 17 45
7 6 9 11 7 17 46
7 5 8 6 5 18 45
7 6 10 12 7 15 46
7 8 9 11 5 16 47
7 4 9 11 8 15 45
7 9 8 11 7 14 44
7 9 9 10 5 21 46
7 6 10 7 7 16 46
7 9 9 11 7 16 45
7 8 10 10 7 16 44
7 9 6 10 5 17 45
7 8 9 10 4 17 47
7 9 9 11 4 15 45
7 10 10 11 9 14 46
7 8 9 10 8 14 47
7 13 11 10 7 16 45
7 10 9 10 7 17 47
7 8 7 9 8 16 46
7 7 10 7 6 14 46
7 9 10 9 4 16 45
7 7 10 10 5 15 45
7 8 9 11 8 16 44
7 10 9 9 5 17 45
7 9 7 4 4 16 45
7 3 7 9 6 16 45
7 7 6 8 4 17 46
7 8 5 10 2 15 45
7 9 7 11 1 14 47
7 9 6 9 1 16 46
7 6 5 11 1 16 45
7 7 6 9 2 18 45
7 3 7 1 1 16 46
7 7 5 10 3 11 47
7 7 11 7 3 17 46
7 9 10 11 2 16 45
7 6 4 11 3 16 46
7 7 8 10 13 20 45
7 7 9 10 12 18 47
7 3 6 12 12 17 45
7 4 7 13 11 16 44
7 7 4 16 10 17 45
7 9 7 13 8 19 45
7 10 6 13 9 20 47
7 4 7 13 11 20 45
7 4 2 9 13 25 45
7 3 7 6 11 23 45
7 3 8 6 7 24 46
7 1 7 5 7 24 45
7 7 5 9 6 18 45
7 3 7 6 7 21 45
7 7 4 7 8 21 47
7 8 7 0 7 18 45
7 7 7 9 8 20 46
7 7 4 7 8 19 45
7 6 7 11 5 20 45
7 7 6 8 7 21 47
7 8 7 10 7 20 46
7 4 6 2 7 19 46
7 8 6 7 7 20 44
7 5 5 8 8 18 44
7 3 8 8 7 18 44
7 3 4 8 7 18 44
7 3 7 8 10 23 47
7 0 9 9 6 19 44
7 4 4 8 9 16 45
7 4 10 7 6 17 45
7 0 8 6 7 17 47
7 10 9 7 4 18 46
7 17 1 9 7 19 46
7 18 9 7 5 19 47
7 19 7 6 8 17 45
7 17 6 6 9 17 44
7 15 6 6 8 24 43
7 14 7 7 8 24 46
7 15 6 7 8 23 45
7 16 7 7 5 23 47
7 13 8 7 7 23 45
7 18 1 7 8 24 46
7 18 5 7 7 24 44
7 12 9 9 9 24 47
7 12 8 8 9 24 44
7 12 4 1 11 24 46
7 13 8 3 8 25 47
7 14 10 3 9 24 45
7 18 8 5 6 24 45
7 17 9 5 9 23 45
8 10 2 7 6 15 42
8 10 8 9 5 16 42
8 7 8 5 7 17 39
8 9 6 6 6 18 41
8 11 10 5 6 19 41
8 10 11 6 4 16 41
8 2 11 7 6 16 42
8 10 8 7 7 20 42
8 9 11 7 7 21 42
8 8 9 8 6 19 42
8 8 15 9 5 20 41
8 7 11 6 4 22 41
8 11 14 7 4 21 41
8 10 13 8 5 21 40
8 6 14 7 5 19 41
8 2 12 17 5 19 42
8 6 14 17 10 22 42
8 7 13 16 9 22 42
8 7 11 16 10 20 41
8 8 12 17 11 21 41
8 9 13 16 8 18 42
8 11 12 15 9 19 41
8 9 11 16 7 16 42
8 10 10 16 11 17 42
8 10 11 16 10 18 41
8 10 13 20 5 14 41
8 9 10 20 8 19 42
8 7 14 19 7 22 42
8 7 11 16 11 26 42
8 10 12 14 8 26 41
8 11 12 10 9 26 42
8 7 12 10 11 27 42
8 9 12 11 8 26 41
8 12 10 13 13 24 42
8 13 10 16 9 24 41
8 12 4 15 9 27 42
8 11 12 13 7 22 42
8 11 14 15 12 23 41
8 12 13 17 10 24 40
8 11 12 18 11 22 41
8 10 11 16 10 25 41
8 3 10 16 11 22 42
8 7 14 18 7 23 41
8 14 8 17 10 23 41
8 13 14 16 10 23 42
8 9 12 15 8 22 41
8 16 13 14 8 23 41
8 16 11 17 8 23 41
8 14 14 16 5 23 42
8 9 10 20 8 22 41
8 9 14 19 8 24 40
8 9 10 14 5 23 41
8 10 13 14 6 22 40
8 10 13 18 6 25 41
8 9 15 19 6 25 42
8 10 10 18 6 24 41
8 10 11 22 3 22 41
8 9 13 18 9 25 41
8 7 8 16 7 26 42
8 11 11 16 6 26 41
8 11 12 15 7 24 41
8 10 11 15 7 25 41
8 10 11 13 8 24 41
8 14 14 15 8 26 41
8 8 11 14 8 25 40
8 7 13 16 6 26 40
8 10 13 18 7 26 40
8 10 18 18 7 25 41
8 5 11 19 7 23 40
8 7 14 16 7 26 39
8 7 12 17 8 25 42
8 10 9 15 8 25 41
8 8 10 16 9 25 42
8 6 20 17 10 25 42
8 10 19 18 6 27 41
8 7 16 16 10 24 41
8 6 14 16 10 26 41
8 3 13 19 10 25 41
8 7 15 17 9 26 40
8 9 13 19 9 25 41
8 8 11 21 8 25 41
8 1 13 17 6 26 42
8 9 22 15 5 25 41
8 11 17 12 8 24 41
8 4 17 12 6 25 41
8 4 13 14 7 25 41
8 7 12 16 4 25 41
8 8 14 20 6 26 41
8 9 13 19 8 24 41
8 6 10 20 8 23 41
8 11 9 20 10 23 41
8 11 10 21 5 26 40
8 8 9 20 4 25 41
8 12 11 19 6 26 41
8 12 11 19 5 23 41
8 4 11 18 6 21 41
8 8 13 19 7 21 41
8 7 14 19 8 23 42
8 8 13 21 8 24 41
8 5 11 13 9 24 41
9 3 9 22 3 23 38
9 2 12 23 0 24 39
9 4 11 22 0 26 39
9 3 9 22 0 24 38
9 10 13 17 0 23 40
9 7 10 22 0 25 39
9 7 14 22 0 24 39
9 8 11 21 0 23 38
9 8 12 22 0 23 39
9 7 11 22 0 24 40
9 5 14 18 0 24 14
9 13 16 17 0 25 38
9 6 16 16 0 25 39
9 14 9 20 0 26 39
9 13 21 20 0 22 39
9 11 19 22 0 24 38
9 12 17 20 0 24 39
9 12 16 22 0 25 39
9 12 14 23 0 27 39
9 13 15 22 0 25 39
9 15 14 21 0 25 39
9 16 12 21 0 26 40
9 16 15 23 0 27 40
9 16 18 23 0 26 39
9 11 17 21 0 25 39
9 10 15 19 0 25 39
9 10 13 22 0 25 40
9 13 16 18 0 25 38
9 16 20 19 0 27 39
9 14 12 22 0 25 39
9 13 15 22 0 25 39
9 14 15 22 0 26 38
9 9 13 23 0 26 38
9 14 11 20 0 26 38
9 16 12 20 0 25 39
9 14 11 20 0 24 39
9 13 14 19 0 25 39
9 14 13 21 0 26 40
9 15 11 22 0 25 38
9 15 9 21 0 26 40
9 15 10 24 0 26 38
9 13 9 25 0 25 39
9 15 10 23 0 26 39
9 16 6 22 0 23 39
9 15 9 20 0 27 39
9 15 10 23 0 24 40
9 13 10 25 0 25 39
9 13 10 20 0 24 39
9 17 10 17 0 24 40
9 8 13 17 0 25 39
9 17 12 17 0 25 39
9 17 7 19 0 24 39
9 16 10 19 0 25 40
9 16 13 18 0 24 37
9 12 13 13 0 25 40
9 17 7 14 0 25 40
9 15 9 18 0 23 39
9 14 11 17 0 25 39
9 15 11 18 0 23 40
9 15 7 17 0 25 40
9 15 13 17 0 24 40
9 13 12 20 0 24 40
9 11 11 17 0 23 40
9 13 11 18 0 24 39
9 13 8 15 0 25 39
9 14 13 19 0 25 39
9 14 12 19 0 24 39
9 15 14 14 0 24 39
9 16 14 21 0 24 41
9 12 12 15 0 25 40
9 15 14 14 0 23 40
9 13 9 17 0 23 39
9 12 10 18 0 24 39
9 17 10 11 0 24 39
9 18 13 18 0 24 39
9 18 10 18 0 24 39
9 1 11 19 0 24 40
9 18 13 18 0 23 40
9 13 12 19 0 22 38
9 12 12 18 0 25 38
9 14 12 18 0 24 38
9 18 12 19 0 25 38
9 14 11 19 0 23 40
9 4 11 17 0 25 39
9 18 12 14 0 25 39
9 10 11 20 0 25 39
9 11 12 18 0 24 38
9 9 12 17 0 23 38
9 16 13 16 0 24 40
9 13 13 17 0 24 39
9 8 9 10 0 24 39
9 13 10 13 0 24 39
9 14 9 15 0 25 39
9 8 11 17 0 25 38
9 10 11 18 0 25 40
9 7 12 17 0 23 40
9 9 9 18 0 25 39
9 7 13 20 0 25 39
9 6 9 19 0 26 39
9 14 9 12 0 26 38
