4500
10 12 12 24 14 27 37
10 19 22 25 20 29 40
10 14 12 31 17 39 60
10 22 11 30 19 36 52
10 18 16 24 18 29 29
10 19 12 19 19 26 50
10 18 13 18 14 29 51
10 9 12 12 24 18 51
10 19 14 24 18 31 45
10 15 12 22 12 30 48
10 16 12 21 18 29 29
10 18 14 21 18 29 35
10 16 12 26 18 38 33
10 20 9 23 17 34 10
10 18 10 20 10 32 49
10 6 10 19 19 32 56
10 16 12 23 19 32 51
10 18 11 23 17 32 49
10 19 11 23 20 36 49
10 20 10 23 20 36 49
10 21 12 24 21 36 45
10 20 11 23 22 36 43
10 21 11 26 21 35 44
10 14 6 25 21 36 42
10 14 11 25 20 35 42
10 19 14 26 19 40 45
10 20 10 25 21 38 43
10 19 10 24 21 35 47
10 16 12 25 21 36 46
10 18 9 24 21 36 50
10 16 8 25 3 36 48
10 15 8 24 22 36 45
10 17 9 25 23 36 46
10 15 11 28 22 35 46
10 17 10 24 21 35 46
10 18 10 25 21 34 47
10 18 10 25 15 35 47
10 18 10 23 23 35 46
10 16 12 23 22 35 46
10 17 12 24 23 35 46
10 8 13 27 20 39 46
10 17 13 24 20 37 47
10 9 12 29 18 34 47
10 20 12 27 21 35 46
10 20 15 25 22 34 54
10 18 13 25 17 34 52
10 12 16 25 21 34 49
10 18 17 25 19 32 49
10 11 13 25 17 35 51
10 16 13 25 22 34 50
10 14 13 24 22 33 51
10 18 16 23 20 33 49
10 19 13 24 20 33 33
10 18 16 25 5 33 50
10 18 17 25 10 33 49
10 16 15 25 12 33 29
10 17 15 26 11 33 49
10 21 16 26 6 33 49
10 19 8 26 8 34 48
10 19 10 27 7 32 47
10 3 10 25 8 32 48
10 16 18 24 6 32 47
10 15 17 24 6 32 47
10 16 18 24 9 31 50
10 17 19 24 1 31 48
10 18 13 24 0 30 48
10 18 10 24 8 31 48
10 19 10 24 11 31 50
10 19 12 24 2 30 28
10 21 15 25 13 28 50
10 15 15 25 13 29 51
10 17 13 24 13 28 50
10 13 12 24 13 28 49
10 14 10 25 5 30 50
10 13 17 24 3 29 49
10 16 12 24 4 27 27
10 14 10 25 6 29 50
10 8 10 24 3 30 50
10 17 11 24 5 28 49
10 18 10 25 4 27 50
10 18 10 24 4 26 50
10 17 11 24 5 27 50
10 17 12 26 5 28 49
10 17 15 27 6 29 55
10 17 15 28 6 28 58
10 17 11 28 4 27 54
10 16 12 28 4 28 33
10 18 9 29 9 29 55
10 19 10 29 4 28 33
10 19 11 28 9 30 53
10 17 9 28 9 30 33
10 18 12 29 8 30 55
10 18 12 28 5 30 54
10 15 13 30 6 29 33
10 17 13 29 5 31 56
10 18 9 27 6 32 56
10 19 11 28 6 32 55
10 18 14 28 16 32 56
10 17 8 23 17 32 34
10 16 8 23 11 31 53
11 27 59 12 5 28 10
11 27 37 18 2 30 10
11 27 42 20 10 30 11
11 28 37 17 12 30 13
11 33 42 16 9 33 18
11 27 60 18 8 29 14
11 31 43 19 12 34 14
11 28 38 15 4 29 11
11 29 11 31 10 34 15
11 32 15 30 9 31 44
11 27 14 35 13 33 37
11 13 14 33 8 30 27
11 12 14 37 3 22 49
11 3 12 33 13 17 36
11 17 11 34 14 24 53
11 11 19 32 14 28 52
11 14 23 35 14 26 55
11 11 22 32 8 28 35
11 15 26 30 9 26 54
11 12 23 31 9 23 54
11 19 26 30 12 24 36
11 15 23 31 23 20 35
11 21 23 32 22 33 58
11 23 25 32 21 32 34
11 21 24 32 21 36 38
11 20 22 33 20 35 56
11 18 23 34 18 35 53
11 23 22 33 19 33 55
11 20 21 32 22 35 56
11 19 23 34 21 36 54
11 7 23 34 21 34 52
11 8 23 35 18 32 53
11 20 23 33 17 32 53
11 18 22 33 16 32 60
11 13 23 33 17 33 40
11 16 23 31 15 34 57
11 19 23 29 9 34 33
11 16 24 31 9 31 55
11 16 24 29 10 32 53
11 20 22 30 5 34 33
11 20 23 29 9 38 54
11 17 23 29 12 40 57
11 19 24 24 12 39 38
11 20 23 25 8 39 52
11 19 23 26 14 41 53
11 18 17 19 16 40 50
11 9 15 25 18 40 49
11 8 17 24 17 38 49
11 18 14 24 17 37 53
11 16 14 23 15 34 55
11 14 13 22 11 31 55
11 16 7 25 9 31 33
11 14 15 30 13 35 26
11 17 21 24 15 30 50
11 13 15 26 12 29 50
11 14 13 25 13 31 55
11 17 16 18 10 38 56
11 15 16 22 15 31 57
11 13 14 26 9 31 34
11 12 16 27 7 34 47
11 13 17 30 8 34 45
11 15 18 29 9 33 45
11 17 17 26 10 37 46
11 16 17 28 15 31 23
11 14 22 24 17 29 46
11 18 23 29 14 28 48
11 23 24 26 17 40 36
11 24 23 28 14 37 53
11 23 24 25 7 34 51
11 23 22 22 10 33 53
11 15 21 20 7 31 55
11 24 22 32 7 36 60
11 21 20 33 10 31 58
11 21 19 25 10 29 63
11 21 17 25 12 30 63
11 22 18 28 12 30 63
11 16 22 27 15 29 42
11 16 20 30 11 30 42
11 18 19 31 12 31 41
11 17 23 33 11 32 63
11 16 22 28 12 30 63
11 17 17 29 8 28 61
11 21 24 26 6 27 57
11 21 24 22 13 34 56
11 14 18 23 12 34 56
11 17 14 22 14 33 35
11 17 13 15 15 31 54
11 18 18 17 17 31 56
11 8 14 17 7 32 55
11 21 13 18 13 33 61
11 22 14 20 14 35 61
11 22 15 15 13 34 62
11 18 14 17 12 35 59
11 18 9 17 15 34 60
11 10 14 19 13 31 61
11 18 14 19 14 31 60
11 17 12 17 16 35 62
11 20 16 17 8 33 62
11 13 17 16 11 38 62
11 22 12 16 10 37 59
12 34 35 30 22 51 30
12 23 36 51 10 41 29
12 23 27 31 9 40 29
12 25 28 31 15 44 34
12 24 30 32 12 55 34
12 28 27 33 17 56 40
12 25 30 39 12 52 36
12 29 29 37 13 50 29
12 26 31 37 23 56 39
12 28 31 35 17 56 40
12 29 32 39 14 34 40
12 25 28 32 15 53 51
12 28 24 26 16 57 51
12 31 26 25 16 52 52
12 31 28 27 15 40 45
12 30 30 29 13 41 46
12 24 31 28 15 42 45
12 25 32 30 15 39 44
12 29 32 32 19 39 45
12 30 26 32 18 40 49
12 30 26 32 17 39 45
12 30 28 29 18 41 45
12 30 26 30 17 43 49
12 28 32 28 20 48 44
12 25 31 28 21 49 45
12 24 31 28 19 49 45
12 26 30 29 19 46 45
12 26 31 32 19 46 45
12 24 29 31 18 50 44
12 27 27 31 20 52 47
12 27 27 32 17 52 47
12 25 30 31 18 48 43
12 25 29 32 21 48 43
12 26 30 26 22 46 45
12 27 31 26 11 48 48
12 27 29 24 17 49 56
12 27 31 24 9 45 48
12 24 30 25 9 46 46
12 24 26 25 14 45 47
12 21 27 26 13 43 47
12 19 30 27 14 43 47
12 23 32 27 18 49 52
12 20 30 28 18 49 51
12 20 30 27 22 45 47
12 20 31 27 22 40 48
12 30 29 27 21 40 47
12 25 31 31 25 44 47
12 33 30 29 19 39 46
12 33 30 30 24 40 45
12 31 31 31 18 45 51
12 35 25 31 19 46 47
12 34 29 29 24 46 47
12 33 28 29 23 45 47
12 37 25 26 24 42 51
12 37 27 25 25 46 46
12 34 29 29 20 46 46
12 36 30 29 20 46 44
12 36 29 29 25 46 44
12 32 24 26 23 46 45
12 34 25 27 20 46 42
12 34 27 26 21 43 47
12 35 20 27 20 44 47
12 34 24 29 12 40 49
12 34 26 28 12 43 52
12 35 20 28 24 42 53
12 34 23 24 24 43 45
12 34 24 24 25 35 52
12 30 26 24 16 35 52
12 31 18 24 21 40 53
12 31 18 23 19 40 53
12 33 23 24 24 41 54
12 33 23 21 25 39 52
12 33 26 26 22 39 51
12 33 24 26 24 40 48
12 34 31 25 17 38 55
12 34 27 19 18 37 54
12 34 29 25 20 35 59
12 28 32 25 20 38 52
12 33 32 28 16 38 52
12 34 33 24 23 41 51
12 34 30 21 0 36 51
12 32 32 22 0 35 52
12 32 31 23 0 36 55
12 30 26 23 0 35 59
12 23 26 25 0 35 59
12 29 27 25 0 33 58
12 30 29 27 0 38 58
12 30 29 24 0 40 58
12 30 29 24 0 39 57
12 34 29 24 0 38 58
12 36 27 23 0 39 56
12 36 25 23 0 40 56
12 36 25 24 0 39 55
12 36 27 25 0 40 55
12 34 31 28 0 39 55
12 27 30 29 0 34 56
12 31 31 30 0 37 56
12 34 30 28 0 35 56
12 34 30 29 0 38 55
12 29 31 31 0 39 56
14 25 26 30 24 53 37
14 26 28 23 23 48 38
14 25 34 34 25 44 24
14 29 34 34 25 40 39
14 29 33 35 24 41 32
14 27 33 32 27 46 36
14 25 34 33 30 48 30
14 25 32 31 29 51 31
14 26 36 33 23 51 36
14 28 35 33 24 44 42
14 27 40 34 24 51 42
14 28 37 35 28 45 42
14 27 37 37 29 32 39
14 28 38 36 18 33 39
14 26 33 37 18 38 38
14 24 32 37 20 37 36
14 26 33 36 15 40 36
14 26 33 32 14 40 36
14 24 35 33 18 41 39
14 27 36 35 17 41 44
14 30 36 31 18 42 44
14 23 26 30 15 42 45
14 24 26 33 14 41 43
14 30 28 35 22 41 42
14 25 32 35 21 37 43
14 24 31 33 12 38 39
14 22 30 30 14 40 41
14 24 35 30 17 41 36
14 24 36 34 16 40 42
14 24 32 35 17 41 43
14 27 29 31 17 35 43
14 25 28 30 16 38 40
14 27 30 31 16 38 39
14 25 29 30 16 38 44
14 24 30 29 17 32 47
14 26 30 31 16 33 46
14 28 29 30 20 43 40
14 28 29 30 18 43 47
14 28 25 28 17 43 46
14 25 26 28 21 39 45
14 21 29 30 18 48 48
14 24 29 30 17 63 48
14 22 23 30 15 40 49
14 23 25 30 14 40 47
14 28 26 27 14 40 47
14 23 25 28 0 41 48
14 24 23 31 0 42 47
14 25 23 32 0 36 49
14 27 27 24 0 38 48
14 27 26 35 0 37 45
14 29 26 35 0 38 43
14 27 26 34 0 37 43
14 28 26 36 0 37 43
14 30 26 35 0 37 43
14 28 25 21 0 37 45
14 28 29 28 0 38 53
14 28 30 31 0 38 52
14 27 29 33 0 40 53
14 25 26 33 0 40 51
14 22 26 32 0 39 50
14 23 32 30 0 38 48
14 25 30 31 0 39 41
14 19 29 28 0 34 41
14 23 26 34 0 37 49
14 24 28 33 0 38 46
14 24 30 36 0 36 45
14 20 27 34 0 39 43
14 25 27 34 0 40 37
14 25 27 33 0 37 36
14 25 31 36 0 36 41
14 25 32 36 0 38 39
14 28 29 34 0 40 40
14 24 30 29 0 39 40
14 26 25 26 0 37 41
14 27 33 29 0 39 44
14 24 32 30 0 38 41
14 22 28 32 0 37 34
14 23 29 29 0 45 42
14 22 27 30 0 45 41
14 23 28 28 0 38 45
14 23 27 31 0 43 44
14 24 27 31 0 41 43
14 23 27 30 0 40 36
14 25 27 30 0 39 37
14 23 25 29 0 39 38
14 24 24 28 0 46 37
14 24 24 29 0 45 52
14 24 24 29 0 45 51
14 23 25 30 0 43 51
14 20 25 30 0 44 49
14 21 25 31 0 46 49
14 29 25 31 0 47 48
14 27 25 25 0 40 54
14 29 25 29 0 40 54
14 27 26 29 0 40 55
14 25 26 31 0 39 47
14 24 31 32 0 37 46
14 24 28 32 0 37 46
14 24 27 31 0 40 46
14 25 27 33 0 40 46
15 21 35 30 22 45 28
15 22 36 29 12 42 28
15 21 34 30 13 42 28
15 20 35 30 12 42 29
15 22 34 29 11 43 29
15 20 35 30 13 42 28
15 18 34 30 12 42 29
15 19 35 30 15 45 29
15 26 35 29 13 45 29
15 26 34 30 12 45 29
15 25 35 29 11 45 29
15 24 34 29 0 45 29
15 25 35 29 0 44 29
15 25 35 28 0 44 29
15 24 35 30 0 44 29
15 26 35 29 0 44 29
15 26 35 32 0 45 29
15 22 35 30 0 45 29
15 24 35 30 0 42 28
15 26 33 30 0 44 28
15 25 35 31 0 43 29
15 26 35 30 0 43 28
15 25 35 28 0 42 28
15 25 34 28 0 44 28
15 25 35 29 0 44 29
15 26 35 27 0 44 28
15 25 35 30 0 39 28
15 26 35 29 0 40 28
15 26 35 30 0 40 28
15 25 36 28 0 38 28
15 23 35 28 0 39 28
15 23 35 28 0 40 28
15 23 35 27 0 39 28
15 24 35 29 0 39 28
15 23 35 27 0 39 28
15 23 35 29 0 40 28
15 23 34 29 0 39 29
15 23 35 27 0 39 29
15 24 34 27 0 39 29
15 23 35 29 0 40 29
15 23 35 29 0 41 29
15 23 35 27 0 40 28
15 22 35 29 0 39 28
15 22 35 27 0 39 28
15 24 35 28 0 39 28
15 21 35 28 0 39 28
15 23 35 27 0 40 29
15 23 35 29 0 40 30
15 25 35 28 0 40 29
15 24 35 28 0 40 28
15 23 35 29 0 38 30
15 23 35 28 0 40 29
15 21 35 28 0 39 29
15 24 36 28 0 40 29
15 24 34 27 0 41 30
15 25 35 27 0 40 29
15 26 35 29 0 40 29
15 24 35 27 0 40 30
15 24 35 28 0 39 30
15 20 35 28 0 40 30
15 20 35 29 0 39 29
15 25 34 29 0 41 28
15 21 34 28 0 40 28
15 20 35 29 0 41 29
15 30 36 29 0 40 28
15 29 35 29 0 40 29
15 26 35 29 0 40 28
15 27 35 29 0 38 28
15 25 36 29 0 40 28
15 24 36 28 0 44 29
15 21 35 28 0 42 29
15 22 36 28 0 41 29
15 24 34 29 0 40 30
15 24 35 29 0 42 28
15 24 37 29 0 39 29
15 24 36 28 0 44 28
15 24 36 29 0 39 26
15 23 37 30 0 41 32
15 24 36 28 0 40 31
15 24 36 29 0 39 29
15 23 37 28 0 40 28
15 23 36 29 0 40 29
15 24 37 30 0 39 29
15 24 37 28 0 39 29
15 25 36 28 0 40 33
15 25 37 29 0 40 28
15 24 37 28 0 40 28
15 25 36 28 0 39 29
15 23 36 28 0 39 27
15 25 36 28 0 39 28
15 25 37 29 0 39 29
15 25 36 29 0 38 28
15 26 37 27 0 38 28
15 22 36 28 0 39 27
15 19 37 29 0 39 28
15 25 36 29 0 41 27
15 25 37 28 0 39 29
15 25 37 30 0 41 27
15 24 36 29 0 40 27
15 24 37 29 0 40 28
16 37 37 37 17 59 40
16 38 36 37 17 58 38
16 37 37 36 0 67 39
16 38 36 36 0 60 37
16 38 37 36 0 67 37
16 37 37 36 0 66 37
16 38 35 36 0 62 39
16 38 37 37 0 57 35
16 38 36 36 0 58 35
16 38 37 36 0 67 39
16 38 37 36 0 62 39
16 38 35 36 0 62 38
16 38 37 35 0 68 37
16 37 36 36 0 62 39
16 35 37 36 0 59 39
16 39 37 36 0 60 38
16 37 37 35 0 60 39
16 38 36 36 0 66 39
16 37 37 36 0 61 38
16 38 36 35 0 57 38
16 38 35 36 0 66 40
16 37 36 37 0 66 39
16 37 36 36 0 64 39
16 38 36 36 0 69 39
16 38 36 36 0 64 38
16 37 37 36 0 60 40
16 38 36 36 0 60 38
16 38 37 36 0 66 38
16 38 36 36 0 64 39
16 38 37 37 0 63 39
16 37 36 37 0 70 39
16 38 36 36 0 61 40
16 37 36 36 0 63 40
16 38 36 36 0 69 39
16 38 37 36 0 64 40
16 38 37 36 0 61 40
16 38 36 36 0 56 38
16 35 36 35 0 70 38
16 38 37 35 0 61 39
16 37 37 37 0 67 40
16 38 37 36 0 66 40
16 38 36 36 0 71 38
16 37 36 36 0 61 38
16 38 37 37 0 70 39
16 38 36 36 0 70 40
16 38 37 35 0 70 38
16 37 36 36 0 70 38
16 38 36 37 0 62 39
16 37 36 37 0 64 40
16 37 37 37 0 64 40
16 38 36 36 0 61 39
16 38 36 36 0 72 39
16 35 37 36 0 64 39
16 38 36 35 0 63 39
16 38 37 37 0 64 40
16 39 37 36 0 62 39
16 38 36 36 0 63 38
16 38 35 37 0 63 39
16 38 36 37 0 62 40
16 37 36 36 0 61 40
16 37 37 36 0 61 40
16 37 36 35 0 62 40
16 38 37 36 0 75 40
16 37 37 36 0 63 40
16 38 38 35 0 63 38
16 38 37 37 0 64 39
16 38 37 36 0 63 39
16 37 37 37 0 62 38
16 37 38 37 0 61 39
16 38 37 37 0 70 40
16 37 38 37 0 65 40
16 36 37 36 0 64 40
16 38 38 36 0 61 39
16 37 38 36 0 62 39
16 38 37 37 0 68 40
16 35 37 37 0 63 40
16 35 37 36 0 61 40
16 37 37 36 0 65 40
16 31 37 36 0 71 39
16 31 37 36 0 65 40
16 31 37 36 0 70 40
16 32 37 36 0 69 39
16 32 37 36 0 68 39
16 31 38 37 0 64 37
16 30 38 37 0 60 38
16 31 37 37 0 68 40
16 28 38 37 0 69 40
16 31 37 36 0 69 39
16 31 37 36 0 70 39
16 29 37 36 0 64 40
16 28 38 36 0 64 38
16 31 37 36 0 61 38
16 32 37 36 0 70 38
16 32 37 38 0 62 39
16 30 37 37 0 61 39
16 31 37 37 0 62 40
16 32 38 37 0 67 39
16 31 38 37 0 62 38
16 31 37 37 0 60 40
16 32 38 37 0 62 40
17 33 36 35 20 51 35
17 36 37 36 19 50 34
17 36 36 36 18 49 34
17 35 38 35 19 49 35
17 35 38 34 16 49 36
17 35 38 35 24 48 35
17 36 37 34 19 49 35
17 35 37 35 22 49 34
17 36 38 35 22 49 36
17 35 39 34 20 49 35
17 36 38 34 21 48 34
17 36 36 35 19 46 38
17 33 37 34 19 46 37
17 35 38 34 19 50 34
17 35 38 34 18 49 34
17 36 37 35 19 50 33
17 35 38 35 19 48 31
17 35 38 34 19 47 37
17 36 37 35 18 47 35
17 29 37 35 19 47 34
17 32 37 34 20 51 34
17 30 37 35 19 50 33
17 30 38 35 20 51 35
17 30 37 34 20 51 34
17 30 37 35 21 50 34
17 31 38 34 20 50 32
17 29 37 34 19 51 34
17 28 37 35 21 50 34
17 31 38 34 20 53 35
17 31 38 35 20 52 35
17 30 37 35 20 52 36
17 31 38 36 20 51 34
17 30 36 36 20 51 35
17 29 37 35 20 51 35
17 31 37 35 19 51 35
17 32 38 35 20 51 35
17 32 37 34 20 51 34
17 27 37 34 19 50 36
17 29 36 35 20 50 33
17 27 37 35 20 51 32
17 30 38 35 19 51 32
17 29 39 35 20 51 34
17 27 38 35 19 51 34
17 28 38 35 19 50 35
17 27 37 35 20 50 34
17 29 37 35 20 51 34
17 29 38 35 20 50 35
17 27 38 35 20 50 35
17 29 37 35 20 50 34
17 29 38 35 19 51 35
17 29 36 34 19 51 35
17 29 37 35 20 51 36
17 28 38 35 20 50 35
17 30 38 35 20 50 35
17 30 37 35 30 50 35
17 29 37 35 30 49 34
17 26 37 35 30 50 36
17 27 37 35 30 49 36
17 29 38 35 30 44 35
17 26 38 34 30 46 36
17 28 36 34 30 44 34
17 28 36 35 30 45 35
17 28 36 35 31 46 35
17 25 37 35 30 45 35
17 25 37 35 29 46 35
17 31 37 34 31 45 35
17 26 37 35 29 46 35
17 30 37 35 31 46 34
17 29 37 35 30 44 33
17 29 37 36 30 44 34
17 28 38 36 30 45 32
17 29 37 34 30 45 34
17 29 37 35 31 47 32
17 27 37 35 30 46 35
17 28 37 34 29 44 34
17 27 36 35 30 46 35
17 27 37 34 31 45 36
17 30 36 35 25 44 33
17 27 37 35 26 46 33
17 30 37 35 26 45 36
17 30 37 34 26 45 35
17 28 36 34 25 45 36
17 29 38 35 26 45 34
17 29 38 35 26 45 32
17 29 37 35 26 45 32
17 27 38 35 25 45 32
17 28 38 34 26 46 33
17 27 38 35 25 45 33
17 29 37 35 26 45 33
17 29 38 34 26 45 33
17 28 38 35 25 46 33
17 29 37 34 25 46 34
17 29 37 35 24 45 34
17 29 37 35 26 60 32
17 29 36 33 26 49 33
17 27 37 33 25 46 34
17 29 38 34 25 49 32
17 27 38 35 26 27 33
17 29 37 35 25 49 33
17 29 38 34 25 49 34
18 27 50 44 30 33 21
18 30 51 44 32 32 21
18 29 51 44 31 33 23
18 29 51 44 28 33 23
18 27 50 44 29 33 21
18 27 50 43 29 33 19
18 30 50 44 31 33 23
18 28 49 44 30 34 23
18 27 50 44 31 33 22
18 29 50 45 30 33 22
18 28 50 44 30 33 20
18 27 50 44 30 33 27
18 28 50 45 29 34 23
18 28 56 45 30 33 21
18 28 52 44 21 33 23
18 30 52 44 21 33 22
18 29 52 44 18 32 23
18 30 51 44 20 32 21
18 30 51 43 25 33 21
18 30 51 44 19 32 21
18 29 51 46 19 33 21
18 29 50 44 21 33 21
18 27 50 43 20 33 20
18 27 47 44 21 31 21
18 30 51 43 20 31 23
18 28 51 43 21 32 21
18 28 51 44 21 31 22
18 29 50 45 21 32 21
18 29 50 43 20 33 25
18 28 50 43 21 34 21
18 28 51 46 21 30 20
18 29 50 44 21 30 23
18 29 50 44 21 28 22
18 30 53 43 20 30 22
18 30 53 42 21 33 20
18 30 53 42 21 31 20
18 28 52 43 21 32 21
18 30 51 43 21 31 22
18 28 55 43 21 32 22
18 28 53 44 21 30 21
18 30 54 44 21 30 25
18 28 53 43 21 29 23
18 30 53 43 20 31 22
18 29 53 43 21 32 22
18 28 54 44 21 33 21
18 30 54 42 20 30 20
18 30 53 43 21 32 20
18 28 54 43 20 32 24
18 30 53 44 21 30 24
18 29 53 43 22 30 23
18 28 53 44 20 29 26
18 30 54 43 21 32 28
18 30 71 43 20 33 28
18 28 54 43 21 34 27
18 28 52 43 21 34 27
18 28 53 44 20 33 30
18 29 54 42 21 33 23
18 28 54 44 29 33 20
18 27 53 43 28 32 23
18 30 53 43 28 31 22
18 28 53 42 27 32 28
18 29 54 42 29 30 29
18 28 53 46 27 32 22
18 28 50 43 28 31 27
18 29 50 43 28 31 28
18 29 54 48 26 32 28
18 29 56 45 28 32 19
18 26 54 45 27 32 24
18 26 30 44 27 30 27
18 28 30 43 27 32 24
18 26 53 49 26 32 23
18 28 54 46 27 32 24
18 28 63 44 29 33 24
18 29 54 43 27 31 22
18 28 53 44 29 31 23
18 28 54 43 28 32 24
18 28 54 43 27 33 24
18 28 52 42 27 33 24
18 29 53 42 28 32 21
18 29 53 43 27 33 22
18 29 53 43 26 33 22
18 28 54 43 28 33 23
18 28 53 42 26 33 23
18 27 53 43 26 33 23
18 26 54 43 28 34 23
18 30 54 43 27 33 25
18 29 53 42 26 32 23
18 29 54 44 26 32 25
18 28 52 44 27 33 22
18 27 53 44 27 33 25
18 28 53 43 27 30 24
18 28 52 43 27 34 25
18 28 52 42 26 33 21
18 28 54 42 26 30 24
18 29 52 43 27 31 26
18 28 51 43 28 29 25
18 28 51 43 28 30 25
18 28 51 43 28 29 24
18 28 50 42 27 29 24
18 28 51 42 27 28 24
1 5 7 10 0 17 50
1 6 6 7 0 16 50
1 5 8 8 0 19 50
1 3 6 3 0 17 50
1 5 7 6 0 17 51
1 5 9 13 0 18 49
1 4 7 13 0 19 49
1 8 13 14 0 20 49
1 5 8 14 0 21 49
1 0 6 10 0 20 51
1 0 9 13 0 20 50
1 0 10 9 0 20 49
1 0 11 11 0 17 51
1 0 9 9 0 18 30
1 0 10 10 0 19 30
1 0 10 13 0 20 49
1 0 11 9 0 19 50
1 0 11 6 0 19 50
1 0 15 0 0 19 51
1 0 11 5 0 17 49
1 0 11 8 0 16 50
1 0 12 10 0 16 51
1 0 9 10 0 18 51
1 0 0 8 0 16 50
1 0 0 9 0 16 51
1 0 0 8 0 15 51
1 0 0 4 0 17 49
1 0 0 9 0 17 51
1 0 0 9 0 16 51
1 0 0 8 0 17 51
1 0 0 8 0 16 52
1 0 0 8 0 17 51
1 0 0 9 0 17 51
1 0 0 8 0 14 49
1 0 0 10 0 16 51
1 0 0 7 0 16 29
1 0 0 9 0 15 50
1 0 0 7 0 16 51
1 0 0 12 0 17 49
1 0 0 11 0 15 29
1 0 0 12 0 17 51
1 0 0 13 0 18 49
1 0 0 11 0 15 53
1 0 0 12 0 18 51
1 0 0 15 0 16 51
1 0 0 17 0 15 50
1 0 0 13 0 15 50
1 0 0 14 0 16 30
1 0 0 12 0 16 50
1 0 0 13 0 16 51
1 0 0 12 0 18 50
1 0 0 12 0 17 50
1 0 0 12 0 20 50
1 0 0 12 0 16 51
1 0 0 9 0 15 50
1 0 0 10 0 16 51
1 0 0 0 0 16 50
1 0 0 0 0 16 51
1 0 0 0 0 17 50
1 0 0 0 0 16 50
1 0 0 0 0 16 51
1 0 0 0 0 15 50
1 0 0 0 0 16 49
1 0 0 0 0 17 50
1 0 0 0 0 17 50
1 0 0 0 0 17 49
1 0 0 0 0 17 49
1 0 0 0 0 18 50
1 0 0 0 0 19 50
1 0 0 0 0 16 51
1 0 0 0 0 15 50
1 0 0 0 0 17 49
1 0 0 0 0 17 51
1 0 0 0 0 17 51
1 0 0 0 0 17 49
1 0 0 0 0 17 49
1 0 0 0 0 16 51
1 0 0 0 0 17 51
1 0 0 0 0 18 51
1 0 0 0 0 18 52
1 0 0 0 0 16 51
1 0 0 0 0 15 52
1 0 0 0 0 17 50
1 0 0 0 0 17 50
1 0 0 0 0 16 41
1 0 0 0 0 17 28
1 0 0 0 0 20 51
1 0 0 0 0 19 58
1 0 0 0 0 20 52
1 0 0 0 0 21 54
1 0 0 0 0 20 52
1 0 0 0 0 23 50
1 0 0 0 0 19 50
1 0 0 0 0 20 49
1 0 0 0 0 21 50
1 0 0 0 0 17 49
1 0 0 0 0 19 50
1 0 0 0 0 19 49
1 0 0 0 0 17 50
1 0 0 0 0 19 49
21 31 37 33 23 21 9
21 23 36 31 22 28 0
21 22 38 32 23 28 0
21 22 37 32 22 27 0
21 22 37 33 22 28 0
21 18 36 32 22 29 0
21 23 36 32 22 29 0
21 24 37 33 22 30 0
21 24 37 33 22 27 0
21 24 37 32 22 28 0
21 22 37 31 23 27 0
21 24 37 31 23 28 0
21 26 37 32 22 28 0
21 26 36 30 23 28 0
21 26 37 30 23 28 0
21 26 38 31 23 26 0
21 25 37 31 23 26 0
21 24 35 31 22 26 0
21 24 36 33 22 28 0
21 24 35 31 22 27 0
21 23 36 32 23 27 0
21 23 35 33 22 27 0
21 24 37 33 22 28 0
21 24 36 32 23 27 0
21 0 35 31 23 27 0
21 0 37 32 23 27 0
21 0 36 34 22 26 0
21 0 38 35 22 27 0
21 0 37 34 22 27 0
21 0 37 33 22 27 0
21 0 38 33 23 26 0
21 0 37 33 22 26 0
21 0 37 33 21 27 0
21 0 37 33 22 26 0
21 0 37 32 22 26 0
21 0 37 32 23 27 0
21 0 38 31 23 25 0
21 0 37 34 22 26 0
21 0 36 33 22 26 0
21 0 37 33 22 27 0
21 0 37 36 23 26 0
21 0 37 37 23 26 0
21 0 37 34 21 26 0
21 0 37 32 23 25 0
21 0 37 34 23 26 0
21 0 37 33 21 26 0
21 0 36 33 22 26 0
21 0 37 32 23 26 0
21 0 38 33 23 26 0
21 0 37 32 22 26 0
21 0 36 31 22 25 0
21 0 38 32 22 25 0
21 0 37 31 22 26 0
21 0 38 33 21 26 0
21 0 36 32 21 26 0
21 0 37 32 21 26 0
21 0 37 32 26 26 0
21 0 37 33 26 26 0
21 0 36 31 26 26 0
21 0 37 32 26 27 0
21 0 38 32 24 26 0
21 0 37 33 23 26 0
21 0 36 31 26 27 0
21 0 36 32 26 25 0
21 0 37 32 22 26 0
21 0 38 32 22 25 0
21 0 37 33 22 20 0
21 0 37 31 23 22 0
21 0 36 33 22 22 0
21 0 37 32 23 20 0
21 0 37 31 22 19 0
21 0 37 34 22 21 0
21 0 38 34 23 19 0
21 0 37 32 23 18 0
21 0 37 33 24 20 0
21 0 37 33 22 23 0
21 0 37 33 22 21 0
21 0 38 33 23 25 0
21 0 38 33 23 20 0
21 0 37 33 22 19 0
21 0 38 32 21 19 0
21 0 37 30 23 20 0
21 0 37 31 22 20 0
21 0 37 31 22 21 0
21 0 37 31 22 22 0
21 0 37 32 21 21 0
21 0 38 31 23 22 0
21 0 37 33 22 27 0
21 0 36 32 22 28 0
21 0 37 33 21 28 0
21 0 36 32 23 28 0
21 0 36 33 23 28 0
21 0 38 31 22 29 0
21 0 37 30 22 29 0
21 0 36 31 23 29 0
21 0 38 30 21 29 0
21 0 37 31 22 29 0
21 0 37 32 21 28 0
21 0 37 32 22 28 0
21 0 36 32 23 29 0
22 29 30 46 27 0 0
22 25 31 47 28 0 0
22 28 40 50 29 0 0
22 25 35 43 24 0 0
22 28 38 43 32 0 0
22 32 37 44 33 0 0
22 27 40 48 37 0 0
22 33 38 46 34 0 0
22 31 38 31 29 0 0
22 23 37 47 30 0 0
22 24 42 51 34 0 0
22 33 38 48 29 0 0
22 31 41 53 38 0 0
22 28 34 48 36 0 0
22 30 32 44 27 0 0
22 29 28 32 27 0 0
22 28 31 47 36 0 0
22 27 33 40 33 0 0
22 27 33 36 30 0 0
22 27 31 37 30 0 0
22 26 30 41 30 0 0
22 28 30 45 28 0 0
22 27 30 44 29 0 0
22 29 30 45 30 0 0
22 27 30 45 29 0 0
22 27 29 45 29 0 0
22 28 31 44 28 0 0
22 28 30 45 28 0 0
22 29 32 45 29 0 0
22 29 32 44 29 0 0
22 27 30 45 29 0 0
22 32 32 44 28 0 0
22 31 30 45 29 0 0
22 31 32 45 29 0 0
22 29 31 45 29 0 0
22 34 31 45 29 0 0
22 33 31 44 30 0 0
22 32 32 46 29 0 0
22 33 32 44 28 0 0
22 34 32 44 29 0 0
22 33 32 44 29 0 0
22 31 31 45 29 0 0
22 30 30 44 29 0 0
22 32 32 44 29 0 0
22 31 30 46 29 0 0
22 29 31 46 28 0 0
22 30 29 44 29 0 0
22 29 30 44 29 0 0
22 30 31 46 29 0 0
22 16 31 41 29 0 0
22 17 30 46 28 0 0
22 17 29 45 28 0 0
22 22 28 45 29 0 0
22 22 28 44 30 0 0
22 24 29 44 31 0 0
22 24 28 45 31 0 0
22 23 28 44 30 0 0
22 26 25 44 30 0 0
22 27 25 46 30 0 0
22 28 28 45 30 0 0
22 28 28 45 31 0 0
22 27 31 45 31 0 0
22 26 31 46 31 0 0
22 27 30 46 30 0 0
22 26 27 45 30 0 0
22 26 28 45 28 0 0
22 27 28 44 28 0 0
22 25 30 44 28 0 0
22 26 30 44 28 0 0
22 26 29 44 29 0 0
22 25 30 45 31 0 0
22 26 30 45 29 0 0
22 27 30 44 29 0 0
22 26 28 43 29 0 0
22 27 28 42 28 0 0
22 26 28 43 29 0 0
22 26 28 42 28 0 0
22 25 26 42 29 0 0
22 27 26 43 28 0 0
22 26 27 44 28 0 0
22 26 27 45 29 0 0
22 26 30 45 30 0 0
22 26 29 44 30 0 0
22 26 26 44 31 0 0
22 25 25 43 27 0 0
22 25 25 46 27 0 0
22 24 25 49 27 0 0
22 27 25 48 27 0 0
22 27 25 48 26 0 0
22 27 26 46 27 0 0
22 25 30 46 27 0 0
22 26 30 46 27 0 0
22 25 30 47 26 0 0
22 26 30 41 28 0 0
22 26 29 48 26 0 0
22 26 29 48 25 0 0
22 27 30 49 25 0 0
22 27 30 49 26 0 0
22 27 31 48 27 0 0
22 24 31 48 26 0 0
23 32 41 52 30 40 24
23 31 41 53 30 40 24
23 30 41 53 29 39 23
23 30 40 53 37 40 24
23 32 36 53 38 39 24
23 31 35 53 37 40 24
23 32 36 53 37 40 24
23 31 37 53 38 39 24
23 31 36 52 37 40 22
23 31 37 53 38 40 25
23 31 36 52 37 40 23
23 31 37 53 37 40 24
23 31 35 52 38 37 24
23 32 37 53 38 39 24
23 31 36 53 37 38 25
23 31 37 53 37 38 25
23 31 37 53 37 39 24
23 32 36 54 38 39 25
23 32 36 54 39 34 25
23 31 36 52 38 32 23
23 30 37 54 38 38 23
23 31 37 53 37 36 22
23 31 36 53 37 36 22
23 32 35 53 38 37 22
23 31 36 53 38 38 24
23 31 35 53 38 40 24
23 31 35 53 38 40 26
23 31 35 53 38 41 21
23 31 35 54 37 42 23
23 31 35 54 31 40 24
23 31 36 54 31 40 25
23 31 36 53 31 40 23
23 31 36 54 30 40 21
23 31 35 54 35 41 23
23 31 35 54 31 44 22
23 31 36 54 33 43 23
23 31 35 54 30 39 23
23 31 35 53 31 39 24
23 31 35 53 31 38 23
23 32 36 53 31 38 22
23 32 34 53 30 38 23
23 32 36 53 31 34 23
23 30 35 53 30 34 25
23 31 36 53 31 34 24
23 31 36 54 31 35 24
23 33 36 53 31 35 22
23 32 35 52 31 34 24
23 36 36 52 31 35 22
23 34 35 53 31 35 23
23 35 35 53 31 35 23
23 33 36 53 31 35 23
23 32 35 54 31 35 24
23 36 34 52 31 35 24
23 34 36 54 31 33 23
23 36 35 53 32 35 23
23 34 35 54 31 34 24
23 32 35 53 31 34 25
23 32 35 54 31 35 25
23 31 34 53 31 34 24
23 31 35 54 31 36 24
23 31 35 52 30 34 24
23 31 31 52 31 36 24
23 31 31 53 31 34 23
23 31 40 53 31 34 25
23 31 38 54 29 33 25
23 31 40 52 28 35 23
23 31 36 54 29 35 24
23 32 33 53 29 35 25
23 31 39 53 29 35 23
23 30 38 53 28 35 24
23 31 36 52 29 35 25
23 31 36 53 29 35 22
23 31 35 53 28 35 25
23 31 35 53 29 35 24
23 29 35 53 29 34 23
23 30 35 53 29 34 25
23 30 35 53 28 34 25
23 32 35 53 29 35 24
23 32 35 54 29 35 24
23 32 35 53 29 35 24
23 30 35 54 29 34 24
23 31 35 53 30 35 24
23 30 35 52 28 35 23
23 30 35 53 29 34 23
23 31 35 52 29 35 24
23 31 35 53 29 35 24
23 31 35 52 29 34 24
23 31 35 53 29 35 23
23 31 36 53 29 35 25
23 30 36 59 29 36 24
23 30 36 56 29 36 24
23 29 35 58 29 34 24
23 30 35 56 28 34 24
23 30 35 53 28 34 24
23 30 35 35 29 35 25
23 30 36 59 29 36 24
23 30 36 56 28 35 22
23 30 38 53 28 35 22
23 30 39 52 28 36 27
23 31 38 53 27 35 26
24 33 34 52 31 33 23
24 32 36 53 31 34 26
24 33 35 53 30 33 23
24 33 35 54 30 33 20
24 33 35 53 31 33 28
24 33 35 53 30 33 24
24 33 36 53 30 34 26
24 33 36 53 30 34 24
24 32 35 53 31 33 25
24 33 36 53 31 33 24
24 33 31 53 30 33 25
24 32 35 53 30 34 25
24 32 36 54 31 34 25
24 32 35 52 31 34 26
24 32 35 52 29 33 24
24 33 35 52 31 34 25
24 33 35 52 31 34 26
24 33 36 53 30 33 25
24 33 36 53 30 33 26
24 33 36 53 31 33 24
24 32 36 53 30 33 23
24 34 35 52 30 34 24
24 32 36 53 30 34 23
24 32 37 53 31 34 24
24 32 36 52 31 34 25
24 32 35 52 31 33 25
24 33 35 52 31 33 24
24 32 36 52 30 33 23
24 33 37 53 30 33 24
24 33 35 53 30 32 25
24 33 36 53 30 33 24
24 32 37 53 31 33 24
24 33 36 54 30 33 24
24 32 37 54 30 33 23
24 34 37 53 30 33 24
24 32 37 53 29 34 23
24 32 38 53 30 33 23
24 33 36 52 30 33 23
24 32 37 53 31 33 23
24 33 37 53 29 40 24
24 32 35 53 34 40 24
24 32 35 53 32 39 24
24 33 37 53 30 40 24
24 33 33 53 35 40 24
24 33 33 53 32 40 23
24 34 32 52 33 40 25
24 33 35 53 34 40 22
24 32 35 53 30 40 25
24 33 35 53 30 41 25
24 32 35 53 30 40 23
24 33 36 53 31 40 23
24 33 37 53 30 40 24
24 33 37 52 30 40 23
24 33 36 53 31 40 24
24 33 37 53 31 40 23
24 32 36 53 30 40 24
24 33 37 54 29 39 24
24 33 38 53 30 40 24
24 33 38 53 30 41 24
24 33 37 52 31 40 24
24 33 37 52 30 40 24
24 33 36 53 30 40 24
24 42 36 53 30 40 24
24 43 36 53 30 40 24
24 43 38 52 29 39 24
24 43 36 53 30 39 23
24 42 36 52 30 40 24
24 42 34 53 30 40 24
24 43 36 53 31 40 24
24 42 37 54 30 40 24
24 42 37 52 30 40 25
24 43 36 55 29 40 25
24 43 37 55 29 39 25
24 43 36 55 30 40 26
24 43 37 55 30 40 26
24 43 37 55 30 40 26
24 43 37 55 29 40 26
24 43 36 55 29 40 25
24 43 37 56 31 40 26
24 43 36 54 30 40 26
24 43 37 55 30 38 25
24 42 36 55 30 40 26
24 43 37 54 29 40 25
24 43 37 54 29 40 27
24 43 36 55 29 40 25
24 42 37 54 27 40 25
24 42 38 54 26 40 26
24 43 36 55 26 40 26
24 43 37 55 27 40 26
24 42 37 55 26 40 26
24 43 37 56 26 40 25
24 42 36 55 26 40 25
24 43 37 55 26 40 26
24 42 36 54 27 40 26
24 42 38 54 26 40 24
24 42 36 54 26 40 25
24 43 36 54 26 40 25
24 42 34 54 25 41 25
24 43 37 54 26 39 26
24 42 37 55 26 40 26
25 31 30 46 43 24 13
25 31 30 46 43 25 14
25 31 29 46 43 24 13
25 31 30 45 42 25 12
25 29 31 44 43 25 10
25 28 30 45 43 26 11
25 32 30 44 43 24 0
25 31 30 45 41 24 0
25 36 31 46 44 24 0
25 34 29 45 42 24 0
25 27 30 45 43 25 0
25 27 29 45 44 22 0
25 31 30 46 42 24 0
25 31 29 45 43 25 0
25 31 29 45 43 23 0
25 31 30 45 43 25 0
25 32 30 47 43 16 0
25 31 29 46 43 16 0
25 30 30 45 43 14 0
25 30 29 47 44 21 0
25 30 30 46 42 23 0
25 31 29 46 43 22 0
25 30 30 47 43 0 0
25 31 29 46 43 0 0
25 31 30 47 42 0 0
25 31 30 46 43 0 0
25 31 31 46 42 0 0
25 31 31 45 42 0 0
25 32 30 46 43 0 0
25 31 28 46 42 0 0
25 32 33 47 43 0 0
25 31 32 46 43 0 0
25 31 34 45 42 0 0
25 32 33 47 44 0 0
25 32 30 46 43 0 0
25 32 29 46 36 0 0
25 32 30 46 42 0 0
25 31 31 45 43 0 0
25 40 30 47 44 0 0
25 39 30 46 43 0 0
25 40 28 46 42 0 0
25 39 30 47 43 0 0
25 38 29 45 43 0 0
25 39 31 45 41 0 0
25 40 29 46 43 0 0
25 40 31 46 43 0 0
25 40 29 46 44 0 0
25 40 29 45 42 0 0
25 39 31 46 43 0 0
25 40 31 44 44 0 0
25 40 30 47 42 0 0
25 40 31 45 43 0 0
25 40 30 45 43 0 0
25 40 31 47 43 0 0
25 38 30 46 43 0 0
25 39 30 44 43 0 0
25 40 30 46 43 0 0
25 39 30 46 42 0 0
25 40 26 45 43 0 0
25 39 25 46 44 0 0
25 40 26 45 43 0 0
25 39 26 46 42 0 0
25 39 25 47 43 0 0
25 40 25 47 42 0 0
25 41 25 46 43 0 0
25 40 24 46 43 0 0
25 39 25 47 43 0 0
25 40 26 49 43 0 0
25 39 26 48 42 0 0
25 39 25 47 43 0 0
25 40 25 46 42 0 0
25 40 26 47 43 0 0
25 39 26 50 43 0 0
25 41 25 48 44 0 0
25 40 26 32 40 0 0
25 39 26 49 39 0 0
25 39 26 48 39 0 0
25 39 26 45 38 0 0
25 40 25 45 38 0 0
25 40 26 45 39 0 0
25 40 25 45 39 0 0
25 40 26 46 39 0 0
25 40 26 46 38 0 0
25 39 25 45 40 0 0
25 39 25 45 39 0 0
25 41 27 45 39 0 0
25 40 27 46 39 0 0
25 39 26 46 39 0 0
25 39 26 47 40 0 0
25 41 25 46 39 0 0
25 39 26 45 40 0 0
25 39 26 46 43 0 0
25 40 27 46 39 0 0
25 40 26 45 39 0 0
25 40 27 46 45 0 0
25 39 26 45 42 0 0
25 40 25 44 41 0 0
25 40 26 45 20 0 0
25 38 25 45 41 0 0
25 39 25 45 40 0 0
26 36 23 45 49 15 11
26 36 24 45 50 16 15
26 36 24 44 49 16 9
26 35 24 45 50 13 11
26 35 24 44 50 12 14
26 36 25 46 50 18 16
26 35 24 45 49 17 9
26 35 24 45 49 17 6
26 36 24 45 49 17 0
26 35 23 45 49 16 0
26 35 25 44 50 15 0
26 36 25 45 48 16 0
26 35 23 44 49 15 0
26 35 24 46 49 17 0
26 36 25 45 50 18 0
26 36 24 45 49 19 0
26 36 25 45 49 14 0
26 36 24 45 49 19 0
26 36 24 45 49 19 0
26 36 24 44 49 18 0
26 35 23 45 50 19 0
26 36 24 45 49 10 0
26 36 24 45 50 11 0
26 35 25 44 49 14 0
26 35 23 44 49 14 0
26 37 23 45 50 13 0
26 36 23 44 50 11 0
26 35 23 46 49 13 0
26 36 24 46 48 13 0
26 37 23 45 49 11 0
26 36 22 45 50 10 0
26 35 23 45 49 7 0
26 35 24 45 50 9 0
26 36 24 45 51 8 0
26 36 24 45 51 10 0
26 36 23 45 52 9 0
26 36 24 45 51 10 0
26 36 23 45 51 10 0
26 35 23 45 51 9 0
26 36 23 45 52 10 0
26 36 23 45 51 9 0
26 36 23 44 51 9 0
26 35 23 46 51 10 0
26 34 24 45 52 9 0
26 34 23 45 52 11 0
26 36 23 44 51 9 0
26 35 23 45 51 8 0
26 35 23 45 51 9 0
26 35 23 44 51 8 0
26 35 23 45 51 15 0
26 36 24 45 51 16 0
26 35 24 45 51 20 0
26 35 24 45 51 0 0
26 36 24 44 51 0 0
26 37 24 46 51 0 0
26 36 25 44 50 0 0
26 36 23 46 51 0 0
26 36 23 45 51 0 0
26 36 24 29 51 0 0
26 36 24 45 51 0 0
26 36 23 45 52 0 0
26 36 23 45 51 0 0
26 36 22 45 51 0 0
26 35 25 45 52 0 0
26 35 23 46 51 0 0
26 35 22 44 50 0 0
26 35 24 45 50 0 0
26 35 23 45 51 0 0
26 36 23 45 51 0 0
26 35 23 45 52 0 0
26 36 24 45 50 0 0
26 35 25 45 51 0 0
26 35 24 44 51 0 0
26 36 23 45 51 0 0
26 35 25 45 52 0 0
26 36 23 45 51 0 0
26 36 23 45 51 0 0
26 35 24 45 51 0 0
26 36 24 45 51 0 0
26 35 24 45 52 0 0
26 35 23 45 51 0 0
26 37 23 45 52 0 0
26 36 24 45 51 0 0
26 35 25 45 52 0 0
26 35 23 45 51 0 0
26 36 24 44 52 0 0
26 36 24 45 51 0 0
26 35 23 44 51 0 0
26 35 24 45 50 0 0
26 35 24 44 51 0 0
26 36 24 45 51 0 0
26 35 24 44 51 0 0
26 36 23 45 51 0 0
26 36 23 45 50 0 0
26 36 24 43 51 0 0
26 36 24 46 50 0 0
26 35 24 48 51 0 0
26 37 24 44 51 0 0
26 35 24 45 51 0 0
26 35 23 45 50 0 0
27 36 20 46 48 16 8
27 36 21 45 48 14 6
27 36 21 46 48 15 15
27 37 20 45 48 14 13
27 36 21 46 48 15 14
27 36 20 25 49 8 12
27 35 21 45 49 12 11
27 35 20 45 48 10 0
27 35 20 45 48 8 0
27 35 21 46 49 21 0
27 35 21 45 49 20 0
27 34 20 46 49 14 0
27 35 20 46 49 13 0
27 36 19 46 47 16 0
27 36 21 46 49 17 0
27 36 20 47 49 16 0
27 36 21 45 48 17 0
27 35 22 45 48 13 0
27 36 21 44 48 13 0
27 36 22 45 48 13 0
27 35 21 45 48 14 0
27 35 21 46 48 17 0
27 35 21 45 49 19 0
27 35 21 45 49 0 0
27 35 23 45 48 0 0
27 36 22 45 49 0 0
27 36 22 45 48 0 0
27 36 21 44 48 0 0
27 36 21 45 50 0 0
27 35 22 44 49 0 0
27 35 21 45 48 0 0
27 37 21 44 49 0 0
27 36 22 44 49 0 0
27 35 21 44 49 0 0
27 35 21 44 49 0 0
27 36 21 45 48 0 0
27 35 23 45 49 0 0
27 34 21 45 48 0 0
27 34 20 45 49 0 0
27 35 22 44 48 0 0
27 34 22 46 49 0 0
27 34 22 45 49 0 0
27 32 22 45 49 0 0
27 33 22 44 49 0 0
27 32 22 45 49 0 0
27 33 20 45 49 0 0
27 33 20 44 48 0 0
27 34 22 45 48 0 0
27 31 22 42 49 0 0
27 33 23 41 49 0 0
27 31 22 42 49 0 0
27 32 23 42 48 0 0
27 33 22 42 48 0 0
27 33 23 42 48 0 0
27 40 21 42 49 0 0
27 40 23 41 48 0 0
27 40 23 43 48 0 0
27 39 22 41 47 0 0
27 40 22 42 47 0 0
27 40 22 43 54 0 0
27 38 23 42 51 0 0
27 40 22 43 49 0 0
27 39 23 43 28 0 0
27 39 22 43 48 0 0
27 38 23 41 48 0 0
27 40 23 43 53 0 0
27 38 22 42 51 0 0
27 38 22 42 49 0 0
27 39 24 42 54 0 0
27 39 23 42 52 0 0
27 39 21 42 49 0 0
27 40 22 43 50 0 0
27 39 23 43 48 0 0
27 40 25 43 49 0 0
27 39 24 43 49 0 0
27 42 25 43 47 0 0
27 42 25 42 48 0 0
27 42 23 42 48 0 0
27 42 22 43 47 0 0
27 39 21 43 49 0 0
27 43 22 42 48 0 0
27 43 22 42 48 0 0
27 42 22 42 48 0 0
27 39 23 42 48 0 0
27 43 22 42 48 0 0
27 43 22 43 49 0 0
27 43 23 46 48 0 0
27 43 23 46 48 0 0
27 42 23 43 48 0 0
27 42 22 43 48 0 0
27 42 23 43 49 0 0
27 43 23 41 48 0 0
27 42 23 46 48 0 0
27 43 23 45 48 0 0
27 43 23 45 48 0 0
27 43 22 41 48 0 0
27 43 22 46 42 0 0
27 40 24 45 47 0 0
27 43 24 42 49 0 0
27 42 23 42 49 0 0
28 50 26 37 57 15 16
28 50 27 37 58 14 17
28 50 27 37 57 0 18
28 49 28 37 57 0 0
28 49 28 38 57 0 0
28 50 27 38 58 0 0
28 49 26 37 57 0 0
28 50 26 37 57 0 0
28 50 28 38 57 0 0
28 51 27 38 58 0 0
28 49 27 40 57 0 0
28 49 28 37 61 0 0
28 50 27 38 63 0 0
28 50 27 38 58 0 0
28 49 26 38 56 0 0
28 49 29 38 61 0 0
28 49 27 38 58 0 0
28 50 26 37 62 0 0
28 49 27 39 57 0 0
28 50 28 37 61 0 0
28 50 27 37 56 0 0
28 50 28 36 57 0 0
28 50 29 38 62 0 0
28 50 27 37 57 0 0
28 50 27 38 62 0 0
28 50 27 38 61 0 0
28 50 27 38 57 0 0
28 50 25 37 62 0 0
28 49 25 39 57 0 0
28 49 27 37 63 0 0
28 49 27 37 62 0 0
28 49 27 39 56 0 0
28 50 26 37 38 0 0
28 49 26 39 65 0 0
28 49 27 38 62 0 0
28 48 27 38 58 0 0
28 49 26 37 58 0 0
28 49 27 39 58 0 0
28 50 27 39 40 0 0
28 48 25 39 35 0 0
28 50 25 37 64 0 0
28 50 26 39 59 0 0
28 49 27 38 63 0 0
28 50 27 37 59 0 0
28 49 27 37 59 0 0
28 48 27 39 59 0 0
28 48 27 37 58 0 0
28 48 27 39 58 0 0
28 49 26 39 58 0 0
28 49 27 38 59 0 0
28 50 27 39 63 0 0
28 48 27 37 58 0 0
28 50 26 37 58 0 0
28 48 22 38 59 0 0
28 48 22 38 62 0 0
28 48 23 37 58 0 0
28 49 22 37 58 0 0
28 50 22 38 57 0 0
28 48 23 37 59 0 0
28 49 23 39 58 0 0
28 48 23 38 58 0 0
28 48 23 38 58 0 0
28 48 23 39 58 0 0
28 49 23 39 59 0 0
28 49 23 37 59 0 0
28 49 23 39 59 0 0
28 48 23 37 58 0 0
28 49 23 39 63 0 0
28 50 24 38 59 0 0
28 49 23 38 58 0 0
28 50 23 37 59 0 0
28 49 24 38 59 0 0
28 48 23 38 59 0 0
28 49 22 37 59 0 0
28 48 23 38 59 0 0
28 49 23 38 63 0 0
28 49 23 38 58 0 0
28 48 23 39 59 0 0
28 49 23 37 58 0 0
28 48 23 37 57 0 0
28 49 23 38 62 0 0
28 49 24 38 58 0 0
28 48 24 38 57 0 0
28 48 24 38 58 0 0
28 49 23 38 58 0 0
28 49 23 38 56 0 0
28 49 23 37 61 0 0
28 49 23 38 62 0 0
28 48 23 38 57 0 0
28 49 24 38 57 0 0
28 49 23 38 54 0 0
28 49 23 38 58 0 0
28 48 23 38 58 0 0
28 50 23 38 57 0 0
28 49 23 37 67 0 0
28 48 22 39 58 0 0
28 49 22 38 58 0 0
28 48 22 38 61 0 0
28 48 24 38 58 0 0
28 48 23 38 66 0 0
29 32 17 28 42 7 2
29 33 16 28 41 6 4
29 32 18 28 41 5 5
29 30 18 30 41 7 7
29 30 15 30 42 1 3
29 30 18 30 42 5 4
29 30 19 28 41 14 0
29 33 15 28 42 19 0
29 33 18 29 43 17 0
29 32 19 29 43 4 0
29 32 17 29 41 1 0
29 33 15 28 40 9 0
29 33 19 29 42 15 0
29 30 20 28 42 13 0
29 30 19 30 43 9 0
29 30 19 30 42 9 0
29 30 19 29 41 14 0
29 31 17 29 43 17 0
29 32 15 28 41 17 0
29 33 16 29 42 13 0
29 33 17 30 42 11 0
29 32 18 30 40 13 0
29 33 19 30 42 3 0
29 33 19 28 42 8 0
29 32 13 29 42 11 0
29 30 17 30 43 10 0
29 30 18 29 43 12 0
29 36 15 29 43 6 0
29 35 15 29 43 9 0
29 33 17 29 43 8 0
29 36 15 29 42 2 0
29 35 18 29 42 17 0
29 33 18 29 42 14 0
29 29 18 30 43 19 0
29 32 20 29 41 11 0
29 33 14 29 42 9 0
29 33 16 30 43 6 0
29 30 12 30 42 11 0
29 32 13 29 42 7 0
29 33 13 30 43 8 0
29 33 15 28 41 13 0
29 30 16 29 43 8 0
29 33 13 30 43 11 0
29 33 15 29 42 8 0
29 32 15 29 41 11 0
29 32 16 28 42 8 0
29 33 16 29 42 4 0
29 32 17 30 41 9 0
29 33 17 29 41 7 0
29 33 16 29 41 8 0
29 31 15 28 42 6 0
29 32 14 29 41 2 0
29 33 16 29 42 9 0
29 32 16 28 42 11 0
29 29 17 29 40 9 0
29 32 16 29 41 6 0
29 32 17 30 41 12 0
29 33 17 28 43 9 0
29 32 14 30 41 8 0
29 32 17 30 43 11 0
29 32 16 29 42 11 0
29 32 17 28 43 6 0
29 32 14 28 42 9 0
29 32 15 31 43 11 0
29 33 16 30 42 8 0
29 32 17 28 43 10 0
29 32 15 28 43 7 0
29 33 15 28 42 8 0
29 33 17 30 43 15 0
29 30 17 28 42 17 0
29 29 18 28 43 15 0
29 32 13 28 41 15 0
29 33 15 29 43 17 0
29 34 16 28 41 4 0
29 34 18 29 45 13 0
29 34 13 28 45 13 0
29 34 18 30 44 11 0
29 33 17 29 44 7 0
29 32 15 30 45 15 0
29 33 14 29 46 14 0
29 34 16 29 45 13 0
29 33 17 29 44 14 0
29 34 16 30 44 10 0
29 32 16 29 44 4 0
29 32 15 29 23 12 0
29 34 17 30 44 14 0
29 31 15 28 45 14 0
29 34 15 28 45 14 0
29 33 16 29 44 14 0
29 31 18 30 44 14 0
29 31 17 28 43 15 0
29 34 16 29 44 10 0
29 34 16 28 43 8 0
29 34 16 28 45 11 0
29 33 16 28 44 14 0
29 32 13 30 44 10 0
29 34 16 28 45 17 0
29 32 16 28 44 15 0
29 33 15 27 44 16 0
29 34 16 31 44 8 0
30 39 12 26 42 12 14
30 38 12 25 44 9 12
30 38 10 24 43 11 11
30 37 12 24 45 13 16
30 39 10 23 43 8 14
30 39 12 25 44 5 12
30 39 11 25 45 14 15
30 37 12 25 44 14 14
30 39 12 24 44 7 12
30 39 12 24 43 14 14
30 37 11 23 44 5 10
30 39 8 23 44 14 4
30 40 12 23 43 14 0
30 38 12 25 43 17 0
30 38 13 26 45 17 0
30 37 10 26 43 16 0
30 37 11 26 43 15 0
30 38 12 24 43 13 0
30 39 12 25 43 16 0
30 38 11 26 44 11 0
30 37 12 24 43 13 0
30 39 12 25 44 14 0
30 39 13 24 44 18 0
30 39 11 23 45 10 0
30 39 12 23 43 19 0
30 38 12 25 44 16 0
30 38 12 25 44 16 0
30 39 11 26 43 13 0
30 39 12 24 44 18 0
30 39 8 24 43 3 0
30 37 13 25 44 15 0
30 39 12 26 44 13 0
30 38 12 25 43 17 0
30 39 11 25 43 13 0
30 38 10 25 43 15 0
30 37 11 25 45 13 0
30 38 12 25 44 11 0
30 38 12 23 44 12 0
30 39 10 25 43 10 0
30 38 10 24 43 10 0
30 39 10 24 42 12 0
30 38 12 25 41 11 0
30 38 10 24 42 11 0
30 37 10 25 43 7 0
30 36 11 26 44 12 0
30 39 10 24 42 12 0
30 39 9 25 42 11 0
30 38 10 25 44 11 0
30 39 10 24 44 12 0
30 39 11 25 44 9 0
30 39 11 23 45 7 0
30 38 15 25 44 9 0
30 37 15 25 44 7 0
30 37 14 23 43 10 0
30 36 15 23 44 8 0
30 39 13 22 47 7 0
30 38 11 24 45 11 0
30 38 13 26 45 6 0
30 40 11 24 44 4 0
30 39 10 25 25 6 0
30 38 10 26 47 0 0
30 38 11 24 47 0 0
30 39 13 25 47 0 0
30 38 10 25 46 0 0
30 39 10 25 46 0 0
30 39 13 24 45 0 0
30 38 10 24 46 0 0
30 38 9 25 45 0 0
30 38 11 25 46 0 0
30 39 11 24 45 0 0
30 38 12 24 45 0 0
30 39 12 25 45 0 0
30 38 13 25 45 0 0
30 39 13 24 46 0 0
30 39 12 24 45 0 0
30 40 13 25 47 0 0
30 39 14 25 46 0 0
30 40 11 24 46 0 0
30 39 11 24 46 0 0
30 40 13 24 44 0 0
30 38 12 24 44 0 0
30 37 12 25 45 0 0
30 36 8 23 45 0 0
30 37 14 24 46 0 0
30 39 11 25 47 0 0
30 39 12 25 46 0 0
30 38 11 25 45 0 0
30 38 12 25 46 0 0
30 38 13 26 45 0 0
30 37 14 25 45 0 0
30 35 11 26 44 0 0
30 35 10 24 45 0 0
30 36 9 25 45 0 0
30 36 12 25 45 0 0
30 35 11 25 45 0 0
30 36 11 26 46 0 0
30 35 14 22 45 0 0
30 36 12 24 45 0 0
30 36 9 27 45 0 0
30 37 13 26 45 0 0
33 53 23 26 47 14 10
33 53 22 27 47 23 8
33 54 23 26 46 19 0
33 53 25 26 47 10 0
33 53 23 26 46 8 0
33 53 23 27 47 13 0
33 53 23 26 47 7 0
33 52 22 26 47 7 0
33 53 22 27 47 11 0
33 53 22 26 47 8 0
33 52 23 26 47 16 0
33 52 23 25 48 7 0
33 53 23 26 48 1 0
33 52 22 27 48 1 0
33 52 23 27 47 5 0
33 53 24 27 47 11 0
33 54 24 27 48 13 0
33 53 22 27 47 10 0
33 53 23 27 47 1 0
33 53 25 27 48 0 0
33 52 22 26 47 0 0
33 53 24 26 48 0 0
33 53 23 27 48 0 0
33 54 24 26 48 0 0
33 53 24 26 48 0 0
33 53 24 25 47 0 0
33 53 23 27 47 0 0
33 53 23 27 48 0 0
33 52 23 27 48 0 0
33 52 23 26 48 0 0
33 51 24 26 47 0 0
33 52 24 26 48 0 0
33 53 23 26 46 0 0
33 53 24 27 48 0 0
33 53 22 27 49 0 0
33 52 23 26 48 0 0
33 54 24 26 49 0 0
33 53 23 25 48 0 0
33 53 23 25 48 0 0
33 53 25 26 47 0 0
33 53 23 27 39 0 0
33 53 23 26 39 0 0
33 53 24 26 37 0 0
33 54 22 26 37 0 0
33 53 21 26 38 0 0
33 54 23 27 39 0 0
33 54 24 26 39 0 0
33 53 24 26 38 0 0
33 54 25 26 39 0 0
33 54 25 26 38 0 0
33 54 25 27 39 0 0
33 41 24 25 38 0 0
33 54 22 26 38 0 0
33 53 24 26 39 0 0
33 54 25 26 39 0 0
33 53 25 26 39 0 0
33 53 24 26 39 0 0
33 54 22 27 39 0 0
33 53 26 27 38 0 0
33 53 24 26 39 0 0
33 54 25 26 39 0 0
33 52 25 26 38 0 0
33 53 25 26 38 0 0
33 53 24 26 39 0 0
33 53 25 26 38 0 0
33 53 24 26 39 0 0
33 53 25 25 39 0 0
33 53 25 26 40 0 0
33 53 25 27 38 0 0
33 53 25 26 37 0 0
33 53 24 26 38 0 0
33 53 24 26 38 0 0
33 52 23 25 38 0 0
33 53 24 25 38 0 0
33 53 24 26 37 0 0
33 53 24 26 39 0 0
33 53 24 25 39 0 0
33 52 24 26 39 0 0
33 53 23 26 37 0 0
33 52 24 28 38 0 0
33 53 24 27 39 0 0
33 53 24 26 39 0 0
33 53 24 24 39 0 0
33 54 24 25 38 0 0
33 53 25 25 39 0 0
33 53 24 25 38 0 0
33 53 24 25 38 0 0
33 54 23 27 40 0 0
33 52 23 26 39 0 0
33 52 22 27 38 0 0
33 53 23 26 39 0 0
33 53 23 28 38 0 0
33 53 23 28 38 0 0
33 52 23 27 39 0 0
33 53 23 25 38 0 0
33 53 23 26 39 0 0
33 53 23 26 39 0 0
33 53 24 26 39 0 0
33 53 23 24 38 0 0
33 53 22 26 39 0 0
35 35 39 27 17 0 24
35 43 38 39 16 0 29
35 43 35 40 13 0 36
35 28 34 46 13 0 12
35 31 35 36 40 0 9
35 48 31 36 39 0 10
35 52 30 34 41 0 8
35 47 28 18 30 0 9
35 49 22 15 33 20 11
35 45 22 16 30 21 12
35 44 25 17 31 10 13
35 25 27 18 32 19 12
35 45 17 18 31 11 16
35 49 19 16 31 7 12
35 49 15 15 32 4 12
35 51 15 16 31 4 17
35 48 18 13 30 7 12
35 50 17 16 29 9 11
35 48 18 19 28 14 10
35 30 17 17 30 10 12
35 49 18 19 27 13 0
35 28 17 17 27 11 2
35 30 18 13 28 14 6
35 50 20 17 28 9 0
35 44 18 20 33 11 7
35 50 19 18 31 9 7
35 50 17 16 30 11 2
35 51 20 16 29 11 5
35 52 20 17 29 5 7
35 56 21 15 30 11 6
35 51 20 14 37 9 6
35 30 19 14 30 11 13
35 50 18 23 30 12 11
35 50 19 17 29 10 12
35 50 19 22 30 12 11
35 58 19 19 29 9 13
35 53 21 16 30 12 12
35 51 14 21 30 5 8
35 51 17 9 30 12 6
35 52 23 16 30 10 6
35 53 18 17 29 11 4
35 52 24 15 29 10 8
35 53 21 16 30 14 10
35 53 18 16 29 13 10
35 53 11 17 29 10 10
35 54 24 16 29 14 6
35 52 20 17 29 14 7
35 53 20 13 29 11 6
35 52 19 16 30 10 6
35 52 21 16 29 10 6
35 52 21 16 30 9 12
35 53 20 16 29 14 10
35 54 21 16 30 13 12
35 52 20 16 29 10 4
35 52 20 17 29 12 13
35 53 19 17 30 11 11
35 52 18 17 29 6 10
35 54 15 14 30 10 10
35 52 15 15 29 11 8
35 53 14 14 29 10 7
35 53 15 12 30 14 8
35 53 15 17 30 13 10
35 54 14 15 29 14 8
35 53 15 16 30 12 0
35 52 15 17 28 20 0
35 52 14 14 30 18 0
35 52 15 15 28 18 0
35 52 15 15 28 16 0
35 54 15 8 33 20 0
35 52 15 12 31 16 0
35 53 16 16 35 19 0
35 51 18 16 29 18 0
35 51 15 16 29 9 0
35 50 15 16 28 16 0
35 52 18 16 34 17 0
35 33 17 13 28 17 0
35 49 16 13 30 17 0
35 49 18 14 30 7 0
35 49 13 15 29 0 0
35 53 16 16 27 8 0
35 48 17 15 29 2 0
35 27 17 17 29 3 0
35 51 16 14 29 0 0
35 48 16 13 30 7 0
35 48 16 15 30 9 0
35 47 15 16 30 6 0
35 48 13 13 29 2 0
35 46 16 16 28 7 0
35 49 14 14 30 8 0
35 49 14 14 29 5 0
35 49 14 14 29 10 0
35 47 13 15 28 8 0
35 49 11 14 30 6 0
35 50 15 16 27 9 0
35 49 18 14 27 9 0
35 50 15 15 30 3 0
35 49 19 17 30 5 0
35 49 17 15 29 3 0
35 49 19 16 29 8 0
35 28 18 15 30 8 0
38 59 32 37 56 22 15
38 60 32 36 55 21 14
38 59 31 36 56 22 10
38 60 32 37 55 23 12
38 59 31 37 55 26 12
38 60 32 36 55 25 14
38 59 33 37 55 21 12
38 60 32 36 54 23 15
38 59 32 37 55 22 13
38 60 32 36 56 21 23
38 58 32 36 55 23 23
38 59 31 38 56 21 0
38 60 31 36 54 21 0
38 59 33 37 55 25 0
38 61 33 36 56 26 0
38 60 33 37 56 25 0
38 59 32 36 55 26 0
38 60 32 36 55 25 0
38 60 32 37 56 26 0
38 60 33 37 55 25 0
38 60 32 37 55 24 0
38 60 33 37 55 24 0
38 59 32 36 56 25 0
38 59 32 36 55 25 0
38 59 32 37 55 22 0
38 60 33 36 55 21 0
38 60 32 38 55 17 0
38 59 32 37 55 21 0
38 59 33 37 55 25 0
38 59 33 36 55 27 0
38 61 32 36 55 25 0
38 59 32 37 55 26 0
38 61 32 36 55 26 0
38 59 33 38 55 25 0
38 59 32 36 55 26 0
38 61 34 36 55 26 0
38 60 34 37 55 27 0
38 60 35 37 55 26 0
38 59 35 37 55 27 0
38 59 34 37 55 24 0
38 60 36 37 63 24 0
38 59 35 36 55 24 0
38 60 35 37 55 28 0
38 60 34 38 55 27 0
38 59 34 37 55 25 0
38 60 35 37 55 25 0
38 59 34 35 55 28 0
38 60 34 37 55 30 0
38 59 35 37 56 26 0
38 61 34 36 55 24 0
38 59 34 35 55 26 0
38 59 35 36 55 20 0
38 60 35 36 56 19 0
38 60 36 36 55 25 0
38 59 34 36 55 25 0
38 59 34 37 54 24 0
38 60 35 36 55 19 0
38 60 34 35 55 23 0
38 60 35 36 54 23 0
38 59 34 36 55 23 0
38 60 35 37 55 23 0
38 58 34 35 54 21 0
38 59 35 36 55 21 0
38 58 34 35 55 21 0
38 60 35 36 54 20 0
38 61 34 36 53 20 0
38 60 35 37 52 21 0
38 59 34 36 53 20 0
38 61 34 36 52 23 0
38 60 34 36 52 20 0
38 59 36 36 52 22 0
38 60 34 36 52 19 0
38 60 34 36 52 24 0
38 60 35 36 52 20 0
38 59 34 36 52 21 0
38 60 33 37 53 21 0
38 54 34 37 52 21 0
38 54 34 35 52 21 0
38 54 34 36 52 21 0
38 54 34 36 52 21 0
38 54 36 36 52 22 0
38 55 36 37 52 21 0
38 54 35 37 53 21 0
38 54 35 36 53 21 0
38 54 35 36 53 21 0
38 53 36 36 53 22 0
38 54 35 36 52 21 0
38 54 35 37 52 21 0
38 54 35 36 52 21 0
38 53 35 36 53 22 0
38 55 36 36 52 22 0
38 54 34 36 52 21 0
38 55 35 36 52 21 0
38 54 36 36 52 21 0
38 54 34 37 52 21 0
38 54 35 37 52 27 0
38 55 34 36 52 29 0
38 55 35 36 52 30 0
38 54 34 36 53 29 0
38 55 35 36 53 30 0
39 53 32 26 40 28 11
39 51 31 26 39 28 14
39 53 30 26 39 30 16
39 52 31 26 39 28 17
39 54 32 26 40 28 15
39 53 31 27 40 29 24
39 52 31 27 39 28 24
39 52 32 27 40 29 23
39 53 32 27 39 29 22
39 54 32 28 39 30 16
39 52 32 28 39 29 28
39 53 32 27 39 28 32
39 53 30 28 40 30 31
39 51 29 27 39 30 31
39 53 30 27 40 29 32
39 53 29 27 39 31 32
39 53 30 26 40 30 32
39 53 30 28 39 30 30
39 54 30 28 38 29 32
39 53 30 25 40 29 33
39 53 29 26 40 30 31
39 54 30 27 39 29 32
39 53 30 27 40 29 31
39 52 29 28 41 30 28
39 53 29 27 40 29 30
39 53 30 25 40 30 27
39 53 29 27 39 28 33
39 53 31 27 39 28 32
39 54 30 27 39 30 33
39 53 29 29 39 30 33
39 51 30 27 40 29 33
39 54 30 26 38 30 32
39 51 30 27 39 30 33
39 50 32 27 39 29 33
39 51 31 26 39 28 33
39 5 30 27 39 30 35
39 58 30 28 40 30 34
39 56 30 27 38 30 28
39 57 30 31 39 28 28
39 56 30 33 39 29 29
39 53 32 32 39 30 27
39 28 31 32 39 29 28
39 26 31 33 40 30 29
39 57 30 34 41 29 27
39 56 31 33 41 31 28
39 53 30 33 39 31 27
39 52 31 32 40 29 28
39 51 30 32 41 28 30
39 53 31 31 40 29 28
39 51 31 33 41 29 29
39 53 30 32 39 30 30
39 52 31 33 39 29 31
39 52 32 31 42 30 30
39 54 30 33 40 30 29
39 53 32 34 40 31 28
39 54 31 32 41 23 29
39 53 30 32 40 23 30
39 52 31 32 40 23 30
39 51 32 33 41 21 29
39 53 32 33 40 23 30
39 51 31 33 40 22 30
39 53 31 34 40 23 30
39 52 31 31 40 23 28
39 53 31 34 40 22 29
39 54 31 33 39 23 29
39 51 32 33 40 21 29
39 53 31 32 39 22 30
39 53 32 32 38 22 29
39 51 31 32 39 25 29
39 53 32 33 39 25 29
39 53 32 32 40 27 28
39 52 32 33 40 25 29
39 54 31 34 41 26 30
39 53 32 32 40 25 30
39 60 32 32 40 23 30
39 61 33 33 41 21 29
39 58 32 33 39 26 28
39 58 31 32 41 26 29
39 59 31 32 40 23 30
39 58 31 33 41 22 30
39 58 31 34 39 21 28
39 58 32 32 40 23 30
39 59 31 33 40 22 29
39 59 31 33 40 22 29
39 59 32 34 42 22 28
39 59 32 33 39 23 29
39 59 32 33 40 20 30
39 60 32 35 40 22 30
39 59 32 33 39 22 29
39 58 33 33 40 22 29
39 59 31 33 39 22 28
39 59 31 32 40 23 29
39 58 32 32 40 22 29
39 59 31 33 40 22 29
39 58 32 33 40 21 29
39 59 32 32 40 20 33
39 59 32 32 41 22 28
39 59 31 32 39 22 29
39 60 33 33 40 23 28
39 59 32 33 39 19 29
3 7 16 5 0 16 50
3 8 13 5 0 17 50
3 17 14 5 0 13 50
3 15 18 8 0 16 51
3 13 15 7 0 13 56
3 8 15 4 0 16 49
3 8 15 6 0 15 50
3 7 16 2 0 12 51
3 6 19 3 0 11 50
3 1 14 8 0 17 49
3 0 18 8 0 16 51
3 0 16 0 0 17 49
3 0 13 0 0 12 50
3 0 16 0 0 15 49
3 0 16 0 0 24 50
3 0 17 0 0 20 51
3 0 16 0 0 25 49
3 0 17 0 0 21 51
3 0 15 0 0 20 51
3 0 17 0 0 19 51
3 0 15 0 0 13 51
3 0 17 0 0 15 51
3 0 15 0 0 14 50
3 0 13 0 0 16 49
3 0 14 0 0 18 50
3 0 14 0 0 17 49
3 0 10 0 0 17 50
3 0 14 0 0 18 51
3 0 11 0 0 13 49
3 0 12 0 0 14 50
3 0 13 0 0 14 50
3 0 11 0 0 15 51
3 0 10 0 0 9 50
3 0 11 0 0 15 51
3 0 13 0 0 19 50
3 0 13 0 0 14 50
3 0 11 0 0 24 50
3 0 13 0 0 22 50
3 0 12 0 0 26 50
3 0 4 0 0 25 49
3 0 9 0 0 21 51
3 0 11 0 0 27 50
3 0 14 0 0 24 52
3 0 13 0 0 22 51
3 0 10 0 0 21 50
3 0 12 0 0 27 50
3 0 11 0 0 27 51
3 0 12 0 0 22 52
3 0 9 0 0 21 51
3 0 9 0 0 24 51
3 0 10 0 0 27 50
3 0 7 0 0 27 51
3 0 12 0 0 23 51
3 0 12 0 0 18 50
3 0 13 0 0 18 50
3 0 19 0 0 19 52
3 0 15 0 0 19 50
3 0 13 0 0 17 50
3 0 13 0 0 23 51
3 0 18 0 0 16 50
3 0 13 0 0 18 50
3 0 13 0 0 18 51
3 0 14 0 0 19 51
3 0 12 0 0 21 51
3 0 15 0 0 21 50
3 0 17 0 0 22 52
3 0 14 0 0 22 50
3 0 12 0 0 15 51
3 0 8 0 0 15 52
3 0 12 0 0 13 50
3 0 11 0 0 12 50
3 0 13 0 0 12 50
3 0 11 0 0 17 30
3 0 11 0 0 15 51
3 0 11 0 0 18 52
3 0 12 0 0 18 52
3 0 13 0 0 18 41
3 0 12 0 0 19 50
3 0 13 0 0 17 52
3 0 9 0 0 21 50
3 0 12 0 0 18 50
3 0 12 0 0 19 51
3 0 11 0 0 18 51
3 0 10 0 0 17 50
3 0 13 0 0 14 50
3 0 10 0 0 15 51
3 0 13 0 0 14 50
3 0 12 0 0 13 50
3 0 11 0 0 17 52
3 0 10 0 0 19 51
3 0 11 0 0 17 52
3 0 10 0 0 15 52
3 0 11 0 0 19 50
3 0 10 0 0 17 52
3 0 10 0 0 18 52
3 0 14 0 0 10 51
3 0 14 0 0 11 50
3 0 13 0 0 13 52
3 0 10 0 0 10 51
3 0 12 0 0 16 51
40 49 23 26 36 48 30
40 50 21 24 37 47 29
40 48 22 25 37 47 29
40 50 23 25 37 48 29
40 50 23 24 36 47 29
40 50 23 26 36 47 30
40 50 23 26 46 47 29
40 50 23 24 47 47 29
40 49 24 26 47 48 30
40 49 23 25 47 46 30
40 49 22 25 47 47 30
40 49 22 25 46 47 30
40 50 22 25 45 47 30
40 50 22 25 48 46 30
40 50 22 25 47 46 30
40 48 22 25 47 46 29
40 50 21 25 47 47 30
40 50 23 25 45 46 29
40 50 22 25 46 47 29
40 49 23 24 47 47 29
40 50 24 25 45 46 29
40 50 23 26 46 46 29
40 49 24 25 46 47 29
40 42 23 23 45 47 30
40 49 23 26 47 46 29
40 49 24 25 47 46 30
40 50 23 26 46 47 28
40 49 24 25 46 47 29
40 48 23 26 47 46 30
40 49 24 27 47 47 29
40 49 23 26 47 46 29
40 49 24 24 46 47 29
40 49 23 26 46 46 30
40 57 24 25 46 47 30
40 56 23 26 46 47 30
40 55 22 25 46 47 30
40 57 24 24 47 47 30
40 56 22 26 48 47 30
40 56 23 27 47 47 30
40 56 23 26 46 46 30
40 56 21 26 45 46 30
40 56 23 26 46 48 30
40 55 23 23 46 48 29
40 55 22 24 46 48 30
40 55 23 26 47 47 29
40 55 24 25 46 48 30
40 56 23 26 47 47 30
40 55 23 26 47 47 29
40 55 23 26 46 47 30
40 55 23 26 48 47 29
40 56 22 25 47 48 30
40 56 24 24 46 48 30
40 56 22 23 47 47 30
40 56 23 23 46 47 29
40 57 23 24 47 47 29
40 55 23 25 46 46 29
40 57 23 24 47 47 30
40 55 23 24 47 48 30
40 56 22 24 46 46 29
40 55 22 25 46 47 30
40 56 23 20 47 46 29
40 57 23 20 46 47 29
40 55 23 19 47 46 29
40 57 23 20 46 47 30
40 56 23 20 46 47 30
40 56 23 19 46 48 29
40 55 23 20 46 47 30
40 56 23 19 46 46 29
40 56 23 19 47 46 29
40 55 23 21 47 46 30
40 56 22 20 48 47 30
40 56 22 21 47 46 30
40 56 22 21 46 46 29
40 56 22 20 45 47 29
40 56 23 19 46 47 29
40 57 22 19 47 47 30
40 56 23 19 47 46 30
40 56 23 19 46 48 30
40 55 22 19 45 46 30
40 57 23 20 47 47 29
40 55 23 19 46 48 30
40 57 23 20 47 48 30
40 57 23 19 46 47 30
40 56 23 19 46 48 30
40 57 23 19 46 47 30
40 56 23 19 46 47 30
40 56 24 19 47 48 30
40 55 22 21 46 43 30
40 55 23 20 46 43 29
40 57 23 20 47 44 30
40 57 22 20 46 43 30
40 57 21 20 47 43 29
40 57 23 20 45 43 28
40 56 23 20 47 43 30
40 57 23 20 48 44 29
40 55 23 19 46 42 30
40 56 23 19 46 46 29
40 57 23 19 45 45 30
40 56 23 20 45 46 29
40 55 23 20 47 47 29
42 38 29 23 28 27 18
42 40 27 24 28 29 12
42 37 28 23 30 28 13
42 39 28 24 28 28 18
42 38 27 22 28 32 22
42 38 28 22 29 31 0
42 38 28 23 28 32 0
42 39 28 22 28 31 0
42 39 28 20 28 31 0
42 38 28 24 28 32 0
42 39 27 22 26 31 0
42 39 28 23 27 32 0
42 38 27 24 29 31 0
42 38 28 24 29 31 0
42 39 28 24 29 30 0
42 49 28 22 29 30 0
42 48 29 23 29 30 0
42 49 29 24 28 30 0
42 50 33 24 29 30 0
42 49 31 22 29 27 0
42 48 29 22 29 30 0
42 49 28 23 28 32 0
42 48 28 24 28 32 0
42 50 33 0 29 33 0
42 49 30 0 29 32 0
42 49 28 0 29 32 0
42 48 28 0 28 32 0
42 49 33 0 28 31 0
42 49 31 0 29 30 0
42 49 28 0 29 30 0
42 48 27 0 29 30 0
42 49 29 0 28 29 0
42 48 27 0 29 30 0
42 49 28 0 29 29 0
42 51 27 0 28 30 0
42 49 28 0 28 30 0
42 49 28 0 29 30 0
42 49 27 0 29 30 0
42 50 27 0 29 30 0
42 50 27 0 29 30 0
42 49 28 0 29 31 0
42 49 28 0 29 30 0
42 50 28 0 27 31 0
42 48 28 0 29 30 0
42 50 26 0 29 30 0
42 50 26 0 29 31 0
42 49 28 0 29 30 0
42 50 28 0 28 30 0
42 50 28 0 29 31 0
42 50 27 0 27 32 0
42 49 29 0 29 30 0
42 50 29 0 29 30 0
42 49 28 0 26 30 0
42 50 28 0 27 30 0
42 49 28 0 27 30 0
42 49 29 0 27 30 0
42 51 27 0 27 30 0
42 49 27 0 28 30 0
42 49 27 0 28 30 0
42 50 27 0 26 30 0
42 48 28 0 26 30 0
42 49 27 0 27 31 0
42 48 27 0 27 31 0
42 49 28 0 27 30 0
42 48 28 0 31 30 0
42 49 27 0 30 29 0
42 49 28 0 27 30 0
42 49 28 0 28 30 0
42 50 27 0 29 31 0
42 50 28 0 27 30 0
42 49 27 0 26 31 0
42 49 27 0 25 29 0
42 48 27 0 26 29 0
42 48 28 0 26 29 0
42 49 28 0 27 29 0
42 49 29 0 27 30 0
42 49 28 0 27 29 0
42 50 28 0 28 30 0
42 48 28 0 28 29 0
42 50 28 0 26 29 0
42 49 27 0 27 29 0
42 48 28 0 28 29 0
42 48 28 0 27 29 0
42 49 28 0 27 29 0
42 49 28 0 27 29 0
42 49 28 0 28 29 0
42 48 28 0 27 29 0
42 49 27 0 25 29 0
42 49 28 0 28 29 0
42 48 28 0 28 28 0
42 50 28 0 27 28 0
42 50 27 0 26 29 0
42 48 27 0 26 29 0
42 50 27 0 26 29 0
42 50 27 0 27 30 0
42 48 28 0 29 29 0
42 49 28 0 27 30 0
42 48 28 0 28 28 0
42 49 28 0 27 30 0
42 50 27 0 27 30 0
44 36 27 24 30 40 26
44 36 28 25 29 38 26
44 37 27 24 30 39 26
44 36 28 24 30 39 30
44 37 28 25 29 38 26
44 37 27 24 28 39 27
44 37 28 24 29 39 30
44 37 27 25 30 39 29
44 37 26 25 30 39 28
44 36 25 25 30 40 27
44 37 26 25 25 40 28
44 36 26 24 26 42 30
44 36 26 24 23 40 27
44 37 26 23 26 39 27
44 37 26 25 26 39 28
44 37 25 24 26 40 27
44 38 26 25 26 39 28
44 38 25 26 26 39 28
44 38 26 25 25 39 27
44 36 26 24 26 41 28
44 37 26 24 26 40 26
44 37 26 24 26 41 27
44 37 26 25 27 41 27
44 37 25 24 26 41 28
44 36 26 24 26 39 28
44 37 25 24 27 41 28
44 37 25 24 26 41 27
44 36 25 23 25 40 27
44 36 23 24 25 40 28
44 36 22 25 26 41 29
44 37 26 25 27 39 27
44 37 29 24 26 40 27
44 37 26 24 26 39 27
44 37 26 24 25 39 27
44 36 26 25 27 39 27
44 36 25 24 26 41 28
44 37 25 24 25 41 28
44 36 26 24 26 41 28
44 36 25 24 25 39 28
44 36 26 24 25 39 28
44 36 26 24 25 40 28
44 37 26 25 25 39 27
44 37 22 25 25 39 26
44 36 21 24 25 41 25
44 36 24 25 25 40 28
44 37 22 25 25 42 27
44 36 22 25 25 40 26
44 37 23 25 25 39 27
44 37 23 23 27 40 28
44 36 23 24 26 39 27
44 35 23 26 24 40 27
44 38 22 24 26 40 27
44 37 23 27 25 40 28
44 36 23 26 25 40 28
44 36 23 24 26 40 25
44 36 23 24 26 40 27
44 37 22 24 25 39 26
44 37 23 25 25 40 27
44 37 22 24 24 39 27
44 37 22 23 25 39 28
44 36 23 23 25 40 27
44 37 23 24 24 40 26
44 36 23 24 26 39 27
44 36 22 25 25 40 28
44 36 23 23 26 41 28
44 37 21 26 25 39 27
44 36 23 25 26 39 27
44 37 22 24 25 40 26
44 36 23 23 25 40 27
44 39 23 28 25 41 28
44 40 24 26 24 40 28
44 37 24 23 26 39 26
44 36 23 23 25 40 26
44 37 22 22 25 40 27
44 28 21 24 25 41 26
44 42 24 23 26 40 28
44 38 0 23 26 41 28
44 42 0 24 26 40 29
44 38 0 24 26 41 28
44 40 0 23 25 39 28
44 40 0 26 25 40 28
44 37 0 25 26 40 26
44 37 0 25 26 39 26
44 38 0 24 25 40 27
44 36 0 25 25 40 27
44 37 0 28 26 40 26
44 36 0 27 25 39 27
44 36 0 28 25 39 28
44 37 0 29 26 41 27
44 37 0 29 26 41 27
44 37 0 27 23 40 27
44 37 0 28 25 41 29
44 37 0 26 28 40 27
44 37 0 27 27 39 27
44 36 0 29 28 40 26
44 36 0 27 27 41 27
44 36 0 29 28 40 27
44 38 0 26 28 41 27
44 36 0 26 27 40 28
44 38 0 24 27 39 27
45 29 32 31 21 42 26
45 29 31 31 20 42 26
45 28 27 32 20 42 26
45 29 26 31 20 43 27
45 29 26 30 21 43 27
45 27 26 31 21 41 27
45 29 27 32 20 42 26
45 29 26 32 20 43 27
45 28 26 31 20 42 27
45 29 26 32 22 36 26
45 29 27 31 21 43 26
45 29 27 31 22 43 26
45 29 26 32 22 44 26
45 30 26 32 22 44 26
45 28 26 32 22 43 27
45 28 25 31 22 46 27
45 29 26 32 22 47 27
45 28 27 31 22 45 26
45 30 26 31 22 45 26
45 29 26 31 22 42 27
45 28 26 32 23 42 26
45 28 27 31 22 41 26
45 28 26 32 22 42 27
45 28 25 32 22 41 27
45 28 25 32 22 44 26
45 29 25 31 22 43 26
45 29 24 32 22 42 27
45 30 26 32 21 42 27
45 28 25 32 22 43 27
45 29 25 31 23 41 26
45 29 26 32 22 42 27
45 29 26 32 21 41 24
45 27 25 32 22 41 28
45 27 25 31 22 42 28
45 28 24 32 21 42 30
45 28 26 32 22 45 27
45 28 25 32 22 45 27
45 30 26 32 23 45 30
45 28 26 32 22 44 29
45 27 26 31 22 42 27
45 30 25 32 23 44 27
45 29 25 32 23 42 26
45 30 26 31 22 42 26
45 29 26 32 22 45 26
45 30 25 32 22 43 25
45 28 25 33 22 43 26
45 29 25 32 21 44 27
45 29 25 31 22 44 24
45 30 23 33 22 42 26
45 30 22 32 22 43 27
45 30 26 32 22 43 27
45 30 26 32 22 44 26
45 30 25 31 22 43 27
45 30 25 32 23 45 25
45 31 25 33 23 42 27
45 31 25 32 23 44 27
45 31 27 32 22 44 28
45 30 28 31 22 41 26
45 30 26 32 23 43 27
45 31 27 32 22 44 26
45 31 24 31 23 43 26
45 29 25 32 23 44 26
45 29 24 31 21 44 26
45 30 24 31 22 42 29
45 29 24 31 22 42 28
45 29 24 30 22 42 26
45 29 25 31 22 42 27
45 30 25 31 22 42 26
45 29 24 31 22 42 29
45 28 24 31 22 42 27
45 29 25 32 22 43 28
45 29 24 31 22 44 27
45 29 25 31 23 44 28
45 29 24 31 22 42 28
45 29 23 32 22 43 28
45 29 24 31 22 42 28
45 29 23 31 23 42 28
45 29 24 32 23 43 29
45 29 25 31 22 44 29
45 30 24 30 22 43 28
45 29 25 30 23 42 29
45 29 25 30 22 43 28
45 29 24 31 23 44 26
45 31 24 31 21 44 28
45 31 25 30 21 44 29
45 31 25 30 22 43 28
45 31 24 31 22 43 28
45 31 24 31 22 42 29
45 30 24 31 23 44 28
45 30 25 32 22 43 28
45 30 22 32 23 42 29
45 29 23 31 22 43 28
45 29 24 31 23 42 29
45 27 25 30 23 38 29
45 28 24 30 22 39 29
45 29 24 30 22 39 29
45 29 23 29 22 39 29
45 27 23 29 22 38 29
45 27 24 30 23 38 28
45 28 23 29 22 39 29
46 40 46 44 15 30 20
46 45 27 48 24 29 24
46 40 55 44 21 35 24
46 40 49 39 26 30 28
46 45 48 38 37 38 25
46 42 47 45 33 40 24
46 45 30 41 38 47 24
46 42 50 46 33 43 28
46 41 32 43 37 40 26
46 41 50 41 35 35 29
46 27 48 37 38 39 24
46 42 47 46 34 36 25
46 42 32 41 33 33 31
46 42 52 40 34 39 27
46 43 51 39 33 34 27
46 43 49 39 33 34 26
46 43 50 40 33 35 25
46 41 51 40 33 35 26
46 43 51 40 32 33 26
46 42 51 40 33 35 26
46 44 50 40 33 35 26
46 42 51 41 34 35 27
46 43 50 40 33 35 26
46 43 52 39 33 35 25
46 42 51 39 33 34 26
46 41 51 39 33 34 27
46 43 52 39 34 34 26
46 40 51 39 33 34 27
46 41 49 39 33 35 26
46 41 51 39 32 35 26
46 39 51 38 31 34 25
46 41 51 40 31 35 26
46 40 51 40 31 34 25
46 40 59 39 31 34 27
46 39 52 39 32 35 26
46 39 53 39 31 35 22
46 39 51 39 31 34 28
46 40 52 39 31 34 29
46 39 51 39 32 34 27
46 40 50 37 32 35 28
46 39 51 39 32 37 27
46 41 54 37 31 36 28
46 39 52 39 32 36 28
46 39 53 38 32 35 29
46 41 53 39 32 37 28
46 40 53 39 34 35 29
46 40 54 39 33 36 29
46 40 58 39 31 36 28
46 39 53 39 32 35 27
46 39 53 38 32 35 27
46 40 55 38 31 35 28
46 38 53 38 34 35 28
46 39 53 39 32 35 28
46 40 54 38 31 33 29
46 39 52 38 31 35 29
46 39 52 39 32 34 29
46 40 52 39 31 35 29
46 40 52 38 32 34 29
46 41 53 40 32 34 27
46 46 58 39 31 35 29
46 43 53 38 32 35 28
46 40 59 39 31 34 28
46 47 54 39 32 34 28
46 45 51 39 32 38 29
46 43 52 40 33 35 29
46 41 50 45 32 36 30
46 42 52 42 32 35 31
46 45 53 40 32 34 30
46 42 51 40 32 33 29
46 42 53 45 32 37 28
46 41 50 41 31 33 29
46 40 51 45 32 32 29
46 43 66 38 33 33 30
46 42 53 40 32 29 28
46 42 52 40 32 30 30
46 41 54 40 32 30 30
46 42 53 39 32 31 29
46 42 53 39 31 29 30
46 43 53 40 32 32 30
46 41 55 38 31 34 29
46 42 54 38 32 34 30
46 42 53 40 29 34 30
46 43 54 39 30 32 30
46 41 54 40 31 32 28
46 41 57 41 31 32 30
46 41 54 38 31 33 28
46 43 53 39 30 32 30
46 41 54 39 30 33 30
46 41 55 39 30 33 30
46 42 54 39 31 34 29
46 42 54 40 30 32 28
46 42 53 39 30 34 29
46 41 52 40 30 32 30
46 41 52 40 30 33 29
46 41 52 40 30 33 29
46 41 52 39 30 32 28
46 41 48 40 30 33 28
46 41 53 41 30 32 28
46 41 53 40 30 32 30
46 42 54 40 30 34 29
47 41 46 33 32 35 27
47 41 46 31 32 34 26
47 40 46 32 32 34 27
47 41 46 32 32 35 27
47 41 47 33 32 35 27
47 40 47 32 33 35 26
47 42 46 31 34 35 26
47 41 46 32 34 35 26
47 40 46 32 34 34 28
47 39 46 33 33 35 29
47 41 46 32 34 35 28
47 39 45 32 34 35 27
47 40 47 31 34 35 26
47 40 46 32 33 36 27
47 41 46 32 33 37 27
47 41 45 31 33 33 29
47 40 46 31 33 33 28
47 39 48 31 32 32 27
47 40 46 32 33 33 29
47 40 45 31 33 34 29
47 41 42 32 33 33 27
47 41 43 32 34 34 27
47 40 42 31 33 34 26
47 40 42 32 32 35 27
47 40 42 33 34 35 28
47 39 42 32 35 35 28
47 41 43 32 33 35 27
47 40 42 32 32 35 28
47 41 42 32 33 34 28
47 41 42 32 32 35 27
47 40 42 33 34 35 27
47 40 42 32 34 35 29
47 38 42 31 34 35 27
47 41 42 32 34 37 28
47 41 42 31 32 32 28
47 42 42 32 33 32 29
47 41 42 33 36 34 28
47 39 42 32 33 35 32
47 40 42 32 33 34 33
47 39 43 33 33 35 32
47 41 43 32 33 34 32
47 40 42 32 34 34 32
47 39 41 32 32 34 33
47 40 42 32 33 34 31
47 39 42 32 33 35 31
47 41 42 32 33 33 32
47 40 42 31 34 33 32
47 40 43 32 32 34 32
47 41 42 32 33 33 32
47 39 42 31 34 32 30
47 39 42 32 34 33 32
47 40 42 32 33 32 35
47 40 43 32 34 33 32
47 41 42 32 33 33 37
47 39 42 31 34 33 34
47 40 43 32 33 33 33
47 40 42 32 33 33 31
47 40 43 32 35 33 31
47 40 43 33 37 32 32
47 41 43 31 36 32 32
47 41 42 32 36 30 32
47 41 42 33 35 30 31
47 41 43 31 36 30 32
47 40 43 32 34 31 33
47 40 43 32 37 30 32
47 40 42 32 35 30 34
47 40 42 32 36 31 32
47 39 42 32 36 29 33
47 40 43 34 35 29 31
47 40 43 33 36 31 32
47 42 42 33 35 29 32
47 39 42 32 36 29 31
47 44 42 33 36 30 31
47 41 43 32 35 30 32
47 44 42 32 37 30 32
47 40 42 32 36 30 33
47 41 42 32 36 29 32
47 39 43 32 36 29 34
47 44 43 32 35 28 33
47 40 42 33 36 27 32
47 41 43 32 36 26 32
47 39 42 32 36 32 36
47 41 42 32 36 33 35
47 41 43 32 35 30 35
47 41 43 33 34 34 36
47 41 42 32 34 30 35
47 42 43 32 35 36 34
47 39 42 32 36 36 34
47 39 42 33 35 29 36
47 40 47 32 37 30 33
47 41 41 33 36 30 33
47 41 48 33 35 30 32
47 41 42 32 36 31 34
47 40 43 32 36 30 33
47 40 21 33 35 31 32
47 39 47 32 36 31 33
47 41 42 33 35 31 34
47 39 42 32 35 31 32
47 40 43 33 36 32 33
47 40 43 33 36 31 33
48 41 38 36 26 36 32
48 40 37 35 26 36 33
48 39 37 35 27 31 33
48 40 37 35 28 31 32
48 38 38 35 26 31 33
48 39 38 35 28 32 33
48 40 38 35 27 31 33
48 40 38 35 29 32 33
48 40 38 36 27 31 32
48 40 37 35 28 31 33
48 39 38 36 29 31 33
48 40 37 35 29 31 32
48 40 38 35 27 31 33
48 40 38 36 27 31 33
48 39 38 36 29 30 33
48 40 36 35 28 30 33
48 41 37 36 28 31 33
48 39 37 36 27 32 33
48 39 37 35 27 31 31
48 39 38 35 25 31 32
48 38 38 35 26 31 32
48 40 38 34 28 32 33
48 40 38 36 28 32 32
48 38 38 35 28 31 33
48 39 37 35 27 31 32
48 39 38 36 27 34 33
48 39 37 35 28 34 32
48 39 38 35 29 34 33
48 39 38 35 28 34 32
48 40 37 35 28 33 33
48 40 37 36 25 33 33
48 39 37 35 26 34 32
48 38 37 34 27 33 33
48 41 37 35 27 35 31
48 39 38 36 26 35 33
48 40 38 35 26 36 32
48 40 37 35 28 35 33
48 39 37 35 27 37 33
48 38 37 35 27 34 32
48 41 38 35 28 30 33
48 39 38 35 29 27 33
48 40 38 35 28 38 33
48 39 37 36 28 34 32
48 39 37 36 28 35 32
48 38 38 34 26 35 33
48 38 38 35 29 34 33
48 40 38 35 29 35 33
48 41 38 36 28 35 32
48 39 38 35 28 35 33
48 40 38 36 28 35 33
48 40 39 35 28 35 32
48 40 36 35 28 35 33
48 40 36 35 28 34 34
48 39 35 35 28 34 33
48 41 35 34 27 33 32
48 40 36 35 28 33 33
48 40 37 35 29 36 33
48 40 37 35 28 34 32
48 41 38 35 27 34 33
48 40 37 34 28 33 33
48 40 38 35 29 34 33
48 41 38 35 28 35 34
48 38 36 35 28 34 34
48 40 37 35 28 35 34
48 40 38 35 28 34 34
48 40 38 35 28 33 31
48 39 36 34 27 34 32
48 41 38 35 27 34 32
48 40 37 35 24 34 30
48 40 37 35 24 34 31
48 41 35 35 27 35 32
48 40 37 35 26 28 33
48 39 38 35 27 34 34
48 41 36 35 24 34 32
48 39 37 35 24 35 33
48 41 37 35 26 34 32
48 41 36 36 26 35 35
48 41 37 35 26 35 35
48 41 37 35 26 34 35
48 41 36 35 25 35 35
48 39 38 34 25 34 35
48 40 38 34 26 34 35
48 41 36 35 26 34 34
48 40 37 36 26 34 35
48 41 36 35 26 33 34
48 39 37 35 27 31 34
48 40 37 36 24 34 34
48 40 37 35 26 36 36
48 41 36 35 26 33 36
48 41 37 35 25 34 37
48 40 37 35 25 35 35
48 39 37 36 26 34 36
48 40 37 35 27 34 35
48 40 38 36 26 34 36
48 40 36 35 25 35 36
48 42 37 35 25 35 37
48 41 37 36 25 33 37
48 41 37 35 25 34 36
48 39 36 35 26 35 34
48 40 37 36 27 33 35
49 44 44 41 42 20 22
49 42 44 42 43 20 22
49 42 44 43 42 22 23
49 42 43 43 44 21 21
49 43 43 42 43 21 23
49 42 43 42 43 22 22
49 42 43 43 43 22 22
49 42 44 42 44 23 24
49 43 44 42 44 21 23
49 42 44 41 43 24 24
49 42 44 42 42 23 17
49 42 40 43 43 22 17
49 41 41 43 43 25 20
49 42 40 43 43 24 21
49 43 39 42 43 20 21
49 43 40 42 44 24 19
49 42 39 42 43 22 22
49 42 41 43 42 22 22
49 42 41 43 43 25 22
49 43 40 43 43 21 22
49 43 40 42 44 22 21
49 42 41 42 43 21 24
49 44 40 43 44 22 23
49 41 41 42 41 22 18
49 42 40 43 43 22 24
49 42 40 43 43 22 24
49 42 40 42 44 22 24
49 42 40 43 44 20 22
49 42 40 43 43 21 18
49 42 39 43 43 22 18
49 41 39 43 41 22 20
49 42 39 43 43 22 20
49 42 39 44 42 22 20
49 42 39 43 42 22 20
49 42 40 43 43 20 17
49 43 40 44 41 21 25
49 43 40 43 43 21 21
49 41 40 44 41 19 32
49 42 34 43 41 23 28
49 42 40 44 41 22 21
49 42 41 43 42 20 24
49 43 41 42 41 22 20
49 43 39 43 42 23 23
49 42 41 42 43 21 18
49 43 40 43 42 20 0
49 43 40 43 42 21 0
49 42 41 42 42 24 0
49 41 39 43 40 25 0
49 42 39 37 42 23 0
49 42 39 36 43 23 0
49 42 41 38 41 23 0
49 42 40 37 42 24 0
49 43 40 38 41 23 0
49 42 40 38 43 23 0
49 41 39 38 42 24 0
49 43 42 37 43 26 0
49 42 39 36 42 26 0
49 42 40 37 42 24 0
49 43 41 38 41 24 0
49 43 41 38 42 25 0
49 43 40 36 43 26 0
49 43 40 36 42 24 0
49 42 41 37 42 24 0
49 43 40 37 42 25 0
49 42 41 36 43 26 0
49 43 39 38 41 25 0
49 42 40 37 42 25 0
49 42 40 37 41 24 0
49 43 40 37 42 25 0
49 42 40 37 42 25 0
49 43 40 38 43 25 0
49 42 39 37 42 27 0
49 42 40 37 42 26 0
49 45 40 36 42 27 0
49 45 40 37 43 26 0
49 44 41 36 42 26 0
49 45 40 37 42 24 0
49 45 40 38 42 27 0
49 46 40 37 42 25 0
49 44 41 36 41 24 0
49 44 40 36 42 24 0
49 46 40 37 43 25 0
49 45 41 36 42 23 0
49 44 40 38 41 24 0
49 46 40 37 42 24 0
49 46 39 37 43 26 0
49 45 40 37 43 25 0
49 46 41 38 43 23 0
49 45 40 37 43 24 0
49 44 40 37 42 24 0
49 44 40 38 42 25 0
49 45 40 38 42 24 0
49 45 40 37 42 23 0
49 45 41 38 43 23 0
49 45 40 37 42 25 0
49 45 40 37 44 25 0
49 45 40 37 45 25 0
49 45 44 37 45 24 0
49 45 45 38 44 23 0
49 45 38 37 43 24 0
4 12 20 8 7 14 48
4 10 20 8 13 11 27
4 8 20 9 5 15 48
4 17 20 7 5 11 50
4 12 19 15 0 14 49
4 12 20 10 0 19 48
4 13 20 8 0 14 49
4 0 18 10 0 15 48
4 0 19 11 0 13 50
4 0 19 9 0 15 28
4 0 19 0 0 13 49
4 0 19 0 0 14 49
4 0 20 0 0 15 47
4 0 19 0 0 11 49
4 0 19 0 0 13 49
4 0 18 0 0 9 49
4 0 20 0 0 17 46
4 0 18 0 0 1 49
4 0 20 0 0 15 47
4 0 19 0 0 11 49
4 0 19 0 0 18 49
4 0 19 0 0 23 49
4 0 21 0 0 20 48
4 0 20 0 0 16 49
4 0 19 0 0 19 47
4 0 20 0 0 22 49
4 0 19 0 0 20 46
4 0 18 0 0 15 46
4 0 20 0 0 17 47
4 0 19 0 0 21 46
4 0 19 0 0 20 47
4 0 19 0 0 22 46
4 0 19 0 0 20 47
4 0 21 0 0 22 46
4 0 22 0 0 23 46
4 0 21 0 0 20 47
4 0 21 0 0 22 47
4 0 21 0 0 22 47
4 0 22 0 0 28 47
4 0 22 0 0 27 45
4 0 22 0 0 29 47
4 0 20 0 0 29 46
4 0 21 0 0 28 47
4 0 21 0 0 27 47
4 0 22 0 0 28 46
4 0 21 0 0 28 46
4 0 21 0 0 28 46
4 0 21 0 0 27 46
4 0 20 0 0 23 47
4 0 21 0 0 32 47
4 0 22 0 0 7 46
4 0 22 0 0 29 47
4 0 21 0 0 30 45
4 0 22 0 0 26 47
4 0 21 0 0 29 46
4 0 20 0 0 29 46
4 0 21 0 0 27 46
4 0 22 0 0 27 46
4 0 22 0 0 28 46
4 0 21 0 0 28 46
4 0 21 0 0 26 47
4 0 22 0 0 28 46
4 0 21 0 0 27 47
4 0 22 0 0 29 46
4 0 21 0 0 28 47
4 0 21 0 0 19 46
4 0 21 0 0 23 47
4 0 22 0 0 21 46
4 0 21 0 0 23 46
4 0 22 0 0 22 47
4 0 21 0 0 23 46
4 0 22 0 0 22 47
4 0 22 0 0 21 47
4 0 22 0 0 23 47
4 0 22 0 0 23 46
4 0 22 0 0 22 46
4 0 22 0 0 21 48
4 0 22 0 0 23 48
4 0 22 0 0 23 46
4 0 23 0 0 22 48
4 0 21 0 0 22 46
4 0 22 0 0 32 47
4 0 22 0 0 32 46
4 0 22 0 0 34 45
4 0 21 0 0 34 48
4 0 22 0 0 31 46
4 0 22 0 0 33 46
4 0 22 0 0 32 45
4 0 22 0 0 34 47
4 0 22 0 0 33 47
4 0 22 0 0 32 46
4 0 21 0 0 34 46
4 0 21 0 0 34 46
4 0 23 0 0 34 47
4 0 22 0 0 32 46
4 0 22 0 0 34 47
4 0 22 0 0 23 47
4 0 21 0 0 22 46
4 0 21 0 0 23 47
4 0 23 0 0 23 42
50 17 43 30 20 23 18
50 19 41 36 17 48 10
50 26 50 31 13 48 21
50 21 45 25 18 46 18
50 21 22 25 15 34 17
50 21 43 32 15 29 19
50 26 49 25 15 38 18
50 23 44 31 18 36 14
50 27 33 30 17 34 15
50 28 34 39 25 30 18
50 33 38 33 16 18 17
50 27 40 33 15 25 0
50 28 37 41 25 20 0
50 32 42 34 18 20 0
50 29 38 44 23 24 0
50 30 40 43 36 26 0
50 30 42 49 33 24 0
50 39 42 44 30 23 0
50 34 40 22 36 27 0
50 43 43 43 32 27 0
50 38 41 38 38 29 0
50 35 36 40 35 29 0
50 41 32 48 33 29 0
50 36 34 43 33 29 0
50 41 29 37 38 28 0
50 37 29 31 34 29 0
50 41 30 33 34 29 0
50 36 34 34 32 29 0
50 37 30 35 31 29 0
50 35 32 33 31 27 0
50 35 32 35 35 27 0
50 36 39 41 38 26 0
50 36 37 42 38 24 0
50 35 36 40 35 25 0
50 35 34 41 36 25 0
50 38 35 43 30 27 0
50 36 34 45 31 24 0
50 36 32 43 31 25 0
50 36 30 44 30 25 0
50 36 31 43 31 28 0
50 35 31 42 33 20 0
50 34 30 40 34 20 0
50 35 31 42 35 21 0
50 35 33 40 36 19 0
50 43 33 40 36 20 0
50 44 33 40 36 17 0
50 43 35 41 30 19 0
50 44 37 41 31 22 0
50 44 37 41 31 25 0
50 44 36 42 31 24 0
50 43 36 41 30 25 0
50 42 36 43 30 26 0
50 46 36 41 30 21 0
50 45 37 41 30 22 0
50 44 36 43 31 22 0
50 45 36 42 30 20 0
50 42 37 42 35 20 0
50 44 37 44 34 21 0
50 44 36 44 33 20 0
50 46 35 43 33 20 0
50 46 35 44 34 20 0
50 46 35 44 33 19 0
50 46 34 42 33 21 0
50 46 34 43 35 21 0
50 45 34 44 34 21 0
50 46 34 42 33 20 0
50 46 36 44 37 20 0
50 45 36 42 36 24 0
50 43 36 41 35 21 0
50 43 33 42 35 20 0
50 44 34 43 40 25 0
50 44 32 42 40 23 0
50 43 35 41 38 22 0
50 43 36 42 38 20 0
50 45 36 42 38 22 0
50 43 35 42 38 20 0
50 43 40 42 39 20 0
50 44 41 38 38 21 0
50 44 39 35 38 21 0
50 44 33 35 39 18 0
50 43 34 41 39 19 0
50 45 34 41 37 18 0
50 45 34 41 39 19 0
50 43 33 40 39 19 0
50 46 32 41 39 19 0
50 45 38 41 31 19 0
50 45 37 41 31 19 0
50 45 37 39 31 19 0
50 44 37 40 36 18 0
50 47 35 40 37 20 0
50 46 36 38 36 19 0
50 44 33 36 36 19 0
50 44 34 36 33 19 0
50 42 38 42 31 19 0
50 43 38 40 30 19 0
50 44 38 42 34 19 0
50 42 35 40 37 20 0
50 35 35 40 37 19 0
50 35 34 40 31 19 0
50 35 35 42 38 19 0
51 36 32 50 39 37 0
51 36 34 48 39 36 0
51 36 32 49 43 37 0
51 35 31 49 42 36 0
51 35 32 49 39 41 0
51 35 31 49 37 38 0
51 34 34 49 43 37 0
51 32 34 49 41 37 0
51 32 36 49 42 42 0
51 32 36 50 43 39 0
51 32 36 50 41 37 0
51 34 36 49 38 35 0
51 33 37 50 39 41 0
51 31 37 49 35 39 0
51 31 37 48 36 30 0
51 33 38 48 36 29 0
51 34 38 46 37 25 0
51 34 39 47 36 25 0
51 34 38 47 36 25 0
51 34 37 48 35 24 0
51 33 38 48 36 26 0
51 33 37 48 42 30 0
51 34 39 49 40 30 0
51 34 38 49 41 30 0
51 34 38 48 42 30 0
51 33 37 47 41 30 0
51 32 37 49 40 31 0
51 32 36 48 41 31 0
51 32 38 47 41 31 0
51 34 38 48 42 31 0
51 34 37 48 42 31 0
51 33 37 47 42 31 0
51 33 37 48 43 31 0
51 32 36 48 42 31 0
51 33 37 48 42 31 0
51 33 37 47 42 32 0
51 33 37 47 43 31 0
51 33 36 48 43 31 0
51 33 37 47 42 30 0
51 32 37 49 42 31 0
51 32 37 48 44 31 0
51 33 36 48 42 29 0
51 34 36 50 42 30 0
51 34 34 48 42 29 0
51 33 34 49 43 30 0
51 32 33 47 42 29 0
51 34 33 47 43 29 0
51 32 33 49 42 29 0
51 33 33 48 42 31 0
51 33 34 48 43 31 0
51 33 34 48 42 30 0
51 33 34 48 42 30 0
51 34 33 47 41 31 0
51 33 33 49 43 31 0
51 33 33 47 43 31 0
51 33 33 48 41 31 0
51 34 33 48 42 30 0
51 33 33 43 42 31 0
51 34 33 43 42 31 0
51 33 34 46 42 31 0
51 33 33 47 42 31 0
51 33 33 46 43 30 0
51 31 33 46 43 29 0
51 35 33 46 44 29 0
51 34 33 48 44 31 0
51 33 33 49 43 31 0
51 34 35 48 41 31 0
51 34 34 50 41 31 0
51 32 33 49 43 31 0
51 34 34 50 43 31 0
51 34 33 48 42 29 0
51 33 32 48 43 28 0
51 34 35 48 44 28 0
51 33 33 46 43 28 0
51 34 33 49 43 28 0
51 34 34 48 44 28 0
51 33 34 49 43 28 0
51 34 34 50 42 28 0
51 32 34 49 43 31 0
51 34 33 48 41 31 0
51 34 34 48 43 32 0
51 33 33 48 42 28 0
51 34 33 49 40 28 0
51 34 33 48 39 28 0
51 33 33 48 40 29 0
51 33 34 48 40 28 0
51 31 33 48 41 29 0
51 32 33 47 39 28 0
51 32 33 47 40 27 0
51 32 34 47 40 27 0
51 29 34 47 39 29 0
51 31 34 47 40 29 0
51 33 33 47 38 30 0
51 33 33 47 40 30 0
51 32 34 49 40 29 0
51 32 33 48 39 29 0
51 32 32 47 40 26 0
51 34 33 48 41 27 0
51 33 33 48 40 24 0
51 32 33 47 41 30 0
52 39 24 39 50 32 10
52 38 24 39 50 32 9
52 38 25 40 50 28 13
52 37 25 39 50 29 15
52 40 26 40 51 29 7
52 39 26 40 51 29 12
52 38 26 40 51 29 13
52 37 26 41 53 28 12
52 36 25 40 54 28 13
52 36 26 40 53 28 13
52 37 25 39 53 34 0
52 37 25 39 53 34 0
52 37 27 40 53 33 0
52 37 27 40 53 33 0
52 37 26 40 54 33 0
52 39 25 40 53 33 0
52 35 26 39 54 34 0
52 38 28 40 53 33 0
52 37 27 41 53 33 0
52 38 27 41 53 33 0
52 38 25 40 53 33 0
52 37 26 39 53 34 0
52 38 25 40 52 33 0
52 38 26 41 53 33 0
52 38 26 40 52 32 0
52 38 26 41 53 34 0
52 38 26 39 53 34 0
52 38 27 40 53 34 0
52 37 26 40 53 35 0
52 38 27 41 53 33 0
52 38 26 39 53 33 0
52 36 26 40 53 33 0
52 37 27 39 53 34 0
52 37 26 41 53 33 0
52 38 27 40 53 34 0
52 38 24 40 54 33 0
52 39 26 40 53 34 0
52 36 27 40 54 35 0
52 37 28 41 53 34 0
52 38 27 41 54 23 0
52 38 27 40 54 22 0
52 36 26 40 53 24 0
52 38 26 41 54 24 0
52 38 25 39 54 24 0
52 38 26 40 53 24 0
52 42 27 39 54 24 0
52 42 26 41 54 24 0
52 41 27 39 52 24 0
52 43 27 41 53 23 0
52 41 26 41 53 23 0
52 41 26 40 53 22 0
52 42 27 41 53 23 0
52 41 26 41 52 23 0
52 40 27 41 53 24 0
52 40 27 42 52 23 0
52 39 27 41 53 23 0
52 43 27 41 53 23 0
52 41 27 40 52 24 0
52 39 26 40 53 23 0
52 42 26 39 53 24 0
52 41 26 40 53 24 0
52 42 26 40 53 22 0
52 42 26 41 53 24 0
52 42 27 40 53 22 0
52 43 26 40 52 23 0
52 41 25 39 53 24 0
52 43 26 40 52 24 0
52 43 26 40 53 24 0
52 42 26 41 53 24 0
52 42 26 39 53 24 0
52 43 26 40 53 25 0
52 41 27 39 52 25 0
52 42 26 41 52 26 0
52 42 26 40 52 25 0
52 37 27 40 53 25 0
52 43 26 41 53 24 0
52 42 27 40 53 26 0
52 41 26 40 53 25 0
52 42 25 41 53 25 0
52 42 27 41 53 28 0
52 43 27 41 53 25 0
52 42 28 40 54 25 0
52 43 26 40 52 27 0
52 40 28 40 53 26 0
52 43 27 40 53 26 0
52 41 26 40 53 26 0
52 44 27 41 54 27 0
52 40 28 39 53 27 0
52 40 27 40 53 26 0
52 42 27 40 53 25 0
52 41 27 41 53 26 0
52 43 28 40 53 25 0
52 43 27 40 53 26 0
52 43 28 40 54 26 0
52 43 27 41 53 27 0
52 42 28 41 54 25 0
52 42 27 41 53 25 0
52 41 26 40 53 29 0
52 44 27 39 53 28 0
52 41 28 40 53 29 0
53 42 29 39 51 23 18
53 41 30 40 51 23 10
53 41 31 40 52 23 21
53 43 31 39 52 23 26
53 41 32 39 52 24 26
53 43 30 39 51 22 26
53 41 30 41 52 24 17
53 41 31 41 52 30 18
53 44 31 40 53 29 19
53 43 30 40 51 28 18
53 42 30 40 53 28 19
53 41 31 41 52 28 0
53 41 30 39 51 27 0
53 42 30 39 52 26 0
53 41 31 40 51 31 0
53 43 31 39 52 31 0
53 42 32 40 50 31 0
53 41 29 39 51 31 0
53 42 28 39 52 30 0
53 43 32 39 51 29 0
53 42 32 39 51 29 0
53 43 31 39 50 29 0
53 41 31 40 52 30 0
53 40 31 40 52 31 0
53 40 31 40 51 29 0
53 34 31 38 51 29 0
53 40 31 38 51 30 0
53 40 30 38 52 29 0
53 39 31 40 52 30 0
53 40 32 39 51 31 0
53 40 32 40 52 31 0
53 39 31 39 52 31 0
53 39 31 39 52 30 0
53 40 31 39 51 30 0
53 41 32 40 52 30 0
53 39 31 38 51 30 0
53 40 31 38 52 30 0
53 41 31 38 51 31 0
53 39 32 38 52 30 0
53 39 31 38 51 30 0
53 40 31 39 52 30 0
53 41 30 38 51 30 0
53 41 32 38 51 29 0
53 40 31 38 53 30 0
53 41 29 39 52 31 0
53 41 31 39 51 27 0
53 39 31 40 52 26 0
53 40 31 39 51 27 0
53 39 29 39 51 28 0
53 40 31 40 30 28 0
53 40 29 38 51 27 0
53 40 30 41 56 28 0
53 39 31 38 54 28 0
53 40 30 38 52 27 0
53 40 30 39 50 27 0
53 39 32 38 56 28 0
53 41 30 38 54 27 0
53 41 31 38 52 27 0
53 41 31 40 55 28 0
53 40 32 39 56 28 0
53 40 31 39 54 28 0
53 39 29 39 52 28 0
53 40 31 36 52 29 0
53 40 32 37 52 27 0
53 41 30 44 51 27 0
53 39 32 41 53 27 0
53 40 31 39 52 29 0
53 40 35 39 52 27 0
53 39 34 40 52 28 0
53 39 33 39 51 28 0
53 39 34 41 43 28 0
53 41 33 38 42 29 0
53 40 35 38 41 28 0
53 40 35 40 43 29 0
53 41 35 39 42 28 0
53 39 34 39 41 28 0
53 40 35 38 42 29 0
53 41 34 38 42 28 0
53 40 33 38 43 29 0
53 40 35 39 42 29 0
53 39 34 39 42 28 0
53 39 35 40 41 29 0
53 41 33 38 42 27 0
53 39 35 39 41 26 0
53 40 34 40 41 26 0
53 39 33 39 42 26 0
53 40 36 38 42 27 0
53 40 35 37 41 22 0
53 40 34 37 42 21 0
53 40 34 37 41 21 0
53 40 35 39 41 21 0
53 40 35 37 42 23 0
53 40 35 37 41 22 0
53 40 36 38 42 21 0
53 40 35 39 42 20 0
53 41 36 38 42 23 0
53 41 36 40 42 25 0
53 42 36 39 42 25 0
53 41 36 38 42 20 0
53 39 34 38 42 26 0
54 51 41 31 53 27 19
54 51 39 31 52 27 21
54 51 40 32 52 33 22
54 50 39 32 43 31 27
54 50 40 31 44 33 25
54 50 40 31 43 28 26
54 51 40 32 44 29 29
54 51 39 31 43 29 28
54 50 40 32 44 30 19
54 51 41 32 44 0 19
54 51 42 33 45 0 20
54 52 39 30 43 0 0
54 51 41 31 44 0 0
54 51 39 31 45 0 0
54 50 41 31 44 0 0
54 51 40 32 44 0 0
54 52 40 31 44 0 0
54 51 40 32 44 0 0
54 50 40 30 43 0 0
54 51 40 32 44 0 0
54 50 40 31 43 0 0
54 51 39 31 43 0 0
54 51 40 30 44 0 0
54 52 39 32 45 0 0
54 52 39 32 44 0 0
54 50 40 32 43 0 0
54 52 41 31 45 0 0
54 52 40 32 45 0 0
54 51 40 32 44 0 0
54 51 41 32 45 0 0
54 51 40 31 44 0 0
54 50 40 32 44 0 0
54 50 39 33 44 0 0
54 51 40 32 44 0 0
54 50 39 32 44 0 0
54 51 40 34 44 0 0
54 50 40 33 44 0 0
54 52 38 32 44 0 0
54 50 40 32 44 0 0
54 50 40 31 43 0 0
54 51 36 31 45 0 0
54 51 36 32 44 0 0
54 51 36 32 45 0 0
54 50 36 31 44 0 0
54 50 35 30 45 0 0
54 51 36 31 44 0 0
54 51 35 30 45 0 0
54 51 35 33 45 0 0
54 51 35 31 44 0 0
54 51 35 34 44 0 0
54 50 35 35 45 0 0
54 51 36 32 44 0 0
54 52 37 30 44 0 0
54 50 35 33 44 0 0
54 52 34 32 44 0 0
54 55 34 30 45 0 0
54 56 36 31 45 0 0
54 55 37 32 45 0 0
54 57 36 32 44 0 0
54 54 37 31 44 0 0
54 56 36 32 45 0 0
54 56 36 32 44 0 0
54 57 35 32 44 0 0
54 57 36 33 43 0 0
54 55 35 32 44 0 0
54 56 35 31 44 0 0
54 56 37 31 44 0 0
54 55 36 30 45 0 0
54 56 37 31 45 0 0
54 56 35 30 45 0 0
54 55 36 31 45 0 0
54 55 37 31 43 0 0
54 56 35 31 44 0 0
54 55 35 31 45 0 0
54 55 35 30 44 0 0
54 57 36 31 44 0 0
54 55 35 30 45 0 0
54 56 36 31 44 0 0
54 56 36 30 43 0 0
54 56 36 30 44 0 0
54 56 35 31 44 0 0
54 55 35 30 44 0 0
54 56 38 30 44 0 0
54 56 37 31 44 0 0
54 56 36 30 43 0 0
54 56 36 31 43 0 0
54 55 36 31 45 0 0
54 56 37 30 43 0 0
54 55 37 30 41 0 0
54 55 35 31 42 0 0
54 55 35 31 42 0 0
54 56 37 31 41 0 0
54 55 35 31 42 0 0
54 55 36 31 42 0 0
54 56 36 31 41 0 0
54 55 35 31 42 0 0
54 55 36 30 42 0 0
54 56 36 30 42 0 0
54 55 36 30 42 0 0
54 56 36 31 42 0 0
55 55 39 30 36 27 22
55 56 37 32 36 26 21
55 56 37 32 37 26 20
55 55 39 30 36 25 20
55 56 37 31 37 25 20
55 55 37 31 38 26 22
55 55 37 31 37 25 22
55 55 38 31 37 28 20
55 55 38 31 37 27 20
55 56 38 31 38 28 18
55 55 38 31 37 28 21
55 54 38 31 37 27 24
55 54 38 32 37 27 23
55 56 38 32 35 28 24
55 56 38 32 37 29 24
55 54 38 31 37 29 25
55 55 39 32 36 32 26
55 47 38 31 37 27 24
55 47 37 31 36 32 25
55 47 38 31 37 31 25
55 47 38 31 35 31 25
55 45 39 31 37 31 25
55 48 39 32 37 31 24
55 47 37 32 37 32 24
55 46 37 31 38 31 25
55 47 37 31 37 32 25
55 45 37 31 37 32 25
55 46 38 31 37 33 24
55 48 37 32 36 33 24
55 46 38 32 36 32 25
55 47 38 32 37 32 24
55 47 38 32 38 32 28
55 46 37 32 36 31 27
55 46 37 30 37 32 28
55 47 38 32 37 31 27
55 46 37 31 37 33 28
55 46 38 32 37 33 27
55 47 38 32 37 32 27
55 48 38 32 38 33 27
55 47 39 31 36 33 26
55 46 39 32 35 31 26
55 46 37 31 37 33 27
55 48 38 30 36 32 27
55 47 38 31 36 32 26
55 47 38 31 37 31 27
55 46 37 31 36 31 27
55 46 38 31 36 32 27
55 48 38 31 37 32 27
55 47 38 29 36 32 28
55 48 37 30 35 32 27
55 46 38 30 36 32 28
55 47 38 32 35 31 27
55 45 37 31 36 32 26
55 46 38 31 37 31 26
55 47 38 31 36 32 31
55 48 38 32 36 32 31
55 48 37 31 35 31 32
55 47 37 29 36 32 32
55 47 38 33 37 32 31
55 46 38 36 36 32 32
55 48 38 34 36 33 31
55 47 38 30 36 33 34
55 46 38 29 36 33 33
55 47 37 30 35 32 31
55 47 40 29 36 32 32
55 46 39 31 37 32 31
55 48 39 30 37 30 32
55 45 40 30 36 32 32
55 46 39 31 37 32 31
55 46 39 30 37 32 31
55 46 38 31 36 32 26
55 47 36 30 36 32 26
55 47 40 30 36 33 27
55 47 39 30 36 33 26
55 46 39 31 37 34 27
55 47 40 30 37 32 27
55 46 40 30 36 32 27
55 48 40 31 36 38 26
55 47 40 31 35 38 27
55 46 40 31 34 38 27
55 48 40 31 37 38 28
55 48 39 30 35 38 27
55 47 39 29 36 39 28
55 47 39 32 37 38 26
55 46 39 30 36 39 26
55 45 39 31 36 38 25
55 46 39 30 36 38 27
55 47 39 31 36 39 27
55 47 39 32 35 39 27
55 46 40 30 36 38 26
55 46 39 31 35 39 29
55 46 39 29 37 38 30
55 45 39 30 36 39 29
55 47 39 33 35 37 29
55 47 39 32 36 38 30
55 46 40 32 37 38 30
55 46 40 32 36 39 29
55 46 39 30 37 39 29
55 46 39 31 37 38 30
55 46 39 31 37 38 29
56 56 34 30 31 31 19
56 55 35 29 31 30 18
56 54 36 29 30 32 18
56 56 34 28 30 31 0
56 56 35 30 31 30 0
56 56 34 29 31 31 0
56 56 34 29 32 30 0
56 55 33 30 31 31 0
56 56 33 29 30 30 0
56 55 34 30 29 31 0
56 55 34 29 31 30 0
56 55 34 29 30 31 0
56 57 33 29 31 31 0
56 56 34 29 30 31 0
56 55 34 30 31 30 0
56 56 34 29 29 31 0
56 56 35 29 30 32 0
56 55 34 29 31 31 0
56 56 34 29 31 30 0
56 55 34 29 30 31 0
56 55 34 31 30 32 0
56 56 34 29 30 31 0
56 55 34 29 30 32 0
56 56 33 29 30 32 0
56 55 34 29 31 32 0
56 55 34 30 30 31 0
56 55 34 36 31 30 0
56 55 34 36 31 30 0
56 56 36 36 30 31 0
56 56 38 36 31 32 0
56 56 38 35 32 32 0
56 55 36 35 31 31 0
56 56 34 36 31 32 0
56 56 34 37 30 32 0
56 56 36 36 31 32 0
56 56 35 37 31 32 0
56 56 36 37 30 32 0
56 56 35 36 30 32 0
56 55 36 37 30 32 0
56 56 37 37 30 32 0
56 55 35 37 30 32 0
56 56 35 37 30 33 0
56 55 37 36 31 31 0
56 59 36 37 31 31 0
56 59 35 36 30 32 0
56 59 36 36 31 31 0
56 59 36 37 30 32 0
56 59 36 36 30 32 0
56 59 36 37 31 32 0
56 60 36 37 30 33 0
56 59 36 37 31 33 0
56 59 36 36 29 32 0
56 59 36 36 30 32 0
56 60 36 37 31 32 0
56 59 36 37 30 31 0
56 58 36 37 32 31 0
56 59 36 36 32 32 0
56 59 35 36 30 34 0
56 59 34 37 30 33 0
56 59 33 36 30 36 0
56 59 34 36 30 34 0
56 58 33 36 31 32 0
56 58 33 36 31 35 0
56 59 34 37 30 35 0
56 59 34 36 30 33 0
56 60 35 36 31 32 0
56 60 34 37 31 30 0
56 58 34 36 31 31 0
56 59 34 35 30 31 0
56 58 33 37 31 32 0
56 59 33 36 31 32 0
56 58 33 37 31 32 0
56 59 34 37 31 32 0
56 58 34 37 31 31 0
56 58 34 36 31 31 0
56 58 33 36 30 31 0
56 58 33 36 31 31 0
56 59 35 36 31 32 0
56 58 35 36 32 32 0
56 58 34 36 32 31 0
56 59 34 37 35 31 0
56 60 34 36 32 31 0
56 59 35 37 35 31 0
56 58 34 37 32 32 0
56 59 34 36 33 32 0
56 59 35 35 32 31 0
56 59 34 36 35 31 0
56 59 34 37 34 32 0
56 59 34 36 30 31 0
56 59 35 37 30 30 0
56 59 34 37 32 32 0
56 59 34 36 31 32 0
56 58 34 37 30 32 0
56 59 35 37 30 32 0
56 58 38 36 30 32 0
56 58 36 37 30 31 0
56 59 36 36 31 32 0
56 58 35 37 33 30 0
56 59 34 38 33 31 0
56 59 37 37 32 32 0
57 47 34 30 33 36 32
57 48 34 30 33 36 28
57 46 34 30 33 37 32
57 45 34 30 33 36 32
57 47 32 31 33 37 31
57 48 34 30 32 36 31
57 48 34 29 32 37 30
57 47 33 26 33 36 30
57 46 36 27 33 36 31
57 48 35 27 33 36 29
57 47 36 26 34 37 31
57 47 36 31 33 30 31
57 47 35 30 31 29 31
57 48 36 30 39 28 31
57 47 35 31 39 28 31
57 47 35 31 35 29 31
57 47 35 29 35 29 31
57 46 34 30 34 29 30
57 47 34 30 34 28 30
57 47 35 31 32 28 30
57 48 34 30 31 28 30
57 47 34 31 30 29 35
57 47 36 27 31 29 31
57 46 35 28 32 28 30
57 48 34 27 38 29 34
57 47 35 28 36 28 32
57 48 35 28 38 29 31
57 47 34 28 36 28 31
57 48 35 27 37 29 31
57 47 35 28 36 29 33
57 47 35 28 38 29 31
57 47 34 28 37 28 31
57 47 34 28 33 28 31
57 46 34 28 34 28 31
57 47 35 29 36 27 31
57 47 34 27 34 28 30
57 47 34 28 35 29 32
57 47 34 27 35 29 31
57 47 35 19 37 28 30
57 47 34 24 37 29 30
57 46 35 29 38 28 32
57 47 34 29 36 29 30
57 47 34 30 35 28 31
57 47 35 28 36 28 31
57 47 33 30 35 28 29
57 46 34 29 36 29 31
57 48 34 29 37 29 31
57 47 34 29 35 29 32
57 47 34 29 36 29 32
57 47 35 29 35 29 31
57 47 35 29 36 28 31
57 47 35 28 36 28 30
57 47 34 27 38 29 31
57 47 34 27 37 28 31
57 47 35 27 37 28 31
57 47 35 28 37 27 31
57 48 34 27 37 34 31
57 46 35 27 37 32 31
57 46 34 29 37 28 31
57 46 34 29 38 29 30
57 46 34 28 36 33 32
57 47 35 28 36 31 32
57 47 34 29 36 28 31
57 47 35 30 37 29 30
57 47 34 29 37 28 31
57 46 34 30 36 32 31
57 47 34 28 37 29 31
57 47 34 30 36 30 31
57 48 34 29 37 28 31
57 47 34 28 37 28 31
57 46 33 28 36 29 31
57 47 34 26 36 29 32
57 47 34 27 33 29 25
57 48 34 27 35 29 25
57 47 34 27 34 29 25
57 47 34 29 34 28 26
57 46 33 27 34 29 26
57 46 34 27 35 28 25
57 47 34 26 34 28 23
57 48 33 28 34 28 25
57 47 33 26 34 28 25
57 47 34 27 35 29 26
57 47 35 27 34 28 26
57 47 35 28 34 28 26
57 47 34 28 33 29 25
57 47 35 27 34 28 25
57 47 36 27 35 28 26
57 48 36 29 35 29 26
57 47 36 28 35 29 24
57 48 33 28 34 28 25
57 49 34 27 35 29 25
57 48 35 28 34 27 25
57 47 35 27 34 29 24
57 48 34 28 35 28 25
57 49 35 28 34 29 25
57 49 34 28 33 28 25
57 48 34 27 34 27 26
57 47 34 27 34 28 26
57 47 35 29 34 29 24
57 47 34 28 34 28 25
5 0 24 8 0 29 27
5 0 23 0 0 25 28
5 0 23 0 0 28 27
5 0 26 0 0 27 28
5 0 26 0 0 28 28
5 0 26 0 0 28 29
5 0 26 0 0 28 29
5 0 26 0 0 28 27
5 0 27 0 0 28 28
5 0 28 0 0 29 29
5 0 27 0 0 30 29
5 0 27 0 0 31 27
5 0 27 0 0 30 27
5 0 28 0 0 30 27
5 0 26 0 0 28 29
5 0 26 0 0 29 29
5 0 26 0 0 29 27
5 0 27 0 0 28 27
5 0 26 0 0 31 29
5 0 27 0 0 29 28
5 0 27 0 0 30 28
5 0 26 0 0 29 27
5 0 26 0 0 30 27
5 0 26 0 0 28 27
5 0 27 0 0 29 28
5 0 26 0 0 29 27
5 0 27 0 0 31 27
5 0 27 0 0 29 28
5 0 26 0 0 28 27
5 0 26 0 0 28 29
5 0 26 0 0 29 29
5 0 27 0 0 28 29
5 0 27 0 0 29 28
5 0 27 0 0 34 29
5 0 27 0 0 34 27
5 0 27 0 0 34 27
5 0 26 0 0 35 29
5 0 26 0 0 35 27
5 0 27 0 0 34 29
5 0 26 0 0 33 27
5 0 28 0 0 35 28
5 0 26 0 0 34 28
5 0 26 0 0 35 28
5 0 26 0 0 34 31
5 0 27 0 0 34 28
5 0 27 0 0 34 28
5 0 27 0 0 34 28
5 0 26 0 0 34 28
5 0 27 0 0 34 30
5 0 27 0 0 36 27
5 0 27 0 0 33 28
5 0 27 0 0 34 27
5 0 27 0 0 27 28
5 0 27 0 0 26 28
5 0 27 0 0 27 27
5 0 27 0 0 27 29
5 0 28 0 0 27 29
5 0 27 0 0 28 27
5 0 27 0 0 27 27
5 0 27 0 0 27 27
5 0 27 0 0 26 27
5 0 27 0 0 28 28
5 0 29 0 0 29 27
5 0 27 0 0 32 27
5 0 27 0 0 32 29
5 0 26 0 0 30 28
5 0 28 0 0 29 27
5 0 28 0 0 23 29
5 0 27 0 0 32 27
5 0 27 0 0 27 29
5 0 27 0 0 27 27
5 0 27 0 0 28 27
5 0 26 0 0 26 28
5 0 31 0 0 28 27
5 0 30 0 0 27 28
5 0 26 0 0 28 28
5 0 30 0 0 28 27
5 0 29 0 0 26 29
5 0 28 0 0 27 27
5 0 26 0 0 27 27
5 0 31 0 0 27 30
5 0 27 0 0 27 28
5 0 26 0 0 27 27
5 0 27 0 0 27 28
5 0 26 0 0 27 28
5 0 27 0 0 26 28
5 0 27 0 0 27 29
5 0 26 0 0 27 27
5 0 27 0 0 26 28
5 0 27 0 0 27 28
5 0 27 0 0 26 27
5 0 26 0 0 27 28
5 0 27 0 0 27 28
5 0 27 0 0 27 28
5 0 27 0 0 27 27
5 0 27 0 0 26 28
5 0 28 0 0 26 28
5 0 26 0 0 26 28
5 0 27 0 0 27 28
5 0 27 0 0 27 27
7 11 13 20 4 19 48
7 15 18 18 2 19 46
7 11 13 22 3 20 48
7 0 17 20 4 20 47
7 5 12 20 2 21 47
7 11 17 16 4 20 46
7 8 12 15 4 21 48
7 11 21 10 5 22 48
7 12 19 17 5 21 27
7 15 16 20 3 19 48
7 11 15 16 3 19 48
7 11 17 16 4 21 48
7 13 18 16 4 20 49
7 13 16 17 4 17 48
7 13 15 17 1 20 48
7 14 12 16 3 20 47
7 14 13 16 4 21 48
7 14 12 16 5 19 47
7 13 12 15 5 20 47
7 15 15 16 6 21 47
7 13 12 16 5 18 48
7 15 13 15 4 21 47
7 15 13 15 5 19 48
7 14 13 16 5 21 48
7 12 12 15 6 19 47
7 13 14 15 3 19 48
7 13 12 16 4 20 48
7 12 14 16 8 21 48
7 11 7 15 2 20 48
7 12 12 15 6 20 49
7 13 13 15 6 20 47
7 13 14 16 5 20 47
7 12 14 16 3 20 48
7 14 13 4 2 20 47
7 11 14 15 3 21 48
7 14 14 15 5 20 49
7 14 14 16 4 20 48
7 13 14 15 6 19 48
7 13 14 16 5 21 48
7 14 12 16 1 20 48
7 13 11 15 7 23 48
7 12 13 16 5 23 47
7 12 14 16 3 25 47
7 13 13 16 1 24 48
7 12 13 16 4 22 48
7 11 14 15 2 19 47
7 12 14 16 2 24 47
7 13 12 15 3 23 47
7 14 13 16 4 21 49
7 8 14 16 4 22 48
7 7 11 15 2 22 48
7 12 12 16 3 20 47
7 12 12 17 3 21 48
7 15 13 16 4 21 48
7 15 11 16 0 21 45
7 12 12 16 0 20 47
7 9 15 16 0 21 47
7 10 15 12 0 21 47
7 10 14 16 0 22 48
7 9 12 12 0 20 48
7 11 17 19 0 21 47
7 6 14 20 0 21 48
7 13 13 18 0 21 47
7 12 15 19 0 21 48
7 12 17 18 0 19 47
7 12 17 18 0 21 48
7 8 13 10 0 20 49
7 8 13 18 0 20 46
7 12 15 18 0 20 47
7 10 12 19 0 20 48
7 7 12 17 0 20 48
7 13 14 22 0 21 48
7 17 11 18 0 20 48
7 12 11 18 0 22 49
7 14 12 18 0 21 48
7 13 15 16 0 20 48
7 16 12 17 0 20 48
7 17 11 17 0 21 48
7 16 10 20 0 21 48
7 16 7 18 0 20 47
7 20 9 17 0 20 48
7 12 10 16 0 22 49
7 13 11 19 0 19 49
7 14 11 19 0 21 27
7 12 10 17 0 21 49
7 14 12 17 0 21 47
7 13 11 17 0 23 48
7 15 11 17 0 21 47
7 15 17 18 0 21 47
7 3 18 15 0 21 47
7 14 21 18 0 18 27
7 14 14 15 0 22 48
7 11 13 16 0 21 47
7 12 15 17 0 21 48
7 12 15 17 0 22 48
7 13 18 17 0 20 28
7 15 17 18 0 22 47
7 14 19 18 0 21 48
7 14 17 16 0 22 40
7 13 21 15 0 20 47
8 16 16 16 6 21 43
8 16 16 12 3 20 42
8 15 16 17 3 25 46
8 16 16 18 3 24 45
8 13 15 14 8 22 46
8 14 20 18 11 21 42
8 16 16 17 16 21 45
8 16 15 18 15 26 46
8 15 15 17 12 25 45
8 16 16 17 7 25 44
8 15 15 20 11 21 45
8 15 14 18 9 21 41
8 16 15 16 11 25 42
8 15 13 16 11 24 46
8 17 14 18 8 21 44
8 16 17 17 10 21 45
8 15 15 17 11 22 45
8 13 15 15 10 23 46
8 17 13 17 9 22 47
8 15 14 18 12 26 43
8 16 14 17 9 24 46
8 16 13 17 12 26 45
8 16 15 18 9 25 42
8 11 15 17 7 23 42
8 9 13 18 7 10 41
8 11 14 18 9 23 46
8 16 15 17 9 23 45
8 15 13 17 12 25 45
8 15 15 13 10 24 46
8 16 14 18 10 23 46
8 16 14 18 7 24 45
8 14 14 17 9 26 45
8 16 15 17 6 23 47
8 11 14 17 7 23 46
8 14 15 17 13 24 46
8 13 11 18 11 25 45
8 15 14 18 14 24 46
8 15 14 18 6 23 41
8 15 16 17 7 22 45
8 16 17 18 9 21 45
8 16 15 17 5 22 46
8 15 15 17 6 21 45
8 15 13 18 5 25 46
8 16 15 18 6 22 41
8 16 13 18 7 25 43
8 16 14 18 8 26 45
8 16 15 18 9 25 45
8 13 16 19 8 24 42
8 16 14 18 8 25 46
8 14 15 18 9 26 45
8 15 13 17 10 25 45
8 15 14 18 10 26 44
8 16 14 17 8 24 46
8 16 15 17 9 24 46
8 15 14 18 8 26 45
8 16 14 18 11 25 40
8 16 15 16 11 25 40
8 16 16 17 9 23 45
8 17 16 17 11 24 45
8 17 15 18 8 26 45
8 18 15 13 12 24 45
8 17 15 14 9 24 45
8 15 15 18 9 25 45
8 16 15 17 6 26 45
8 16 16 18 7 23 45
8 12 15 18 2 26 41
8 13 15 18 9 24 42
8 16 13 18 9 26 43
8 16 13 18 9 26 45
8 15 16 17 9 22 45
8 16 12 18 12 27 45
8 17 13 18 19 25 42
8 15 12 18 11 23 42
8 15 13 12 14 23 45
8 16 12 17 11 20 45
8 15 13 16 12 21 46
8 16 15 19 12 24 45
8 15 13 14 12 23 45
8 16 14 15 17 22 45
8 16 15 19 17 19 45
8 4 14 18 18 22 42
8 9 15 19 9 20 45
8 9 15 19 16 24 46
8 14 16 19 16 24 45
8 14 15 19 16 25 43
8 15 15 20 10 23 42
8 16 14 21 16 23 45
8 17 16 18 13 23 45
8 16 16 19 16 25 46
8 16 16 18 18 24 47
8 17 15 18 14 24 41
8 14 13 19 16 26 44
8 15 17 19 17 22 45
8 15 11 18 16 23 44
8 16 13 19 17 24 40
8 16 13 11 9 26 40
8 12 15 17 9 24 45
8 13 15 17 8 23 44
8 14 12 19 8 23 46
8 14 13 19 8 22 46
9 22 16 15 16 23 44
9 24 15 15 16 23 44
9 24 17 14 16 24 45
9 27 12 16 13 24 43
9 8 16 14 15 25 44
9 25 16 15 15 24 44
9 25 17 20 15 23 44
9 25 16 18 4 23 45
9 25 14 15 13 23 44
9 25 14 14 16 23 44
9 24 16 19 15 24 45
9 25 11 15 17 23 44
9 27 12 14 8 23 44
9 23 12 16 14 24 44
9 26 15 13 11 23 44
9 15 15 13 13 24 45
9 13 14 14 14 24 44
9 18 13 13 13 22 44
9 15 15 14 17 23 44
9 13 12 13 16 24 44
9 15 14 14 15 22 44
9 16 13 16 18 23 44
9 22 11 8 15 22 45
9 16 12 16 14 24 45
9 16 12 16 17 25 45
9 15 11 15 16 24 44
9 15 13 17 13 23 44
9 16 12 14 15 24 45
9 13 15 17 16 23 44
9 16 15 17 14 23 43
9 15 14 17 17 24 45
9 15 15 15 16 24 44
9 15 13 16 17 23 39
9 12 14 16 15 24 44
9 15 14 16 17 23 44
9 11 14 16 15 24 44
9 16 14 14 16 24 45
9 2 12 15 15 24 44
9 14 15 12 18 23 45
9 12 12 9 14 23 44
9 15 14 17 16 22 45
9 17 13 11 17 23 44
9 15 12 11 17 24 44
9 15 11 15 19 24 45
9 15 13 16 15 23 45
9 15 13 15 15 24 45
9 17 12 2 8 22 44
9 17 11 12 8 24 45
9 15 1 13 10 24 43
9 17 10 16 8 24 44
9 17 7 16 8 24 45
9 16 11 17 11 24 44
9 12 5 16 8 23 45
9 12 12 16 8 24 44
9 16 9 18 8 24 45
9 14 10 17 8 24 44
9 14 14 16 9 23 42
9 14 14 15 7 24 42
9 13 11 17 8 23 43
9 16 13 17 7 22 41
9 16 10 15 2 23 41
9 15 13 18 3 23 42
9 15 12 18 8 24 41
9 15 13 16 7 24 42
9 15 11 17 4 24 42
9 15 11 19 9 24 42
9 15 12 20 7 22 41
9 15 12 19 1 23 41
9 15 15 18 9 24 42
9 15 12 19 9 24 42
9 17 14 18 9 24 42
9 15 12 19 9 23 41
9 16 13 18 3 23 40
9 14 13 14 13 24 42
9 13 16 15 13 24 42
9 16 16 19 12 24 41
9 15 14 10 10 25 42
9 17 14 19 10 24 41
9 17 14 17 11 24 41
9 16 18 21 12 22 42
9 15 15 16 13 22 42
9 16 12 16 10 23 41
9 20 14 20 10 22 43
9 20 14 20 13 22 42
9 20 13 20 12 24 41
9 19 13 19 12 22 42
9 14 11 20 12 23 43
9 13 14 19 11 22 41
9 13 16 20 14 25 43
9 11 15 18 12 23 42
9 12 15 19 14 25 42
9 16 11 19 16 25 43
9 13 13 19 15 23 43
9 17 12 18 11 23 42
9 18 15 9 9 22 41
9 17 16 9 12 22 43
9 11 15 10 13 21 42
9 13 16 7 13 23 42
9 15 14 8 14 24 42
9 9 14 15 9 24 41
