4500
10 26 22 27 13 33 40
10 21 24 23 10 35 35
10 20 27 26 10 32 37
10 19 27 28 5 37 40
10 20 28 29 7 41 42
10 23 29 25 7 42 39
10 21 27 26 7 39 39
10 14 24 25 6 36 41
10 14 27 24 6 36 42
10 8 26 24 11 45 39
10 10 26 24 9 43 39
10 16 28 23 9 43 39
10 14 27 26 12 42 38
10 8 28 25 11 42 40
10 12 27 26 7 43 40
10 12 28 25 6 38 40
10 11 27 26 8 37 40
10 10 26 27 6 38 40
10 7 27 22 5 37 39
10 7 24 24 10 37 39
10 9 25 23 5 37 39
10 11 26 23 5 39 40
10 10 26 23 8 39 39
10 10 26 27 7 39 39
10 9 26 26 5 39 36
10 10 24 27 7 38 36
10 9 24 27 9 38 36
10 7 21 25 10 37 36
10 9 23 24 11 37 36
10 7 24 24 3 36 36
10 12 23 22 9 37 36
10 12 24 25 6 37 36
10 7 25 24 8 35 36
10 5 24 23 5 37 35
10 9 24 24 7 37 35
10 12 25 22 9 34 35
10 9 24 26 8 35 26
10 10 23 26 10 34 36
10 10 23 28 6 34 37
10 10 23 27 5 32 36
10 11 23 21 7 34 36
10 8 22 24 8 32 36
10 9 23 23 5 34 39
10 9 22 23 6 34 40
10 9 22 21 4 37 39
10 8 21 24 3 29 38
10 8 21 22 4 28 39
10 10 22 24 5 31 36
10 10 26 23 4 36 36
10 12 23 22 5 37 35
10 13 23 26 7 38 34
10 10 23 19 4 39 36
10 14 25 20 5 39 33
10 14 25 20 5 40 36
10 5 24 20 6 40 37
10 14 23 21 8 35 36
10 16 23 20 7 35 36
10 16 22 19 5 35 40
10 20 20 17 7 35 40
10 22 16 22 5 35 40
10 19 15 18 7 31 41
10 21 14 18 6 34 43
10 17 13 21 10 35 43
10 18 19 15 9 31 43
10 18 16 13 9 33 41
10 16 12 15 8 34 39
10 17 9 14 7 34 39
10 19 10 9 7 30 32
10 16 8 16 6 32 40
10 18 5 13 8 31 39
10 18 10 15 8 36 41
10 18 4 13 5 33 40
10 19 10 19 9 32 38
10 18 11 12 10 32 38
10 20 7 14 14 30 39
10 17 9 11 15 32 40
10 19 11 14 16 33 40
10 18 11 14 19 34 43
10 21 8 8 19 33 44
10 19 8 7 18 31 42
10 19 6 15 21 28 42
10 17 14 9 19 29 38
10 17 16 19 16 31 38
10 18 15 13 19 27 38
10 18 14 12 18 27 37
10 19 9 12 17 28 39
10 8 16 12 21 27 36
10 8 13 13 14 27 38
10 6 14 13 19 32 36
10 12 13 2 3 33 36
10 8 13 13 1 32 37
10 9 15 11 10 33 41
10 7 13 10 8 28 40
10 10 13 7 13 27 40
10 12 15 10 7 28 38
10 7 15 7 7 27 39
10 6 14 13 7 27 40
10 6 15 20 9 28 39
10 6 15 20 6 28 44
10 7 15 19 6 27 43
11 24 22 21 18 50 26
11 20 21 23 23 67 28
11 22 20 24 23 66 23
11 20 23 23 17 64 26
11 17 22 23 15 55 35
11 22 18 24 15 61 32
11 22 18 23 12 62 30
11 13 17 25 16 62 30
11 23 13 25 13 64 29
11 13 16 26 20 60 28
11 14 13 26 20 70 28
11 13 16 26 6 77 38
11 12 16 28 6 58 38
11 12 16 25 8 59 37
11 12 15 21 1 69 41
11 14 12 19 10 56 40
11 11 10 20 11 55 36
11 16 13 20 9 61 39
11 17 13 18 8 59 37
11 14 14 21 8 59 37
11 16 14 19 10 59 40
11 15 10 18 11 56 40
11 17 14 21 10 57 40
11 15 12 16 7 53 40
11 13 13 19 7 48 43
11 5 11 20 7 52 37
11 14 12 19 11 56 31
11 14 13 20 13 57 31
11 12 13 25 13 56 31
11 18 12 13 14 57 32
11 18 13 14 15 58 30
11 8 10 15 11 57 30
11 17 10 7 15 56 35
11 13 10 14 19 60 35
11 16 11 15 13 61 35
11 15 14 13 11 61 35
11 21 13 15 7 61 35
11 17 15 14 10 54 35
11 19 15 15 10 50 37
11 21 15 18 10 51 31
11 21 14 17 14 48 31
11 22 14 19 13 50 31
11 22 13 21 8 49 32
11 20 13 17 7 47 31
11 18 14 10 5 46 31
11 19 18 18 7 49 32
11 24 15 18 5 47 32
11 22 16 18 4 51 32
11 17 13 19 5 50 32
11 17 1 18 6 50 37
11 9 9 16 7 50 31
11 22 13 15 5 48 31
11 19 15 18 7 49 31
11 11 14 17 5 51 30
11 19 14 19 8 52 28
11 19 15 16 7 52 31
11 19 15 22 8 50 24
11 22 16 19 5 50 29
11 20 16 22 7 46 28
11 20 15 21 4 53 30
11 20 15 20 7 53 34
11 20 14 21 7 52 35
11 19 8 21 7 42 34
11 18 12 19 6 41 32
11 19 13 13 8 41 32
11 20 12 20 7 43 32
11 19 14 22 8 51 30
11 19 13 21 8 52 54
11 21 12 20 7 52 54
11 18 12 20 7 51 54
11 16 12 18 8 55 54
11 18 11 19 8 55 54
11 18 13 21 9 55 53
11 17 12 20 4 52 53
11 18 16 19 5 42 53
11 18 14 19 4 42 53
11 18 14 20 8 43 53
11 16 13 19 8 43 53
11 18 14 17 7 39 54
11 19 13 18 6 39 52
11 17 15 14 7 37 50
11 16 11 12 8 39 50
11 17 15 17 10 41 47
11 19 15 17 7 44 48
11 18 17 18 8 42 46
11 19 15 22 9 41 45
11 19 17 20 7 42 57
11 18 16 18 6 41 57
11 16 14 21 7 34 57
11 17 18 20 7 40 56
11 20 12 19 8 53 58
11 15 13 18 9 53 58
11 17 13 18 5 52 57
11 14 15 18 8 53 49
11 17 15 17 1 53 47
11 16 15 20 6 55 52
11 15 11 19 7 49 49
11 15 12 16 7 48 51
11 17 14 16 4 49 51
11 15 13 17 8 63 43
12 25 24 26 12 48 34
12 26 18 25 12 48 34
12 24 14 28 8 49 34
12 23 20 20 10 47 32
12 22 17 18 15 49 33
12 20 19 17 14 49 33
12 25 21 18 12 49 40
12 23 21 18 6 48 19
12 23 22 19 13 48 16
12 24 20 21 14 48 30
12 26 21 18 10 48 30
12 24 23 20 9 50 32
12 24 22 21 11 49 27
12 24 28 19 11 49 42
12 24 23 19 11 48 43
12 21 25 19 12 48 40
12 25 25 19 13 48 51
12 18 23 19 13 48 42
12 24 27 19 12 48 40
12 25 27 19 11 49 41
12 22 20 20 9 50 36
12 23 21 19 13 50 36
12 22 21 20 0 50 36
12 23 21 20 20 50 39
12 23 23 22 18 55 39
12 19 23 19 17 65 37
12 24 24 20 20 50 35
12 21 24 18 20 49 38
12 20 24 20 20 53 38
12 23 24 17 17 60 38
12 20 21 18 7 50 38
12 25 22 18 14 51 38
12 25 22 17 9 60 38
12 22 21 23 11 50 38
12 19 21 24 13 64 39
12 22 22 23 14 50 36
12 23 21 21 13 49 39
12 21 21 22 13 48 38
12 20 23 22 13 48 38
12 21 23 19 11 48 39
12 22 21 19 14 53 38
12 21 18 18 14 49 39
12 23 15 18 13 48 38
12 18 20 18 15 37 38
12 23 20 25 11 37 39
12 22 20 26 8 37 39
12 22 17 25 14 31 39
12 23 22 24 15 38 39
12 23 22 25 10 37 38
12 25 24 26 10 40 39
12 24 24 25 13 43 41
12 24 23 24 13 43 41
12 23 24 27 12 42 42
12 21 23 27 14 45 42
12 23 20 27 12 33 42
12 16 19 28 14 40 43
12 20 25 25 16 44 43
12 20 23 25 14 50 43
12 20 21 26 12 48 43
12 20 25 26 14 50 42
12 24 24 24 4 41 44
12 20 20 18 12 44 44
12 19 22 21 20 41 44
12 19 24 16 17 35 44
12 21 23 19 19 44 44
12 19 24 20 18 43 44
12 19 22 21 15 41 42
12 24 22 26 17 28 42
12 28 24 26 14 33 39
12 28 23 22 17 35 40
12 26 22 23 16 35 40
12 25 21 19 17 35 39
12 25 27 19 16 36 40
12 26 26 18 18 37 41
12 25 25 19 16 37 41
12 25 25 19 17 37 41
12 19 21 20 14 36 41
12 29 20 18 18 37 41
12 24 22 17 14 35 41
12 25 21 17 12 36 41
12 26 22 19 13 35 42
12 24 18 18 13 35 40
12 27 22 21 3 37 41
12 27 22 20 14 37 42
12 27 21 20 15 36 42
12 25 23 18 16 36 42
12 31 24 21 14 37 43
12 29 25 20 14 35 41
12 23 19 19 13 37 42
12 29 22 19 14 35 42
12 29 19 19 15 36 41
12 26 21 18 14 37 42
12 27 22 17 15 37 42
12 25 22 18 13 37 30
12 25 22 19 13 35 29
12 26 25 20 15 37 31
12 18 21 21 14 37 30
12 16 24 19 6 36 39
12 18 26 18 2 35 38
12 19 21 20 13 36 39
14 27 27 30 11 57 28
14 24 28 30 10 57 27
14 26 28 30 11 57 28
14 26 28 31 12 58 28
14 26 27 30 16 57 28
14 33 27 30 18 58 31
14 25 24 32 8 58 31
14 25 24 32 2 53 31
14 27 24 32 14 37 32
14 27 24 32 13 37 31
14 26 23 32 14 39 31
14 23 23 31 13 35 30
14 27 24 27 13 39 30
14 26 23 26 12 39 30
14 23 25 27 11 39 29
14 20 24 28 12 39 29
14 18 23 26 10 36 30
14 15 31 26 15 37 30
14 19 29 22 14 37 41
14 20 27 22 16 37 42
14 17 26 23 14 36 40
14 17 23 23 16 35 39
14 16 22 21 11 38 40
14 18 23 20 14 37 41
14 22 23 18 9 37 42
14 23 22 19 16 37 42
14 22 21 27 16 39 39
14 24 23 25 14 38 38
14 22 24 26 15 38 38
14 17 24 25 15 37 40
14 16 24 23 12 38 39
14 15 26 27 15 37 37
14 19 21 26 10 37 38
14 18 24 25 12 37 40
14 20 24 24 11 37 38
14 18 24 24 19 38 38
14 19 24 23 0 38 40
14 19 23 25 0 38 37
14 20 24 24 0 38 40
14 18 24 24 0 39 39
14 21 23 23 0 35 38
14 23 23 22 0 35 39
14 24 22 21 0 34 39
14 20 25 22 0 34 39
14 23 22 22 0 35 34
14 13 21 21 0 35 33
14 21 22 22 0 36 33
14 24 25 20 0 35 33
14 24 23 22 0 32 34
14 19 24 23 0 31 33
14 19 23 23 0 32 30
14 21 22 23 0 34 30
14 19 21 24 0 35 37
14 19 24 24 0 39 36
14 23 22 22 0 39 32
14 22 25 23 0 38 31
14 27 25 23 0 30 31
14 26 26 23 0 32 31
14 24 26 29 0 31 33
14 22 25 30 0 32 40
14 22 25 29 0 34 41
14 23 26 30 0 37 40
14 24 23 29 0 36 39
14 23 21 30 0 37 40
14 24 22 29 0 38 40
14 21 24 31 0 40 39
14 21 22 30 0 39 39
14 21 24 29 0 39 38
14 22 23 28 0 38 38
14 19 21 28 0 37 37
14 21 21 28 0 38 38
14 21 23 28 0 38 38
14 20 24 28 0 38 38
14 21 23 29 0 38 38
14 22 24 25 0 39 39
14 26 22 26 0 40 39
14 27 23 26 0 39 37
14 29 23 25 0 39 36
14 28 23 25 0 40 37
14 27 23 24 0 39 37
14 28 23 26 0 41 37
14 27 24 27 0 38 35
14 28 24 26 0 37 35
14 27 25 26 0 34 37
14 28 24 25 0 34 36
14 28 24 27 0 38 38
14 28 25 26 0 37 37
14 27 24 27 0 38 35
14 27 26 27 0 37 34
14 27 26 28 0 37 35
14 28 26 29 0 38 35
14 28 23 29 0 37 34
14 27 23 29 0 37 35
14 26 24 29 0 38 34
14 27 27 29 0 37 34
14 26 24 29 0 37 35
14 28 25 28 0 38 35
14 29 24 26 0 37 35
14 30 22 26 0 38 36
14 30 21 26 0 37 35
15 23 25 25 17 61 31
15 24 26 24 6 62 29
15 25 27 32 0 62 31
15 23 27 31 14 61 30
15 24 27 27 3 61 29
15 23 25 26 12 64 31
15 23 27 21 12 51 29
15 22 26 25 12 52 29
15 23 26 26 13 51 29
15 23 26 26 2 54 27
15 22 25 28 24 54 28
15 22 27 29 26 55 29
15 23 26 28 24 42 31
15 24 26 29 24 57 29
15 23 26 28 25 57 33
15 23 26 28 25 53 28
15 25 25 29 21 43 35
15 26 26 29 10 43 35
15 25 25 29 21 43 38
15 26 25 29 18 47 33
15 26 26 29 13 47 34
15 27 25 28 10 48 35
15 26 26 29 16 50 34
15 25 26 28 15 39 35
15 25 25 29 15 39 36
15 26 25 30 0 39 35
15 26 26 29 0 32 34
15 25 25 29 0 31 38
15 26 25 29 0 37 34
15 26 26 29 0 43 34
15 26 26 29 0 41 34
15 26 24 30 0 39 34
15 25 27 28 0 27 34
15 25 26 29 0 38 35
15 27 25 29 0 40 36
15 27 27 28 0 40 38
15 28 27 28 0 37 38
15 28 26 27 0 38 38
15 27 25 29 0 39 38
15 28 27 29 0 39 38
15 28 26 30 0 39 38
15 27 27 30 0 38 38
15 28 28 30 0 33 38
15 28 29 29 0 32 38
15 28 30 28 0 33 38
15 27 30 30 0 37 38
15 26 30 30 0 36 37
15 27 29 28 0 39 37
15 27 29 28 0 39 38
15 27 29 29 0 39 38
15 28 30 29 0 39 38
15 25 31 30 0 40 38
15 26 30 29 0 39 37
15 25 31 30 0 39 38
15 21 30 28 0 39 38
15 21 31 29 0 39 37
15 23 33 29 0 40 38
15 22 33 30 0 38 38
15 23 33 29 0 39 38
15 25 30 29 0 38 39
15 24 30 28 0 38 38
15 24 31 29 0 39 38
15 24 30 30 0 41 37
15 25 31 27 0 40 37
15 24 30 26 0 40 37
15 24 30 26 0 39 37
15 24 29 26 0 42 37
15 24 30 26 0 40 37
15 25 29 27 0 39 38
15 25 28 28 0 38 36
15 24 28 27 0 40 37
15 25 29 29 0 40 36
15 26 28 30 0 40 36
15 25 27 28 0 39 36
15 25 28 29 0 40 36
15 25 30 31 0 41 35
15 25 30 31 0 39 36
15 24 30 29 0 40 35
15 24 30 30 0 41 35
15 24 28 29 0 40 36
15 25 29 30 0 38 35
15 25 28 29 0 38 36
15 24 29 28 0 40 35
15 23 28 28 0 40 36
15 23 28 30 0 39 37
15 25 28 30 0 40 37
15 24 27 29 0 39 36
15 23 27 29 0 39 37
15 24 28 28 0 39 35
15 23 27 28 0 38 36
15 25 27 29 0 38 36
15 25 28 28 0 38 35
15 24 28 28 0 37 35
15 24 28 28 0 37 35
15 24 27 28 0 38 35
15 25 27 27 0 38 35
15 23 27 27 0 39 36
15 25 26 26 0 38 34
15 25 26 25 0 37 34
15 24 27 26 0 37 35
16 27 29 29 27 35 27
16 24 29 30 25 34 27
16 23 29 32 23 35 28
16 22 30 35 22 36 37
16 22 28 22 19 40 36
16 23 28 27 18 34 37
16 27 25 24 18 28 36
16 25 25 23 19 24 30
16 27 26 30 18 37 29
16 25 25 31 20 33 29
16 27 25 30 18 33 26
16 19 33 32 0 26 23
16 22 32 32 0 21 21
16 23 32 32 0 33 19
16 24 28 31 0 35 22
16 25 27 32 0 37 25
16 23 29 32 0 36 27
16 23 28 31 0 39 25
16 24 28 32 0 36 22
16 22 27 32 0 37 32
16 21 30 31 0 38 29
16 22 28 31 0 37 28
16 19 27 31 0 33 30
16 20 29 31 0 33 28
16 20 28 31 0 31 29
16 20 30 32 0 36 28
16 23 29 31 0 29 28
16 21 30 31 0 31 25
16 23 29 31 0 30 31
16 24 28 31 0 33 31
16 24 31 30 0 33 32
16 28 31 32 0 31 28
16 24 30 33 0 35 28
16 24 30 33 0 35 28
16 23 30 32 0 35 29
16 25 29 32 0 35 23
16 24 28 32 0 29 24
16 21 28 32 0 29 23
16 25 28 33 0 29 24
16 26 28 33 0 29 24
16 28 28 32 0 30 29
16 28 27 34 0 30 30
16 28 28 33 0 31 28
16 26 33 33 0 33 27
16 22 33 32 0 33 32
16 24 32 28 0 33 32
16 24 31 30 0 32 31
16 19 31 30 0 32 32
16 24 32 27 0 33 31
16 22 31 29 0 33 27
16 24 31 30 0 33 30
16 24 31 30 0 32 29
16 27 31 31 0 35 29
16 26 30 30 0 37 29
16 25 31 28 0 35 28
16 25 32 31 0 35 30
16 24 31 32 0 30 28
16 25 32 32 0 31 28
16 25 32 31 0 31 29
16 25 32 30 0 31 37
16 25 32 31 0 30 38
16 26 32 30 0 34 32
16 25 32 31 0 39 31
16 27 33 33 0 38 31
16 26 33 32 0 39 26
16 26 33 32 0 38 27
16 27 32 30 0 38 32
16 26 32 31 0 37 31
16 23 33 30 0 39 31
16 27 32 30 0 40 31
16 27 31 29 0 35 34
16 26 32 29 0 37 36
16 26 32 27 0 36 36
16 27 31 30 0 37 36
16 26 32 28 0 36 38
16 28 32 30 0 35 33
16 27 27 29 0 38 33
16 28 27 29 0 49 32
16 28 27 28 0 36 34
16 27 27 29 0 36 37
16 27 28 30 0 36 37
16 26 28 30 0 41 38
16 27 28 32 0 42 38
16 28 28 32 0 44 39
16 27 27 34 0 39 38
16 27 27 34 0 39 38
16 27 27 34 0 40 39
16 28 28 35 0 40 39
16 28 27 35 0 45 38
16 27 29 34 0 46 39
16 28 29 39 0 46 40
16 28 29 30 0 45 39
16 26 30 32 0 40 38
16 27 29 34 0 39 39
16 28 28 35 0 39 36
16 28 29 35 0 40 35
16 27 28 36 0 38 35
16 27 28 36 0 38 34
16 28 28 37 0 38 34
16 27 28 36 0 40 34
17 22 30 31 25 52 37
17 27 31 33 26 53 38
17 27 31 34 24 52 39
17 28 29 32 23 53 34
17 27 29 32 23 53 34
17 28 30 33 26 53 33
17 29 31 33 15 51 30
17 29 30 32 22 52 26
17 26 31 35 20 52 27
17 28 31 31 19 51 30
17 28 31 30 17 64 31
17 27 29 31 19 45 30
17 22 29 35 14 44 30
17 23 30 34 21 42 30
17 25 31 34 18 43 30
17 26 30 36 14 42 30
17 27 31 35 17 43 31
17 25 28 35 7 42 30
17 27 31 36 15 44 36
17 28 32 35 14 43 36
17 29 32 35 16 45 35
17 29 31 33 12 45 35
17 29 31 34 24 45 40
17 27 31 34 27 45 39
17 29 31 31 26 40 40
17 28 31 30 26 41 42
17 27 30 31 27 40 33
17 28 31 32 23 40 35
17 27 32 32 24 39 40
17 28 31 33 22 41 43
17 28 31 31 18 43 41
17 28 30 32 23 43 41
17 28 31 31 14 41 36
17 28 28 32 25 43 41
17 28 27 32 29 43 43
17 28 28 30 30 43 39
17 28 32 32 28 44 39
17 26 33 30 27 49 38
17 26 32 29 30 48 40
17 28 32 30 27 47 42
17 28 32 31 27 44 44
17 29 33 27 28 42 44
17 27 35 31 26 41 45
17 29 35 31 27 44 45
17 27 32 30 23 42 45
17 27 31 30 21 40 45
17 24 31 31 30 41 46
17 26 31 31 0 42 44
17 25 32 31 0 43 42
17 25 31 31 0 39 43
17 23 32 31 0 42 42
17 23 30 31 0 41 42
17 23 31 31 0 41 41
17 24 32 31 0 41 40
17 28 33 31 0 40 40
17 29 33 32 0 40 39
17 28 32 31 0 42 41
17 27 32 32 0 42 39
17 27 33 32 0 43 41
17 28 32 31 0 44 40
17 28 33 32 0 43 40
17 28 32 31 0 43 38
17 28 33 31 0 43 39
17 29 33 31 0 45 38
17 23 34 31 0 42 39
17 25 33 32 0 42 40
17 27 34 31 0 42 41
17 28 34 31 0 42 39
17 28 33 31 0 42 41
17 25 32 31 0 43 40
17 26 32 32 0 42 36
17 26 32 31 0 43 36
17 27 32 30 0 42 36
17 29 33 31 0 43 35
17 29 33 31 0 41 35
17 29 33 31 0 38 35
17 29 32 31 0 37 36
17 30 32 32 0 37 35
17 33 32 31 0 35 32
17 29 33 30 0 36 32
17 30 32 31 0 40 31
17 29 33 31 0 40 34
17 28 32 30 0 41 34
17 28 32 27 0 39 33
17 27 32 30 0 40 34
17 29 32 30 0 40 34
17 29 32 33 0 39 34
17 28 30 34 0 40 35
17 28 30 34 0 39 35
17 29 28 33 0 45 35
17 28 29 33 0 46 34
17 27 29 34 0 45 37
17 30 29 34 0 42 37
17 29 32 33 0 42 36
17 17 32 35 0 41 44
17 22 33 35 0 42 44
17 24 29 34 0 41 43
17 20 29 36 0 42 43
17 25 27 36 0 42 44
17 26 26 36 0 41 46
18 27 46 31 28 48 27
18 27 46 22 14 49 27
18 27 42 25 20 49 26
18 28 44 26 20 48 27
18 28 44 25 16 39 28
18 27 46 26 19 40 27
18 27 58 27 17 39 28
18 23 55 27 20 43 28
18 25 51 26 21 36 31
18 24 48 30 21 33 31
18 27 35 32 22 34 32
18 26 43 32 25 34 30
18 25 45 33 26 30 42
18 23 46 32 24 30 43
18 23 44 31 19 28 21
18 29 44 31 22 32 15
18 29 49 26 22 32 14
18 28 51 27 19 34 20
18 23 53 28 18 29 18
18 24 54 27 20 32 21
18 21 52 27 19 31 15
18 26 52 26 20 33 16
18 27 51 24 14 27 4
18 22 51 24 17 32 8
18 20 50 28 13 29 11
18 14 48 28 11 32 20
18 19 48 25 12 29 18
18 23 47 24 17 27 20
18 22 43 25 13 28 15
18 20 44 24 10 29 13
18 22 44 30 15 31 5
18 24 45 26 14 29 14
18 25 46 26 15 32 13
18 26 47 27 12 31 17
18 25 46 27 17 32 4
18 26 45 27 15 30 15
18 26 45 31 26 35 21
18 27 45 31 29 35 23
18 23 51 31 17 33 22
18 26 50 29 17 33 20
18 25 50 30 17 33 35
18 25 43 31 21 34 36
18 22 43 31 20 34 32
18 24 43 31 22 35 35
18 24 41 31 17 33 37
18 31 43 31 16 34 33
18 30 43 32 18 33 34
18 29 45 33 17 33 38
18 29 45 35 23 31 40
18 30 45 36 22 31 40
18 27 47 33 17 32 38
18 28 47 31 23 32 34
18 27 44 29 24 31 35
18 26 43 30 22 30 35
18 25 44 29 25 31 36
18 30 48 31 27 31 36
18 29 47 30 26 28 33
18 29 47 28 28 27 34
18 30 49 29 28 28 33
18 30 52 27 29 31 28
18 30 53 24 28 32 28
18 30 52 25 32 32 27
18 30 53 24 25 32 26
18 28 52 27 28 28 24
18 27 50 28 28 30 24
18 27 41 29 27 30 25
18 26 41 26 27 31 21
18 26 51 28 28 31 27
18 25 52 27 27 30 28
18 26 51 25 27 30 25
18 25 49 25 28 30 29
18 24 46 26 28 31 24
18 25 46 25 27 31 26
18 26 45 27 26 31 28
18 26 42 27 27 28 26
18 28 52 27 33 27 23
18 26 53 28 34 29 25
18 28 52 28 32 29 29
18 28 54 28 34 29 28
18 29 45 26 33 32 28
18 29 46 26 28 29 30
18 30 46 29 29 30 31
18 29 53 28 28 29 31
18 30 47 28 28 32 30
18 30 47 27 28 34 28
18 30 48 26 27 32 31
18 28 47 25 29 28 31
18 30 47 28 29 27 30
18 29 51 28 28 29 25
18 29 54 30 28 30 24
18 30 52 31 28 29 24
18 28 49 29 26 30 24
18 22 42 27 25 30 25
18 23 42 27 24 29 23
18 26 46 27 25 31 24
18 25 50 24 26 30 18
18 26 51 26 25 29 20
18 26 52 27 25 32 19
18 26 50 27 26 33 35
18 27 50 28 26 31 36
1 8 5 10 16 19 17
1 1 2 5 17 21 14
1 5 6 5 17 17 17
1 2 7 6 17 21 15
1 2 3 4 16 21 14
1 3 2 7 15 19 42
1 4 4 6 17 19 35
1 5 7 10 13 21 41
1 4 7 8 17 19 34
1 3 5 9 17 21 34
1 1 8 9 16 11 35
1 5 5 7 18 21 35
1 7 5 9 17 20 34
1 6 5 8 15 18 34
1 5 6 5 15 18 35
1 1 6 8 16 17 38
1 3 6 5 18 20 41
1 5 4 8 16 20 41
1 4 4 6 8 20 43
1 6 5 10 8 18 41
1 22 6 9 17 17 42
1 15 4 10 0 17 40
1 10 1 7 0 20 40
1 27 5 6 0 20 43
1 26 4 5 0 20 41
1 24 6 7 0 18 40
1 31 3 7 0 19 39
1 27 5 6 0 19 40
1 25 3 7 0 19 40
1 29 4 4 0 19 38
1 29 10 4 0 18 35
1 30 6 8 0 12 39
1 30 5 6 0 7 37
1 34 5 5 0 6 36
1 0 4 5 0 6 39
1 0 3 6 0 7 38
1 0 3 6 0 1 38
1 0 7 9 0 7 38
1 0 0 8 0 10 38
1 0 4 4 0 10 38
1 0 8 3 0 10 38
1 0 9 3 0 5 39
1 0 2 4 0 4 46
1 0 5 6 0 3 46
1 0 4 9 0 9 44
1 0 4 6 0 3 49
1 0 5 7 0 4 48
1 0 4 7 0 7 48
1 0 3 7 0 7 49
1 0 4 8 0 8 49
1 0 1 5 0 9 48
1 0 6 8 0 12 49
1 0 7 5 0 14 48
1 0 5 3 0 14 46
1 0 7 4 0 7 44
1 0 7 4 0 11 45
1 0 9 5 0 11 44
1 0 6 9 0 11 45
1 0 7 6 0 10 46
1 0 6 6 0 9 36
1 0 7 6 0 11 34
1 0 6 4 0 8 37
1 0 7 7 0 14 34
1 0 3 5 0 14 35
1 0 5 6 0 13 35
1 0 17 5 0 12 36
1 0 12 9 0 8 39
1 0 10 9 0 9 39
1 0 9 9 0 9 39
1 0 9 8 0 7 40
1 0 14 8 0 2 39
1 0 19 6 0 6 40
1 0 18 9 0 9 40
1 0 22 7 0 9 39
1 0 22 5 0 2 40
1 0 24 5 0 2 40
1 0 19 6 0 7 46
1 0 22 3 0 10 46
1 0 23 2 0 7 46
1 0 23 6 0 9 46
1 0 24 6 0 13 45
1 0 28 3 0 14 35
1 0 28 9 0 14 41
1 0 29 5 0 13 42
1 0 28 7 0 13 49
1 0 28 10 0 10 27
1 0 28 2 0 13 47
1 0 28 5 0 12 48
1 0 28 3 0 4 50
1 0 25 2 0 8 49
1 0 26 5 0 6 47
1 0 24 4 0 8 46
1 0 24 5 0 9 42
1 0 24 5 0 9 41
1 0 24 4 0 8 39
1 0 32 3 0 13 44
1 0 32 4 0 13 45
1 0 33 7 0 10 45
1 0 37 9 0 12 30
1 0 0 9 0 11 51
21 28 33 49 24 50 44
21 28 33 48 25 50 46
21 28 33 47 24 50 43
21 28 32 48 24 51 42
21 26 31 49 28 51 29
21 27 33 48 26 51 22
21 29 33 48 25 50 20
21 29 33 48 25 52 14
21 28 30 48 23 55 15
21 26 31 47 21 54 16
21 25 31 47 23 65 17
21 26 32 41 26 56 17
21 24 35 44 21 59 13
21 25 35 43 21 65 11
21 24 35 42 22 60 15
21 25 34 43 23 39 14
21 24 35 43 21 41 14
21 25 35 44 23 43 13
21 25 34 47 23 43 15
21 25 34 44 21 43 24
21 26 33 46 22 35 23
21 26 34 44 23 40 17
21 27 34 45 21 29 7
21 27 34 44 24 29 9
21 28 36 45 23 22 11
21 28 37 43 22 27 23
21 29 38 46 23 27 21
21 27 39 43 23 25 22
21 28 39 23 22 28 23
21 28 38 44 22 26 23
21 27 38 39 24 23 24
21 25 43 41 23 29 25
21 26 39 42 26 28 26
21 26 36 42 27 27 25
21 26 32 41 27 25 25
21 26 24 44 26 25 26
21 25 35 43 25 23 28
21 26 38 44 25 23 33
21 28 38 43 27 28 33
21 28 37 43 26 28 33
21 28 36 44 26 28 32
21 28 38 43 26 27 34
21 28 37 43 26 29 32
21 28 38 43 27 28 34
21 28 38 43 26 24 33
21 27 39 43 28 20 38
21 28 38 43 27 21 33
21 28 38 43 26 20 33
21 28 39 43 28 22 33
21 27 38 43 28 23 37
21 28 38 43 28 21 36
21 22 38 42 28 24 37
21 23 39 41 28 24 37
21 23 38 43 28 24 36
21 26 39 43 28 24 37
21 25 39 43 28 24 36
21 26 38 43 28 25 38
21 28 38 44 22 25 34
21 31 37 45 23 25 34
21 28 38 44 23 25 35
21 22 39 44 28 24 30
21 20 38 46 28 24 31
21 27 37 47 29 23 30
21 27 38 47 29 25 32
21 27 37 47 28 24 31
21 26 38 48 23 25 37
21 26 38 48 24 24 37
21 23 38 47 25 25 37
21 26 39 48 24 24 38
21 23 39 48 25 24 35
21 26 39 48 23 20 35
21 26 39 47 25 22 37
21 24 39 49 25 22 24
21 24 39 49 24 17 24
21 26 40 48 24 22 29
21 23 38 49 24 22 28
21 22 40 48 24 24 30
21 25 39 48 24 25 29
21 26 41 46 23 25 28
21 26 41 46 23 25 29
21 26 41 46 25 26 28
21 27 41 45 24 26 29
21 27 40 44 24 26 27
21 27 39 44 22 27 28
21 27 39 44 24 26 26
21 27 40 44 23 26 26
21 27 40 45 25 27 27
21 27 40 45 27 26 0
21 26 39 44 27 27 0
21 27 40 46 27 27 0
21 27 40 46 25 25 0
21 26 41 45 25 24 0
21 26 40 39 25 26 0
21 26 41 46 24 25 0
21 26 40 47 24 25 0
21 26 40 46 25 25 0
21 26 39 46 24 25 0
21 26 40 47 24 24 0
21 27 38 46 23 27 0
21 28 40 46 24 27 0
22 28 51 50 28 0 0
22 27 49 45 18 0 0
22 26 47 46 25 0 0
22 22 43 46 23 0 0
22 22 43 31 24 0 0
22 23 46 35 23 0 0
22 27 47 38 24 0 0
22 24 45 39 26 0 0
22 23 46 36 26 0 0
22 26 48 37 26 0 0
22 26 47 37 26 0 0
22 26 48 36 26 0 0
22 26 50 36 26 0 0
22 27 50 38 22 0 0
22 24 51 42 26 0 0
22 26 50 43 26 0 0
22 27 51 44 27 0 0
22 26 48 43 27 0 0
22 24 50 44 27 0 0
22 26 50 48 25 0 0
22 27 49 47 25 0 0
22 27 50 45 25 0 0
22 28 50 45 22 0 0
22 26 51 47 21 0 0
22 28 51 43 22 0 0
22 28 50 40 21 0 0
22 26 49 40 21 0 0
22 26 49 45 26 0 0
22 25 50 47 25 0 0
22 26 49 47 24 0 0
22 26 50 47 24 0 0
22 27 51 45 26 0 0
22 24 53 46 25 0 0
22 26 62 43 25 0 0
22 27 48 45 25 0 0
22 26 49 44 25 0 0
22 26 49 42 25 0 0
22 26 49 41 24 0 0
22 25 50 42 20 0 0
22 25 49 34 22 0 0
22 25 49 34 21 0 0
22 24 48 34 24 0 0
22 24 51 39 24 0 0
22 26 49 48 23 0 0
22 25 48 47 23 0 0
22 21 48 48 22 0 0
22 29 46 47 22 0 0
22 19 39 47 22 0 0
22 20 45 47 16 0 0
22 22 46 46 18 0 0
22 23 46 47 19 0 0
22 25 46 47 21 0 0
22 24 49 48 21 0 0
22 23 47 46 21 0 0
22 21 46 47 21 0 0
22 21 45 45 20 0 0
22 22 48 46 19 0 0
22 21 44 47 18 0 0
22 18 45 47 20 0 0
22 18 45 50 18 0 0
22 18 45 41 17 0 0
22 18 45 42 19 0 0
22 19 47 36 17 0 0
22 19 45 37 19 0 0
22 18 46 39 19 0 0
22 17 46 38 20 0 0
22 17 45 39 21 0 0
22 17 46 37 20 0 0
22 16 45 38 19 0 0
22 19 45 41 16 0 0
22 19 46 40 17 0 0
22 18 44 40 14 0 0
22 19 30 39 15 0 0
22 18 26 39 19 0 0
22 17 12 39 15 0 0
22 19 25 39 14 0 0
22 18 25 36 16 0 0
22 21 25 36 20 0 0
22 19 29 36 20 0 0
22 19 24 36 20 0 0
22 19 26 32 20 0 0
22 18 25 35 20 0 0
22 21 25 36 20 0 0
22 20 26 36 23 0 0
22 21 25 36 24 0 0
22 18 25 34 24 0 0
22 22 23 35 22 0 0
22 24 23 36 21 0 0
22 20 23 33 23 0 0
22 25 24 33 24 0 0
22 23 27 33 22 0 0
22 13 26 33 22 0 0
22 21 26 33 23 0 0
22 21 25 32 23 0 0
22 21 24 37 23 0 0
22 21 24 36 24 0 0
22 21 25 38 23 0 0
22 22 26 30 25 0 0
22 20 24 32 25 0 0
22 20 19 32 25 0 0
23 24 32 50 28 54 34
23 24 23 49 27 54 33
23 23 23 50 27 54 32
23 24 29 49 24 52 23
23 26 33 49 18 53 17
23 26 32 49 24 52 11
23 27 28 47 24 53 8
23 25 28 44 26 52 17
23 26 28 45 24 52 17
23 25 28 46 24 53 18
23 26 28 41 26 35 16
23 26 26 44 26 25 16
23 26 27 44 26 24 20
23 25 28 42 26 25 18
23 26 30 42 23 21 19
23 26 29 42 25 14 18
23 24 30 44 27 15 17
23 25 30 43 26 17 17
23 26 30 43 26 21 18
23 26 29 42 26 21 15
23 26 29 43 24 22 11
23 26 29 43 24 22 9
23 25 29 44 24 22 7
23 25 27 46 25 21 17
23 25 28 40 26 22 18
23 25 27 39 25 22 18
23 24 28 40 26 22 17
23 25 28 40 25 23 17
23 25 28 42 24 23 17
23 25 29 50 25 24 17
23 26 29 50 24 23 18
23 25 28 50 26 24 18
23 26 28 51 25 24 17
23 25 28 48 26 24 17
23 24 27 48 27 24 19
23 24 28 48 27 24 19
23 25 28 47 27 23 18
23 26 28 49 27 24 18
23 24 27 43 27 24 18
23 25 28 46 29 25 17
23 24 29 45 30 24 17
23 24 29 47 30 25 15
23 24 29 40 30 25 11
23 24 28 43 30 25 15
23 26 27 44 31 26 16
23 27 26 43 30 24 13
23 25 28 49 31 23 25
23 26 27 50 30 24 29
23 22 26 50 30 24 0
23 26 28 49 31 24 0
23 22 30 48 29 24 0
23 23 30 47 29 24 0
23 23 30 49 29 20 0
23 23 27 48 29 19 0
23 24 28 48 29 21 0
23 25 26 48 28 21 0
23 26 27 46 24 20 0
23 26 28 48 22 23 0
23 27 29 48 23 22 0
23 28 28 49 23 23 0
23 28 29 48 22 22 0
23 29 28 52 30 23 0
23 26 28 52 30 26 0
23 23 28 52 30 26 0
23 22 29 53 29 26 0
23 24 28 53 25 26 0
23 24 28 53 26 27 0
23 22 29 53 26 28 0
23 25 29 54 23 27 0
23 27 28 53 25 26 0
23 23 28 53 26 25 0
23 23 29 53 24 23 0
23 23 29 52 27 19 0
23 23 28 48 24 28 0
23 24 28 47 27 27 0
23 23 29 49 27 27 0
23 26 29 49 26 26 0
23 25 29 50 29 18 0
23 23 28 50 27 16 0
23 24 28 49 25 25 0
23 21 28 49 26 25 0
23 19 29 48 27 25 0
23 22 29 48 25 25 0
23 23 31 44 26 23 0
23 22 31 43 26 25 0
23 21 31 43 26 25 0
23 24 31 47 27 25 0
23 20 29 47 25 25 0
23 26 29 45 26 24 0
23 21 28 45 26 25 0
23 22 29 37 27 26 0
23 24 28 49 28 24 0
23 23 24 50 25 20 0
23 28 25 50 28 19 0
23 28 30 49 28 19 0
23 29 27 49 29 18 0
23 25 26 49 26 18 0
23 25 27 49 27 20 0
23 26 27 49 26 22 0
23 25 27 49 27 23 0
24 20 48 31 15 36 25
24 22 47 31 21 35 26
24 22 48 32 19 31 25
24 22 48 31 22 37 25
24 21 47 31 18 29 25
24 25 49 27 19 30 25
24 25 47 36 22 31 23
24 25 49 25 18 37 26
24 25 49 29 22 36 25
24 25 49 29 20 36 27
24 22 49 28 23 34 39
24 24 48 27 27 39 33
24 25 49 27 25 39 32
24 26 49 28 26 40 29
24 29 50 27 27 32 22
24 21 51 27 25 35 26
24 21 50 27 25 37 27
24 20 48 28 27 35 27
24 20 47 27 28 34 26
24 20 47 28 29 31 27
24 31 47 28 27 33 27
24 28 31 29 27 35 26
24 24 29 29 28 37 27
24 17 37 29 26 38 29
24 29 24 29 26 37 30
24 29 26 29 25 37 26
24 30 28 29 26 36 30
24 27 28 29 24 42 30
24 25 28 29 24 42 30
24 28 27 29 27 41 32
24 30 28 29 27 38 32
24 27 28 29 28 35 25
24 28 27 29 24 36 37
24 27 28 30 25 36 33
24 28 28 38 26 32 32
24 30 27 31 26 32 33
24 28 27 35 27 35 33
24 29 27 16 27 33 30
24 28 28 24 27 32 31
24 29 28 23 28 37 32
24 27 27 29 26 36 33
24 27 28 31 26 37 33
24 26 28 28 24 37 23
24 23 28 34 24 34 25
24 27 27 34 28 33 25
24 26 30 32 28 38 20
24 26 29 36 29 37 19
24 26 28 35 26 37 17
24 26 32 34 22 37 23
24 28 28 37 22 33 19
24 29 25 37 21 28 17
24 26 27 37 25 33 18
24 27 27 39 25 36 19
24 24 27 38 25 39 22
24 23 29 37 25 36 24
24 30 29 37 18 34 25
24 30 30 38 19 35 14
24 25 31 37 25 36 18
24 27 31 36 23 32 20
24 26 31 35 22 35 21
24 28 33 36 22 35 15
24 28 33 36 21 36 15
24 29 34 36 21 34 15
24 29 35 37 20 32 14
24 28 37 33 21 32 16
24 29 32 33 22 32 15
24 24 34 33 25 32 22
24 24 34 36 24 29 21
24 25 35 36 25 32 16
24 29 34 32 23 33 17
24 25 31 32 25 32 18
24 25 32 28 26 28 15
24 28 31 29 24 33 18
24 29 34 34 26 34 40
24 30 33 33 22 34 41
24 29 33 33 25 29 34
24 28 33 28 23 29 34
24 29 33 28 26 29 31
24 29 26 29 24 28 30
24 28 35 29 24 29 31
24 30 35 30 26 30 31
24 34 29 39 24 28 31
24 34 28 38 20 28 29
24 29 29 39 24 28 34
24 30 26 38 23 24 29
24 29 29 38 24 27 29
24 27 29 40 23 28 29
24 31 30 28 24 26 29
24 32 30 31 23 28 28
24 30 30 31 22 28 0
24 30 32 34 23 35 0
24 28 36 32 24 35 0
24 29 34 30 24 35 0
24 38 31 38 23 34 0
24 38 32 46 23 28 0
24 40 34 45 23 28 0
24 37 33 46 22 37 0
24 39 37 45 22 37 0
24 39 36 45 19 37 0
24 37 33 32 22 38 0
25 25 46 24 14 18 7
25 28 47 24 35 17 4
25 28 47 32 27 16 12
25 27 47 27 30 14 3
25 27 48 30 28 18 10
25 28 47 30 27 19 13
25 28 47 30 28 18 13
25 31 38 28 28 16 13
25 31 39 29 32 16 11
25 32 39 29 25 14 7
25 25 38 28 25 19 8
25 21 27 28 27 23 5
25 21 27 29 25 21 8
25 22 28 27 26 17 6
25 23 32 35 26 20 9
25 19 33 31 26 21 16
25 27 33 31 24 21 11
25 25 34 31 25 20 7
25 27 34 31 26 24 4
25 27 34 30 28 20 12
25 22 30 31 26 19 3
25 21 24 31 26 19 10
25 25 24 31 26 17 13
25 27 23 28 27 19 13
25 23 23 28 27 16 13
25 23 23 29 26 19 11
25 23 23 53 25 19 7
25 23 23 50 25 20 8
25 23 29 49 24 16 5
25 22 30 47 25 16 8
25 23 19 42 29 19 6
25 20 13 40 30 13 9
25 23 16 41 30 11 16
25 23 18 42 29 6 11
25 24 17 37 30 11 0
25 19 20 41 27 11 0
25 21 19 42 28 13 0
25 24 22 46 27 14 0
25 23 22 48 28 9 0
25 23 22 50 27 23 0
25 24 22 50 29 23 0
25 23 25 50 29 23 0
25 23 22 50 28 24 0
25 24 24 50 28 27 0
25 23 25 49 28 27 0
25 24 25 49 28 23 0
25 25 26 49 29 18 0
25 24 26 49 28 19 0
25 24 25 49 26 26 0
25 23 26 49 25 26 0
25 20 24 50 25 26 0
25 27 22 49 26 24 0
25 27 22 49 26 28 0
25 27 23 48 27 28 0
25 23 22 48 27 28 0
25 27 27 48 26 25 0
25 27 26 47 27 25 0
25 27 23 48 27 23 0
25 27 21 48 27 26 0
25 25 20 48 26 27 0
25 27 21 48 28 26 0
25 26 20 50 27 29 0
25 26 21 49 26 37 0
25 26 21 49 27 41 0
25 25 21 50 27 42 0
25 24 23 49 27 36 0
25 26 21 48 27 37 0
25 23 24 47 27 35 0
25 25 24 46 26 35 0
25 24 25 47 27 39 0
25 26 25 47 26 39 0
25 25 20 45 25 39 0
25 26 23 46 26 48 0
25 25 22 46 33 53 0
25 25 23 47 32 49 0
25 25 26 47 34 49 0
25 23 22 48 32 0 0
25 23 23 48 32 0 0
25 23 23 47 33 0 0
25 23 22 48 32 0 0
25 25 24 49 30 0 0
25 25 24 47 29 0 0
25 26 24 50 29 0 0
25 27 23 51 29 0 0
25 24 23 52 30 0 0
25 28 23 52 29 0 0
25 22 24 51 29 0 0
25 23 24 51 29 0 0
25 24 22 52 29 0 0
25 23 22 52 29 0 0
25 23 21 51 31 0 0
25 24 24 51 32 0 0
25 27 23 51 32 0 0
25 27 22 52 31 0 0
25 27 26 51 33 0 0
25 27 26 51 35 0 0
25 28 25 52 35 0 0
25 27 25 51 12 0 0
25 28 26 51 30 0 0
25 28 27 53 29 0 0
26 22 34 36 15 39 32
26 23 38 37 12 39 30
26 24 33 34 17 38 29
26 24 32 25 17 38 28
26 23 29 23 18 36 28
26 25 32 23 27 35 28
26 24 31 20 25 35 28
26 25 34 24 21 36 27
26 22 30 28 21 36 28
26 23 31 29 27 38 29
26 22 32 26 31 38 29
26 24 32 25 25 38 27
26 22 32 27 25 38 29
26 29 32 28 25 38 29
26 27 32 28 25 38 29
26 22 33 29 28 37 27
26 24 33 23 23 37 34
26 24 32 24 22 36 34
26 22 32 24 23 37 34
26 24 30 28 27 37 33
26 23 28 28 25 46 36
26 24 27 29 28 46 26
26 24 31 33 21 47 33
26 25 29 34 31 38 36
26 20 33 33 28 45 36
26 21 33 24 30 38 37
26 16 34 31 28 37 43
26 23 30 30 28 36 43
26 26 29 27 30 34 46
26 24 28 30 31 39 42
26 24 28 30 31 37 41
26 25 30 30 28 39 41
26 19 30 29 29 35 41
26 22 30 29 30 37 39
26 23 30 30 31 35 39
26 24 29 25 32 37 39
26 25 30 24 29 36 38
26 25 29 25 31 37 39
26 26 29 25 31 36 41
26 21 27 26 35 35 41
26 21 27 29 35 35 40
26 22 27 29 34 36 41
26 27 28 29 36 36 44
26 24 27 27 37 36 44
26 31 24 30 35 32 45
26 30 28 27 40 32 46
26 29 25 26 41 31 47
26 30 25 28 45 32 40
26 30 27 30 40 34 41
26 32 23 25 44 36 38
26 31 28 25 45 34 38
26 30 29 26 41 36 38
26 31 27 26 40 36 35
26 30 25 26 40 27 38
26 29 25 30 42 28 38
26 29 26 29 37 32 40
26 28 30 27 39 32 41
26 29 24 29 37 33 41
26 30 24 34 37 29 40
26 30 23 33 36 24 40
26 30 23 33 37 24 33
26 34 24 33 38 22 34
26 33 25 33 38 30 34
26 32 25 33 39 30 34
26 31 23 34 34 29 32
26 31 25 34 36 28 36
26 32 27 34 36 30 42
26 31 28 33 40 29 44
26 32 28 28 36 26 33
26 29 26 27 36 27 32
26 30 27 29 37 26 33
26 32 27 31 39 26 28
26 33 27 32 38 27 31
26 32 27 30 38 28 30
26 31 27 37 34 31 29
26 30 27 37 35 31 34
26 31 24 38 35 31 34
26 29 24 34 36 28 34
26 28 24 34 32 28 35
26 27 27 35 32 26 34
26 28 28 36 32 29 30
26 31 28 35 34 29 28
26 27 28 35 34 28 13
26 29 28 35 31 20 5
26 29 28 34 31 28 6
26 26 26 34 29 28 17
26 31 26 33 39 28 16
26 28 27 34 40 29 22
26 28 32 34 38 29 24
26 27 32 34 41 28 23
26 28 32 35 40 27 24
26 30 30 35 39 27 26
26 30 39 35 40 27 26
26 30 40 35 40 28 35
26 30 41 34 40 28 35
26 29 39 29 42 28 32
26 31 34 29 42 28 28
26 33 34 29 41 28 26
26 29 35 30 30 28 27
26 28 38 34 35 27 25
27 35 26 36 42 13 7
27 35 39 34 42 14 9
27 36 30 35 42 13 13
27 35 29 31 38 17 6
27 28 28 35 45 14 9
27 30 26 34 43 16 6
27 32 26 35 44 17 4
27 34 29 34 44 15 5
27 32 29 33 45 15 6
27 32 27 34 46 17 2
27 32 30 34 45 16 4
27 33 29 36 46 17 7
27 31 24 36 46 17 9
27 31 28 36 46 16 13
27 27 28 31 46 13 6
27 33 29 30 45 14 9
27 33 30 31 47 13 6
27 27 29 32 46 17 4
27 27 31 32 33 14 5
27 28 27 33 51 16 6
27 35 21 34 52 17 2
27 34 21 34 50 15 4
27 31 25 32 50 15 0
27 34 25 32 50 17 0
27 34 23 30 44 16 0
27 31 24 33 51 17 0
27 31 24 33 51 17 0
27 31 22 34 51 16 0
27 29 24 38 31 3 0
27 32 23 36 48 6 0
27 32 19 39 47 13 0
27 31 21 36 49 14 0
27 30 22 37 51 13 0
27 32 25 36 39 17 0
27 31 23 36 37 14 0
27 29 23 36 40 16 0
27 31 20 37 41 17 0
27 32 14 31 42 15 0
27 33 25 30 42 15 0
27 33 18 29 47 17 0
27 30 18 30 44 16 0
27 30 18 30 43 17 0
27 31 19 36 44 17 0
27 30 21 32 43 16 0
27 30 23 33 44 21 0
27 28 22 32 29 12 0
27 30 21 32 51 13 0
27 31 16 32 45 11 0
27 31 18 32 22 16 0
27 28 17 32 44 17 0
27 29 18 37 27 17 0
27 33 14 35 49 11 0
27 32 15 34 50 5 0
27 32 10 32 35 12 0
27 31 16 31 32 11 0
27 33 19 34 35 14 0
27 33 14 31 46 12 0
27 30 13 41 44 8 0
27 32 19 36 47 10 0
27 33 16 36 45 16 0
27 34 14 33 45 13 0
27 31 15 36 54 14 0
27 29 16 36 53 12 0
27 32 20 33 52 9 0
27 29 11 36 47 10 0
27 31 12 39 48 7 0
27 28 11 34 38 6 0
27 26 13 35 38 8 0
27 29 13 34 38 14 0
27 28 13 35 39 5 0
27 33 16 34 37 11 0
27 32 15 33 38 11 0
27 32 17 28 38 8 0
27 32 18 27 37 15 0
27 36 18 37 39 12 0
27 31 21 37 38 12 0
27 29 14 37 40 12 0
27 28 15 38 40 13 0
27 27 13 40 40 12 0
27 30 16 39 40 11 0
27 30 19 39 40 11 0
27 32 18 40 43 11 0
27 30 15 38 42 14 0
27 35 14 37 43 12 0
27 34 19 40 43 12 0
27 35 20 42 41 11 0
27 35 20 43 42 12 0
27 28 17 41 45 11 0
27 28 14 42 45 11 0
27 29 16 32 40 11 0
27 32 14 30 40 12 0
27 32 14 23 41 12 0
27 34 14 25 41 11 0
27 34 15 35 40 9 0
27 34 14 34 41 10 0
27 36 13 34 47 12 0
27 35 17 31 47 11 0
27 33 17 32 41 12 0
27 35 17 40 43 11 0
27 32 17 40 42 1 0
28 43 27 34 56 15 8
28 42 23 32 30 13 1
28 44 23 28 51 14 7
28 41 23 28 41 16 8
28 41 17 24 40 15 7
28 41 23 25 41 16 6
28 43 20 32 43 15 7
28 43 18 30 46 18 8
28 45 21 30 45 17 13
28 46 20 31 45 19 11
28 44 20 28 46 18 10
28 41 21 28 44 17 10
28 43 17 31 45 19 5
28 44 19 31 48 21 10
28 40 24 31 49 20 12
28 39 27 32 49 21 12
28 39 26 36 50 20 8
28 40 27 31 52 20 12
28 39 27 31 49 20 9
28 39 20 36 48 20 11
28 39 19 31 50 20 12
28 39 17 31 51 20 12
28 41 17 31 48 20 11
28 41 19 28 48 18 8
28 46 19 27 50 18 6
28 48 18 26 50 18 7
28 46 17 27 51 18 13
28 46 16 26 51 18 4
28 47 18 27 51 17 4
28 45 10 28 50 18 3
28 46 18 28 51 16 10
28 45 17 26 53 16 9
28 45 17 28 54 17 9
28 46 20 27 53 15 5
28 46 20 28 53 14 7
28 44 20 27 54 16 4
28 46 21 28 53 12 7
28 44 21 28 53 15 7
28 44 22 28 52 14 2
28 46 20 25 53 16 6
28 45 20 25 54 16 6
28 42 22 25 53 16 3
28 41 21 26 53 17 8
28 41 22 25 51 13 3
28 42 21 26 52 12 7
28 40 20 26 51 12 8
28 41 19 28 50 17 8
28 34 20 29 50 13 3
28 41 19 30 50 20 7
28 41 19 30 50 18 10
28 40 18 29 49 13 6
28 42 19 30 51 8 7
28 39 25 30 51 11 9
28 39 27 30 49 12 5
28 39 26 29 49 4 7
28 39 26 29 49 11 7
28 39 27 33 49 13 3
28 39 27 32 48 16 5
28 38 28 33 49 16 8
28 39 27 33 49 13 7
28 39 27 33 49 12 5
28 38 27 30 48 14 5
28 35 21 29 48 12 19
28 35 23 30 49 12 21
28 35 22 30 48 13 26
28 35 19 29 46 12 29
28 35 22 28 47 12 30
28 37 20 31 47 13 28
28 36 20 27 48 12 32
28 37 24 29 46 15 31
28 36 27 29 49 16 32
28 36 25 30 49 19 33
28 36 26 29 50 18 29
28 40 21 31 49 17 29
28 42 20 28 49 11 27
28 44 22 29 49 8 0
28 44 24 29 50 7 0
28 42 19 32 49 11 0
28 42 21 32 49 9 0
28 44 20 31 49 13 0
28 45 24 32 49 20 0
28 42 22 27 49 16 0
28 43 16 33 49 2 0
28 44 22 32 49 15 0
28 47 22 32 49 15 0
28 47 22 32 50 17 0
28 46 17 34 50 16 0
28 46 16 32 51 16 0
28 44 16 32 52 13 0
28 46 14 32 53 16 0
28 47 16 29 51 13 0
28 47 23 29 51 14 0
28 47 19 29 52 14 0
28 47 17 31 47 9 0
28 47 17 31 47 10 0
28 45 15 32 48 10 0
28 45 19 32 47 10 0
28 46 19 30 47 7 0
28 47 20 29 45 10 0
28 46 21 30 45 9 0
29 23 12 19 30 5 6
29 22 10 20 38 3 7
29 33 15 30 37 2 5
29 29 14 28 29 2 4
29 34 17 30 46 2 1
29 29 15 28 50 4 2
29 29 17 24 44 7 4
29 25 14 32 43 2 3
29 32 11 29 41 17 4
29 29 14 32 48 15 2
29 33 15 31 46 11 1
29 30 16 31 51 7 4
29 33 16 29 49 12 5
29 30 15 29 51 17 5
29 31 16 29 47 9 5
29 30 19 26 49 12 2
29 28 11 27 49 14 5
29 28 19 31 47 10 6
29 29 17 28 44 7 1
29 31 16 28 44 10 1
29 27 17 30 46 5 6
29 28 14 30 49 11 0
29 30 13 28 44 10 0
29 29 12 27 45 7 0
29 28 14 28 45 13 0
29 28 13 27 50 13 0
29 28 13 30 48 11 0
29 28 16 26 48 6 0
29 31 16 27 45 12 0
29 25 15 27 43 12 0
29 28 16 29 46 14 0
29 29 15 26 47 7 0
29 30 14 28 44 4 0
29 27 14 31 44 7 0
29 29 14 27 46 9 0
29 30 14 28 48 6 0
29 28 12 30 42 6 0
29 26 12 28 42 13 0
29 27 12 29 45 17 0
29 32 14 29 48 18 0
29 30 6 25 43 20 0
29 31 16 26 43 10 0
29 30 14 27 46 12 0
29 27 15 31 50 15 0
29 27 15 31 48 20 0
29 27 14 30 49 5 0
29 29 16 28 48 18 0
29 27 14 27 45 17 0
29 28 14 26 45 18 0
29 30 14 28 46 16 0
29 25 14 28 49 13 0
29 28 15 29 48 9 0
29 28 14 28 49 16 0
29 28 14 31 49 18 0
29 30 13 27 44 18 0
29 26 14 28 45 18 0
29 27 13 28 45 15 0
29 27 15 30 45 15 0
29 28 15 30 45 8 0
29 28 13 32 45 19 0
29 31 15 29 47 16 0
29 30 13 29 45 9 0
29 28 13 29 44 14 0
29 29 14 32 44 8 0
29 29 15 31 45 5 0
29 29 15 28 44 7 0
29 28 15 29 48 0 0
29 27 14 29 44 12 0
29 28 14 30 43 6 0
29 28 16 32 44 12 0
29 30 13 32 48 7 0
29 29 14 28 50 8 0
29 29 11 29 43 5 0
29 28 14 28 45 8 0
29 29 7 30 45 11 0
29 29 10 29 45 9 0
29 30 9 29 46 3 0
29 29 14 31 49 7 0
29 31 12 31 45 0 0
29 29 12 31 45 14 0
29 30 14 31 43 8 0
29 30 13 28 46 12 0
29 29 13 29 45 14 0
29 29 12 28 36 12 0
29 30 11 28 48 12 0
29 30 12 29 48 13 0
29 29 12 33 47 9 0
29 32 17 31 49 15 0
29 31 13 30 44 16 0
29 30 18 30 45 12 0
29 30 14 29 45 18 0
29 30 14 29 44 19 0
29 29 11 28 46 10 0
29 29 11 30 47 15 0
29 28 11 30 51 19 0
29 31 8 30 47 18 0
29 30 10 29 49 6 0
29 30 10 29 43 19 0
29 31 9 29 45 16 0
29 31 10 30 44 11 0
30 27 35 31 38 7 4
30 27 17 28 35 3 6
30 29 14 31 31 8 5
30 10 13 28 32 9 7
30 30 13 22 33 5 8
30 27 14 19 36 4 5
30 27 14 21 35 9 0
30 28 11 24 33 1 0
30 29 14 21 33 0 0
30 30 13 20 33 0 0
30 31 12 20 36 0 0
30 28 7 22 36 0 0
30 26 12 19 35 0 0
30 30 13 20 33 0 0
30 30 13 21 35 0 0
30 30 14 19 35 0 0
30 28 12 20 38 0 0
30 27 11 21 34 0 0
30 32 13 18 34 0 0
30 29 8 20 35 0 0
30 29 11 21 37 0 0
30 28 14 22 39 0 0
30 31 12 18 35 0 0
30 29 11 20 35 0 0
30 29 10 19 36 0 0
30 28 11 20 40 0 0
30 28 14 21 36 0 0
30 28 13 19 37 0 0
30 29 10 20 38 0 0
30 28 11 21 41 0 0
30 28 12 16 40 0 0
30 30 9 17 39 0 0
30 28 11 24 37 0 0
30 27 13 23 36 0 0
30 27 13 22 36 0 0
30 26 8 19 37 0 0
30 29 11 21 40 0 0
30 27 10 21 37 0 0
30 27 13 21 36 0 0
30 27 14 21 36 0 0
30 29 11 20 40 0 0
30 28 11 22 39 0 0
30 27 11 23 40 0 0
30 28 14 22 36 0 0
30 29 12 22 38 0 0
30 29 13 21 38 0 0
30 29 11 22 41 0 0
30 30 14 20 41 0 0
30 28 13 22 39 0 0
30 28 13 23 38 0 0
30 27 13 22 36 0 0
30 28 12 22 37 0 0
30 27 12 22 39 0 0
30 30 12 22 41 0 0
30 27 13 23 36 0 0
30 28 12 21 37 0 0
30 27 13 22 38 0 0
30 29 15 22 40 0 0
30 30 14 22 40 0 0
30 27 14 19 37 0 0
30 28 12 19 37 0 0
30 28 11 22 37 0 0
30 30 12 21 42 0 0
30 30 13 19 41 0 0
30 29 10 18 36 0 0
30 28 12 21 36 0 0
30 28 11 22 38 0 0
30 29 9 19 42 0 0
30 28 9 21 37 0 0
30 29 14 19 37 0 0
30 29 14 17 38 0 0
30 27 16 20 41 0 0
30 27 13 19 37 0 0
30 30 6 20 38 0 0
30 28 11 18 37 0 0
30 30 14 18 38 0 0
30 29 15 18 39 0 0
30 29 12 26 38 0 0
30 28 12 23 39 0 0
30 29 8 25 39 0 0
30 28 15 22 38 0 0
30 30 17 25 39 0 0
30 29 10 26 39 0 0
30 30 11 27 39 0 0
30 30 13 28 40 0 0
30 29 14 27 41 0 0
30 29 15 25 41 0 0
30 27 15 28 42 0 0
30 29 14 27 41 0 0
30 28 14 28 41 0 0
30 29 14 28 42 0 0
30 30 15 27 42 0 0
30 29 14 28 42 0 0
30 29 17 27 41 0 0
30 29 16 27 42 0 0
30 28 17 28 43 0 0
30 28 15 27 41 0 0
30 27 12 28 42 0 0
30 27 14 25 43 0 0
30 29 14 26 44 0 0
33 46 22 27 35 8 4
33 42 19 24 31 2 7
33 40 15 24 36 10 6
33 41 19 25 28 7 5
33 44 21 25 30 5 6
33 45 21 25 31 6 5
33 43 19 26 33 5 2
33 44 20 20 34 5 8
33 44 21 25 34 5 4
33 47 19 26 34 4 5
33 46 20 26 34 2 5
33 43 20 23 33 5 6
33 43 19 21 32 5 6
33 44 22 21 34 6 8
33 45 20 22 32 5 8
33 44 20 23 33 3 7
33 42 21 21 33 6 6
33 43 20 21 33 5 4
33 45 20 24 32 6 7
33 44 21 19 33 5 3
33 43 22 23 33 5 7
33 43 20 22 33 5 6
33 43 17 20 31 1 6
33 45 21 24 31 5 6
33 43 16 26 32 9 5
33 43 18 24 33 5 16
33 43 17 23 33 5 9
33 45 20 22 31 7 0
33 44 20 21 33 8 0
33 42 19 19 32 0 0
33 44 20 25 32 3 0
33 43 20 24 34 11 0
33 44 16 20 33 7 0
33 44 20 22 34 9 0
33 43 19 20 33 12 0
33 44 21 21 34 11 0
33 44 20 20 34 9 0
33 44 19 22 33 12 0
33 43 20 21 33 7 0
33 44 20 22 32 10 0
33 43 20 22 33 6 0
33 44 18 24 33 7 0
33 43 18 22 34 0 0
33 42 17 19 33 6 0
33 41 16 22 32 4 0
33 43 18 19 33 2 0
33 42 18 22 34 9 0
33 43 18 23 33 6 0
33 42 17 21 34 6 0
33 42 17 22 33 6 0
33 43 16 21 33 11 0
33 41 17 19 34 7 0
33 43 16 19 36 6 0
33 41 18 20 34 2 0
33 42 16 20 35 3 0
33 43 16 20 34 5 0
33 41 16 19 34 6 0
33 40 15 19 35 4 0
33 40 14 19 34 3 0
33 41 15 20 34 6 0
33 42 13 19 34 6 0
33 42 16 21 35 7 0
33 39 16 20 35 11 0
33 38 17 21 34 4 0
33 40 16 20 37 7 0
33 40 14 20 34 2 0
33 40 15 20 33 8 0
33 39 16 20 34 8 0
33 41 14 19 36 6 0
33 39 15 21 35 17 0
33 39 17 20 35 22 0
33 41 15 19 35 24 0
33 41 14 19 35 28 0
33 40 13 20 36 25 0
33 39 15 18 36 26 0
33 38 13 21 36 15 0
33 38 12 22 36 22 0
33 38 14 20 35 21 0
33 39 15 20 34 24 0
33 41 17 19 34 21 0
33 38 17 19 34 21 0
33 37 16 20 34 26 0
33 38 16 18 35 27 0
33 38 16 18 36 22 0
33 38 16 16 35 20 0
33 38 16 20 35 23 0
33 38 16 18 35 26 0
33 38 17 21 34 24 0
33 38 15 17 35 26 0
33 38 16 18 36 26 0
33 37 16 20 36 28 0
33 37 14 19 35 27 0
33 37 16 24 35 28 0
33 40 15 23 35 24 0
33 39 18 25 35 27 0
33 39 15 18 36 19 0
33 41 14 18 35 26 0
33 40 13 20 36 25 0
33 38 12 19 36 5 0
33 38 7 20 36 15 0
35 50 24 11 24 16 7
35 48 23 14 21 13 6
35 49 20 15 27 2 10
35 46 15 17 28 0 7
35 36 21 15 30 11 8
35 45 19 14 29 13 4
35 48 21 15 27 19 13
35 49 17 16 26 18 11
35 47 19 10 27 12 11
35 46 19 16 29 10 9
35 47 22 16 27 10 9
35 48 19 16 27 9 12
35 50 18 15 26 13 12
35 48 16 3 26 7 14
35 46 22 13 30 10 13
35 45 20 14 32 11 16
35 47 21 18 25 7 10
35 50 17 17 26 14 7
35 50 15 19 31 14 6
35 46 14 17 26 11 8
35 46 21 11 27 11 5
35 47 22 18 30 8 13
35 50 24 19 26 8 13
35 46 25 19 26 11 11
35 46 23 16 25 14 8
35 49 24 17 26 13 10
35 47 23 17 25 15 11
35 44 24 16 25 14 9
35 46 21 21 25 16 8
35 45 22 18 25 14 9
35 45 23 21 26 12 14
35 46 23 20 25 12 12
35 44 23 20 23 12 13
35 47 24 23 24 15 9
35 45 21 14 22 12 12
35 45 22 13 22 15 6
35 45 20 16 22 15 3
35 45 19 13 22 20 7
35 45 22 14 22 14 11
35 46 23 15 22 15 7
35 44 22 19 24 13 7
35 44 22 20 23 13 12
35 45 23 17 24 16 8
35 46 23 16 24 20 10
35 46 23 18 25 17 8
35 46 24 20 26 18 10
35 46 25 23 25 18 10
35 46 24 15 25 21 9
35 45 29 18 26 18 13
35 43 22 22 24 19 11
35 43 29 18 25 7 12
35 41 27 22 25 17 9
35 42 28 22 27 17 9
35 42 27 17 27 15 8
35 43 22 22 26 17 8
35 43 23 22 29 19 10
35 42 24 21 27 21 10
35 43 25 19 27 17 7
35 43 23 20 27 18 9
35 44 23 14 27 19 8
35 43 24 19 26 16 14
35 44 25 22 27 20 10
35 42 24 20 26 19 3
35 43 24 21 26 21 6
35 43 19 21 26 23 2
35 42 16 25 26 25 12
35 42 15 26 25 6 10
35 42 15 20 27 16 10
35 43 16 19 26 19 15
35 42 18 18 24 19 8
35 44 27 18 25 20 9
35 43 26 18 27 18 11
35 44 27 18 26 20 4
35 42 28 20 27 21 3
35 44 27 16 25 17 8
35 44 27 17 24 14 13
35 44 27 18 25 15 11
35 44 27 23 24 18 12
35 42 27 18 25 16 10
35 44 24 17 23 20 11
35 44 26 17 23 19 14
35 44 25 16 23 21 11
35 44 24 21 24 21 14
35 43 23 18 26 21 12
35 43 23 14 27 22 13
35 43 24 19 27 11 13
35 42 23 14 26 9 9
35 43 25 11 25 20 6
35 44 24 22 26 19 9
35 45 24 17 26 21 15
35 44 24 16 26 20 9
35 45 24 18 24 19 8
35 43 16 15 25 2 5
35 45 15 13 27 13 4
35 46 17 17 26 20 14
35 46 20 16 23 19 21
35 44 18 18 23 21 17
35 43 18 18 27 20 19
35 44 20 17 27 22 18
35 43 18 19 25 25 16
38 30 15 28 39 10 12
38 27 12 29 46 4 12
38 25 9 30 36 4 13
38 30 12 30 36 4 13
38 30 12 28 35 6 13
38 27 14 29 36 6 8
38 26 14 29 36 1 7
38 27 14 29 46 6 11
38 25 8 31 48 4 4
38 27 13 31 46 7 13
38 29 13 31 41 6 6
38 29 6 33 50 6 11
38 25 11 35 51 4 8
38 32 15 31 51 12 12
38 29 14 31 50 8 9
38 29 10 31 52 7 9
38 29 14 26 53 8 8
38 28 9 27 54 7 12
38 29 9 27 54 6 11
38 29 16 27 51 7 10
38 29 11 27 51 8 11
38 31 11 25 50 9 13
38 27 13 24 51 6 7
38 26 11 23 50 0 8
38 27 10 24 49 4 20
38 29 7 25 48 8 9
38 27 13 25 49 16 18
38 27 13 25 51 13 17
38 28 11 23 49 13 16
38 27 9 29 51 13 17
38 26 10 29 51 14 16
38 28 8 29 51 18 18
38 27 10 29 50 10 16
38 23 10 27 50 11 15
38 21 8 31 49 13 0
38 21 11 34 50 20 0
38 28 13 33 50 18 0
38 29 10 33 50 17 0
38 28 9 26 50 19 0
38 29 10 31 49 17 0
38 30 3 31 48 8 0
38 27 12 32 48 9 0
38 29 6 32 47 14 0
38 26 11 32 48 14 0
38 28 9 30 47 17 0
38 26 10 29 48 13 0
38 29 6 29 48 14 0
38 29 9 34 51 11 0
38 29 12 31 51 11 0
38 28 9 31 52 14 0
38 25 16 32 51 16 0
38 30 16 32 50 16 0
38 28 14 32 50 11 0
38 28 16 32 53 13 0
38 34 18 32 55 14 0
38 34 17 30 54 13 0
38 34 16 30 54 17 0
38 34 17 31 53 12 0
38 34 15 32 51 10 0
38 34 15 31 52 19 0
38 34 18 32 52 17 0
38 34 13 33 52 19 0
38 32 15 30 47 17 0
38 33 16 33 49 17 0
38 34 21 31 47 16 0
38 35 17 30 51 22 0
38 33 9 29 51 22 0
38 33 10 29 52 0 0
38 33 13 29 53 0 0
38 32 14 29 53 0 0
38 31 16 28 52 0 0
38 33 21 26 50 0 0
38 27 12 26 48 0 0
38 29 10 27 45 0 0
38 30 7 28 45 0 0
38 33 14 29 46 0 0
38 33 15 23 51 0 0
38 31 12 25 47 0 0
38 32 24 25 42 0 0
38 34 22 26 44 0 0
38 31 18 23 46 0 0
38 34 18 23 45 0 0
38 33 16 23 46 0 0
38 33 17 21 47 0 0
38 33 18 19 48 0 0
38 33 20 23 52 0 0
38 32 20 24 52 0 0
38 32 16 25 53 0 0
38 27 13 25 53 0 0
38 28 15 23 51 0 0
38 29 14 27 51 0 0
38 30 14 25 42 0 0
38 32 14 28 43 0 0
38 29 16 28 42 0 0
38 28 21 31 42 0 0
38 31 22 25 46 0 0
38 32 21 25 42 0 0
38 33 25 24 45 0 0
38 33 24 25 43 0 0
38 32 23 26 43 0 0
39 37 24 25 28 51 35
39 35 27 23 29 49 28
39 19 27 26 23 48 25
39 34 23 12 15 48 22
39 35 24 14 20 51 18
39 34 24 11 22 51 18
39 35 21 20 21 51 17
39 34 19 16 24 51 18
39 35 23 17 24 56 17
39 35 23 14 20 29 14
39 35 20 18 24 24 18
39 34 23 18 25 21 19
39 34 24 15 24 21 22
39 34 19 21 22 26 17
39 33 20 18 25 26 14
39 34 22 17 26 30 17
39 34 22 17 26 27 20
39 34 21 15 29 30 22
39 30 20 19 29 29 22
39 30 16 18 29 27 21
39 30 26 18 28 27 23
39 32 20 18 29 28 24
39 32 20 18 27 27 23
39 32 19 18 27 28 17
39 31 22 20 26 27 15
39 31 23 20 27 27 16
39 35 21 16 27 28 14
39 35 21 18 26 26 13
39 34 23 13 27 26 13
39 35 25 20 26 26 15
39 35 24 19 26 26 14
39 34 27 18 26 22 15
39 37 26 17 26 24 16
39 35 24 17 26 25 11
39 36 26 20 25 25 14
39 35 25 15 29 26 16
39 36 25 19 27 25 16
39 36 22 21 27 26 13
39 36 26 19 27 28 14
39 38 26 18 27 27 13
39 38 25 22 28 27 18
39 38 25 22 27 27 16
39 38 28 25 27 26 20
39 38 28 25 28 26 27
39 38 24 24 30 27 29
39 33 24 26 24 27 26
39 35 23 25 25 27 20
39 35 25 26 26 27 20
39 37 28 26 28 27 21
39 36 23 25 27 27 25
39 35 22 25 27 27 25
39 34 22 25 27 25 22
39 35 21 26 28 23 14
39 36 24 28 28 24 14
39 31 24 19 30 24 17
39 34 27 19 31 23 12
39 36 25 19 31 25 11
39 35 23 19 28 24 12
39 36 24 18 29 25 9
39 37 26 23 29 19 10
39 35 26 26 26 22 13
39 32 25 23 28 27 12
39 33 25 18 27 21 12
39 34 24 16 27 19 11
39 37 23 21 31 19 14
39 37 24 23 32 28 12
39 36 24 20 28 25 13
39 35 24 23 27 27 13
39 37 29 20 28 21 14
39 37 23 20 24 28 10
39 36 23 22 25 27 12
39 36 24 19 26 23 14
39 36 24 19 23 23 10
39 36 24 20 30 26 12
39 37 24 20 30 25 8
39 30 23 19 32 22 19
39 31 27 21 26 22 15
39 32 24 19 21 24 18
39 37 23 19 20 25 12
39 35 24 19 27 26 16
39 36 25 19 28 26 18
39 41 23 20 28 22 17
39 41 23 20 30 22 22
39 39 26 20 31 22 19
39 39 21 18 28 23 24
39 39 22 19 26 23 17
39 40 22 19 26 28 18
39 42 22 18 28 25 18
39 42 23 21 28 25 29
39 43 22 19 27 24 28
39 39 24 21 30 25 29
39 40 22 15 35 25 28
39 40 26 23 36 24 30
39 39 22 25 35 19 31
39 41 22 25 36 23 21
39 37 21 19 40 22 27
39 37 22 19 33 22 24
39 36 23 20 29 24 24
39 37 22 20 33 22 27
39 36 24 16 33 19 26
3 2 11 5 9 49 28
3 3 7 6 7 49 30
3 6 13 8 0 49 30
3 3 7 4 0 36 25
3 5 12 5 0 22 26
3 2 6 4 0 12 21
3 7 11 6 0 17 43
3 6 13 8 0 15 41
3 1 13 7 0 17 54
3 10 12 6 0 21 48
3 9 9 10 0 21 40
3 8 11 7 0 21 44
3 8 7 8 0 20 46
3 9 10 8 0 22 46
3 11 6 7 0 18 44
3 8 12 9 0 22 44
3 10 10 8 0 21 43
3 8 9 9 0 5 43
3 8 12 15 0 21 45
3 8 17 6 0 19 45
3 10 15 8 0 17 45
3 9 18 7 0 17 43
3 12 11 3 0 18 40
3 7 10 5 0 18 41
3 7 11 11 0 19 43
3 11 11 6 0 17 42
3 12 13 6 0 17 43
3 10 9 5 0 26 42
3 9 11 7 0 25 40
3 7 11 9 0 5 42
3 3 10 7 0 17 41
3 8 9 8 0 16 43
3 4 8 6 0 22 42
3 2 12 6 0 21 43
3 2 11 6 0 22 45
3 5 3 9 0 16 39
3 2 10 7 0 27 40
3 13 9 7 0 24 44
3 12 8 2 0 24 44
3 9 9 7 0 17 43
3 11 11 5 0 18 45
3 2 10 8 0 21 44
3 0 13 6 0 22 45
3 5 10 8 0 21 41
3 6 12 9 0 25 43
3 6 11 6 0 22 43
3 3 14 7 0 23 45
3 3 12 6 0 22 45
3 5 11 10 0 22 45
3 0 13 6 0 23 45
3 3 13 8 0 23 44
3 4 11 7 0 20 44
3 6 11 6 0 18 45
3 6 11 6 0 21 45
3 8 8 9 0 22 44
3 7 10 7 0 19 40
3 14 11 7 0 20 42
3 11 6 6 0 19 40
3 16 9 7 0 28 45
3 17 10 5 0 31 43
3 16 14 5 0 32 43
3 20 13 7 0 28 44
3 16 11 8 0 29 39
3 6 16 0 0 29 38
3 5 13 6 0 28 40
3 5 13 9 0 33 40
3 2 7 8 0 29 40
3 3 8 7 0 30 44
3 1 12 7 0 29 41
3 3 11 6 0 30 42
3 4 4 2 0 31 38
3 2 7 8 0 28 41
3 6 12 6 0 27 42
3 5 13 8 0 28 42
3 5 10 10 0 29 46
3 5 14 9 0 31 41
3 14 10 8 0 28 43
3 14 6 4 0 29 41
3 14 8 7 0 26 39
3 12 9 9 0 27 39
3 14 6 9 0 28 41
3 13 4 8 0 29 39
3 13 8 9 0 29 40
3 15 8 8 0 16 39
3 15 9 7 0 1 39
3 14 8 7 0 20 39
3 14 10 6 0 15 43
3 11 10 6 0 17 43
3 10 14 8 0 28 44
3 12 11 8 0 24 44
3 14 9 4 0 26 43
3 14 11 10 0 30 43
3 13 10 9 0 26 45
3 14 11 7 0 26 43
3 12 10 8 0 28 42
3 11 13 7 0 27 39
3 13 12 2 0 27 39
3 15 12 2 0 29 39
3 16 13 5 0 26 39
3 17 11 7 0 29 39
40 27 28 31 27 44 27
40 23 24 30 17 40 24
40 16 15 32 26 40 20
40 19 20 25 24 31 24
40 26 23 30 26 35 27
40 27 23 32 27 36 25
40 23 22 32 26 37 27
40 25 21 26 28 35 27
40 28 19 25 29 36 28
40 27 23 27 25 37 26
40 24 20 27 27 38 26
40 27 21 27 28 37 26
40 26 22 28 28 37 26
40 25 18 28 27 38 27
40 27 20 27 25 37 25
40 25 21 27 26 38 25
40 26 21 28 26 38 25
40 27 16 28 26 38 27
40 26 22 27 27 37 28
40 27 22 27 24 37 30
40 21 21 27 26 37 30
40 23 20 27 23 38 27
40 23 22 26 33 38 27
40 24 21 29 35 34 26
40 26 21 32 34 36 27
40 28 21 27 33 28 26
40 29 19 27 33 28 24
40 28 18 27 31 28 25
40 25 20 26 32 28 25
40 25 22 28 32 27 26
40 26 23 27 33 28 28
40 29 20 27 35 28 28
40 28 20 28 32 34 29
40 29 20 29 36 31 25
40 28 16 28 37 31 26
40 29 16 30 35 31 24
40 25 18 30 35 31 24
40 25 22 30 34 30 26
40 25 22 30 35 29 25
40 25 21 26 36 30 28
40 25 21 29 35 32 28
40 25 22 27 37 32 26
40 26 23 25 34 32 30
40 30 21 24 34 32 28
40 30 26 22 34 31 27
40 29 22 22 35 31 27
40 29 19 21 33 31 28
40 29 21 21 32 31 30
40 23 21 22 30 32 28
40 28 21 21 29 31 28
40 29 22 21 30 31 29
40 29 19 28 28 31 29
40 29 22 27 28 32 28
40 26 18 26 28 31 29
40 25 22 22 34 26 26
40 26 22 22 33 34 26
40 26 22 23 31 34 26
40 28 22 26 35 30 29
40 28 21 23 37 31 28
40 27 24 24 34 32 28
40 28 21 24 29 30 28
40 29 21 25 37 31 28
40 25 17 28 37 31 28
40 25 15 29 37 31 28
40 26 8 29 33 30 28
40 23 14 29 34 30 23
40 24 24 29 34 30 23
40 26 16 21 34 30 22
40 25 18 25 34 30 21
40 24 20 28 36 29 23
40 25 21 28 30 27 15
40 29 12 28 36 27 21
40 29 13 26 31 34 22
40 29 15 21 31 34 23
40 28 22 19 32 33 24
40 28 21 26 33 36 28
40 28 22 27 32 36 23
40 28 23 27 32 35 27
40 27 21 28 35 34 28
40 27 23 29 38 36 21
40 28 22 27 38 31 29
40 26 18 27 39 33 23
40 27 17 23 43 34 23
40 27 17 24 38 34 23
40 27 18 23 37 36 23
40 26 20 22 31 33 23
40 29 19 20 30 33 24
40 30 19 18 32 36 22
40 30 20 20 35 36 24
40 30 20 21 34 36 22
40 32 20 22 35 36 21
40 31 21 21 36 35 22
40 32 19 21 34 30 22
40 33 21 22 36 30 24
40 31 21 21 37 30 24
40 31 19 22 39 31 25
40 31 17 22 39 32 25
40 31 17 23 35 29 28
40 36 17 26 31 30 23
40 31 15 19 32 30 23
42 29 55 36 15 39 30
42 29 58 37 25 35 29
42 26 61 41 22 33 23
42 28 38 42 21 35 23
42 27 58 41 27 37 25
42 29 56 37 22 36 11
42 27 53 33 22 34 21
42 27 57 23 23 33 19
42 26 59 38 14 35 20
42 25 55 38 20 34 14
42 27 59 36 18 33 21
42 27 55 37 18 34 24
42 29 56 38 20 34 23
42 30 53 38 18 33 19
42 28 55 34 18 35 21
42 30 50 38 17 34 21
42 31 57 38 15 33 25
42 33 50 38 22 34 24
42 32 47 37 22 34 25
42 32 54 33 22 35 24
42 32 54 43 22 35 22
42 32 52 31 22 36 21
42 32 43 35 21 34 19
42 33 49 33 21 34 20
42 34 50 32 20 35 19
42 35 50 41 21 34 19
42 34 49 42 21 35 21
42 30 48 38 21 34 20
42 36 49 41 20 35 20
42 38 51 40 17 35 15
42 36 51 41 16 34 19
42 34 45 41 14 34 18
42 34 49 41 14 35 18
42 34 49 39 18 35 19
42 34 46 39 15 35 23
42 33 44 39 19 35 16
42 33 44 40 16 35 18
42 31 42 37 19 35 20
42 30 34 40 12 35 22
42 34 34 39 13 35 22
42 33 39 36 13 35 22
42 30 40 33 14 36 23
42 28 44 34 15 35 22
42 30 37 35 16 34 21
42 32 38 33 20 34 19
42 31 43 36 20 33 20
42 34 39 41 20 31 19
42 35 39 34 19 33 22
42 35 35 34 19 31 21
42 32 34 36 22 31 20
42 32 33 31 17 32 21
42 32 34 32 16 33 21
42 32 36 33 18 31 23
42 31 36 36 22 30 23
42 31 36 36 23 29 23
42 32 37 37 21 34 25
42 33 36 36 22 34 20
42 31 31 34 22 34 17
42 30 31 38 20 34 18
42 29 32 39 17 33 23
42 32 32 38 15 34 22
42 32 32 32 19 34 19
42 32 37 33 19 31 17
42 32 36 34 20 30 19
42 34 36 34 19 31 17
42 23 33 35 20 28 13
42 42 31 32 20 27 20
42 39 30 38 20 34 16
42 40 29 37 19 32 17
42 39 34 37 22 32 16
42 38 34 38 22 31 20
42 38 30 37 22 31 21
42 38 30 36 21 32 22
42 38 30 37 22 35 23
42 39 34 39 22 34 22
42 39 31 37 21 28 19
42 41 27 37 22 28 22
42 40 32 41 21 28 24
42 41 29 29 20 24 23
42 41 27 33 20 25 21
42 40 25 35 21 24 21
42 40 28 36 20 22 18
42 39 29 36 21 23 28
42 39 29 33 34 29 27
42 40 29 33 34 27 27
42 41 26 33 33 29 27
42 41 27 33 34 28 27
42 40 27 33 32 27 18
42 40 27 32 31 28 22
42 40 27 19 33 26 23
42 40 28 19 33 26 26
42 40 27 10 33 26 26
42 40 28 17 32 26 27
42 41 27 17 33 27 26
42 41 27 16 34 26 22
42 41 27 18 34 26 23
42 42 28 18 35 26 24
42 41 28 19 34 25 24
42 41 27 14 35 25 25
42 41 27 18 33 26 22
44 28 45 25 11 37 28
44 27 46 26 29 35 23
44 27 46 25 30 37 24
44 34 48 24 26 28 25
44 33 46 26 23 30 27
44 33 45 26 23 30 21
44 32 47 26 27 32 26
44 36 47 27 28 31 22
44 37 47 27 28 29 26
44 37 46 27 24 31 24
44 39 33 26 25 31 27
44 37 33 25 26 32 29
44 35 30 27 27 29 22
44 36 21 28 30 28 22
44 37 27 27 27 28 29
44 40 23 28 26 29 26
44 35 24 27 27 28 26
44 33 25 28 27 30 27
44 33 28 29 26 31 32
44 35 25 28 25 30 30
44 33 26 33 26 30 26
44 32 32 33 25 32 27
44 32 27 30 25 29 27
44 33 23 29 25 29 23
44 34 20 31 24 28 23
44 32 23 31 27 32 22
44 31 24 31 23 32 23
44 32 24 33 22 32 23
44 33 22 25 22 32 21
44 35 20 24 24 31 19
44 34 18 31 27 32 23
44 35 21 35 24 34 27
44 37 24 36 28 34 26
44 33 22 36 30 35 28
44 32 24 35 27 34 25
44 33 20 33 23 30 26
44 35 23 31 24 31 26
44 36 23 32 25 30 20
44 25 21 25 22 30 23
44 25 20 22 24 31 19
44 27 16 22 24 30 18
44 31 21 25 23 30 19
44 34 20 27 23 29 21
44 33 23 27 23 33 21
44 33 25 21 27 32 22
44 33 25 23 26 31 21
44 33 24 22 25 33 22
44 33 20 28 25 33 21
44 32 23 21 25 33 24
44 34 24 22 25 32 24
44 33 24 20 25 32 24
44 32 19 21 23 32 22
44 33 21 22 23 35 28
44 31 22 22 24 32 28
44 32 23 21 26 33 28
44 33 25 22 22 33 26
44 30 26 22 24 32 28
44 29 20 21 23 32 28
44 30 22 21 23 34 24
44 35 18 23 26 32 24
44 30 19 25 25 36 24
44 29 21 24 26 36 27
44 30 22 24 26 37 27
44 29 18 28 27 37 26
44 29 21 29 25 37 28
44 36 22 25 22 38 25
44 30 22 26 23 38 28
44 30 22 28 17 38 28
44 32 22 27 18 38 28
44 31 22 24 19 38 28
44 30 23 23 18 40 29
44 29 22 23 17 41 29
44 29 22 23 20 40 21
44 28 22 24 18 40 21
44 28 22 21 21 37 22
44 21 21 23 25 38 23
44 7 17 23 26 38 22
44 21 17 23 21 38 23
44 22 24 24 28 41 23
44 27 23 24 28 39 25
44 27 23 24 27 36 23
44 29 29 23 26 35 22
44 29 24 22 27 34 26
44 28 23 23 26 35 27
44 28 19 27 26 37 27
44 28 21 23 20 37 26
44 28 22 24 21 37 26
44 27 25 24 25 36 26
44 28 22 22 22 37 26
44 27 20 26 22 37 27
44 30 18 21 21 38 25
44 32 21 22 22 38 28
44 32 23 19 23 37 27
44 30 23 20 22 37 27
44 31 21 20 22 38 27
44 30 21 19 26 38 27
44 27 21 19 26 39 28
44 28 23 20 27 29 27
44 31 23 21 25 30 26
44 30 19 21 22 30 27
45 27 43 33 25 60 17
45 25 45 34 27 57 18
45 28 46 31 25 54 30
45 28 44 33 22 54 30
45 30 43 29 22 57 33
45 29 46 30 23 52 39
45 29 45 31 25 51 39
45 30 46 31 23 46 39
45 32 45 29 12 44 35
45 28 46 30 6 48 44
45 30 45 31 19 47 41
45 29 45 31 17 49 41
45 28 45 31 17 47 44
45 28 45 30 17 47 44
45 31 47 30 18 47 39
45 31 45 29 19 51 39
45 31 45 29 20 48 40
45 24 45 28 20 48 44
45 29 45 27 20 48 39
45 28 45 29 20 48 39
45 24 45 27 20 50 39
45 30 45 28 21 49 38
45 29 44 28 20 50 38
45 37 45 29 20 50 38
45 35 46 27 18 50 37
45 36 46 28 21 50 38
45 31 46 29 21 49 39
45 34 46 28 21 50 38
45 33 45 29 21 50 37
45 34 46 28 22 50 37
45 34 47 29 20 49 38
45 20 46 28 20 50 38
45 19 47 27 17 49 36
45 32 46 30 22 49 37
45 30 46 27 22 48 37
45 25 47 29 22 49 38
45 19 45 30 21 50 37
45 25 44 30 21 48 38
45 24 46 29 21 47 38
45 27 47 30 21 48 36
45 23 47 31 22 45 36
45 25 47 29 22 44 33
45 25 46 29 20 45 36
45 25 47 30 21 46 35
45 23 49 29 21 46 34
45 23 52 29 23 46 34
45 24 52 27 24 47 36
45 24 44 29 21 46 36
45 24 52 27 18 45 38
45 24 52 27 18 45 37
45 25 40 35 18 45 36
45 26 41 35 17 44 38
45 28 42 34 19 43 38
45 28 37 40 21 45 39
45 28 39 41 22 44 39
45 27 38 42 21 44 39
45 27 38 44 25 44 39
45 28 41 45 23 44 39
45 28 47 45 23 49 39
45 26 47 45 23 52 39
45 28 47 43 23 53 40
45 28 39 39 26 52 42
45 26 42 40 24 52 41
45 25 41 40 23 52 42
45 29 41 35 23 53 41
45 29 39 35 24 54 41
45 28 39 35 23 53 42
45 27 39 35 23 54 47
45 28 36 36 24 54 47
45 30 37 39 16 54 46
45 25 35 39 16 53 45
45 25 31 44 16 54 39
45 23 32 36 18 53 39
45 25 31 37 15 54 39
45 26 31 37 21 54 39
45 26 28 39 21 53 38
45 26 28 40 22 54 37
45 27 29 41 22 54 37
45 25 28 40 21 54 37
45 25 24 30 21 55 38
45 24 25 31 21 55 43
45 22 24 29 20 55 43
45 29 24 31 17 55 43
45 26 29 28 22 55 43
45 25 21 28 21 51 37
45 30 25 28 21 51 38
45 29 24 27 21 51 37
45 30 24 28 21 48 38
45 32 23 33 21 44 38
45 32 24 33 22 44 38
45 32 22 33 22 43 37
45 31 21 32 21 44 37
45 25 22 31 21 43 42
45 24 21 29 21 44 44
45 25 18 29 21 43 43
45 26 22 28 21 40 44
45 27 24 30 22 43 43
45 30 22 34 15 46 45
45 27 22 35 17 46 45
45 27 22 35 23 45 45
46 26 30 39 22 32 28
46 23 27 16 15 23 27
46 26 28 36 21 32 26
46 27 31 38 20 29 27
46 28 31 39 22 23 26
46 27 33 38 22 24 27
46 24 33 39 24 26 27
46 24 35 36 23 25 25
46 22 28 35 23 27 26
46 24 29 36 23 29 25
46 24 31 36 20 28 24
46 24 30 36 22 27 23
46 23 31 37 22 30 29
46 22 31 37 17 29 24
46 23 30 37 19 30 25
46 24 30 33 31 29 26
46 23 26 36 8 25 27
46 22 25 35 26 28 28
46 23 24 36 26 25 22
46 23 24 36 25 23 25
46 27 24 35 24 27 25
46 30 26 33 28 27 24
46 29 27 33 28 27 26
46 28 27 32 26 27 23
46 24 26 34 24 28 24
46 24 26 34 26 25 24
46 24 26 34 25 23 23
46 21 27 32 26 25 24
46 22 28 30 26 24 24
46 20 26 30 27 24 23
46 22 25 29 27 25 27
46 51 26 30 27 27 22
46 48 26 30 27 26 26
46 47 26 29 25 30 26
46 47 23 31 27 28 25
46 48 26 33 23 27 25
46 48 26 34 25 27 22
46 49 30 34 26 21 23
46 46 28 34 27 25 21
46 49 28 32 27 25 25
46 51 21 37 26 27 26
46 48 23 36 25 29 25
46 48 22 33 28 28 22
46 48 23 32 24 28 21
46 49 24 35 23 29 24
46 47 25 35 25 29 27
46 48 23 36 22 30 26
46 49 24 36 23 25 26
46 45 25 35 21 25 30
46 43 26 36 26 25 31
46 45 26 29 26 24 27
46 45 21 29 26 22 30
46 45 25 29 27 24 21
46 45 26 33 27 25 9
46 45 25 32 26 26 32
46 45 25 32 26 26 32
46 43 25 33 27 28 31
46 46 30 33 25 23 29
46 45 30 35 27 23 31
46 46 27 32 27 24 30
46 46 21 32 25 24 30
46 45 28 32 26 31 33
46 46 29 32 27 31 34
46 46 28 30 25 28 28
46 44 24 32 27 28 28
46 44 24 34 25 28 28
46 44 26 31 25 27 26
46 48 24 34 25 28 28
46 48 25 35 25 29 31
46 47 24 34 23 28 30
46 46 25 38 23 29 31
46 46 24 37 24 27 30
46 44 25 38 24 28 27
46 47 24 38 25 29 28
46 45 25 38 26 29 31
46 47 29 36 25 28 31
46 45 30 31 26 28 30
46 47 29 29 27 28 29
46 48 29 30 27 28 27
46 43 27 30 26 26 33
46 44 26 30 24 26 32
46 43 27 30 25 26 33
46 45 28 29 26 27 31
46 47 33 31 25 27 31
46 48 32 30 28 27 30
46 47 32 29 28 28 30
46 47 31 29 28 28 30
46 46 32 30 28 28 30
46 47 31 32 31 29 30
46 43 28 35 31 29 30
46 43 28 35 28 29 31
46 42 27 35 28 29 33
46 43 24 30 29 40 32
46 42 24 36 29 40 29
46 42 24 37 30 39 31
46 43 25 37 30 37 31
46 45 24 37 29 38 27
46 42 25 31 30 37 27
46 43 23 33 30 37 27
46 43 26 32 30 37 27
47 35 37 36 29 51 36
47 38 30 36 26 42 35
47 39 26 36 25 45 37
47 38 32 25 21 45 36
47 38 35 23 18 46 33
47 40 37 30 21 44 39
47 39 35 30 22 43 41
47 40 35 32 22 42 40
47 39 38 31 22 46 42
47 38 37 31 22 46 35
47 37 37 33 22 38 35
47 39 33 33 22 38 35
47 39 33 30 22 32 35
47 38 32 30 22 41 34
47 37 34 29 25 42 29
47 37 33 31 26 42 25
47 36 32 30 25 35 26
47 36 34 31 23 31 25
47 36 34 31 25 31 27
47 36 34 31 24 32 29
47 36 36 31 25 28 28
47 36 35 32 25 33 25
47 36 35 33 25 31 24
47 35 36 32 24 29 24
47 35 35 33 25 29 21
47 35 36 34 22 31 22
47 34 36 34 25 30 23
47 34 35 33 24 30 24
47 34 34 34 25 28 24
47 35 32 34 25 29 21
47 36 33 33 22 29 25
47 36 34 34 23 29 23
47 35 33 33 22 28 22
47 35 34 34 24 26 22
47 36 34 34 22 24 22
47 35 36 34 23 29 22
47 35 35 32 24 29 23
47 36 35 34 24 30 26
47 35 35 33 24 31 25
47 36 36 34 26 31 26
47 37 36 33 25 32 27
47 36 37 34 24 33 27
47 36 37 32 23 34 24
47 36 37 34 22 34 28
47 36 38 33 23 34 26
47 37 37 33 21 34 26
47 37 37 33 22 34 28
47 36 36 33 22 34 27
47 36 35 32 23 34 28
47 37 36 34 21 34 27
47 38 36 33 22 33 27
47 40 36 35 25 33 27
47 39 36 33 25 34 26
47 38 35 33 25 33 27
47 38 35 33 24 33 28
47 37 36 33 22 33 28
47 37 36 33 25 34 22
47 38 36 33 24 33 24
47 37 37 33 23 33 28
47 37 36 33 24 34 28
47 37 37 33 26 34 27
47 36 36 33 27 33 28
47 37 37 34 24 33 29
47 38 37 32 27 34 26
47 37 36 33 25 35 27
47 37 38 33 26 33 27
47 35 37 33 27 34 27
47 37 37 35 28 34 28
47 36 36 34 27 33 27
47 36 36 33 28 34 26
47 37 37 34 28 33 27
47 35 38 35 27 33 27
47 36 38 34 27 33 28
47 36 38 34 26 33 27
47 36 38 34 27 33 28
47 36 37 34 27 33 27
47 36 38 34 26 32 27
47 35 39 34 26 33 25
47 36 39 34 26 31 27
47 34 36 34 26 32 26
47 35 35 34 26 31 26
47 36 35 33 26 31 25
47 35 35 34 26 31 24
47 37 36 33 26 30 26
47 36 35 31 28 31 25
47 36 35 33 23 31 25
47 36 35 33 22 32 23
47 36 36 33 22 31 25
47 37 36 32 21 32 24
47 37 35 33 26 31 25
47 37 35 30 28 31 25
47 37 35 30 25 31 25
47 36 35 30 25 32 26
47 37 36 32 25 32 22
47 36 35 30 26 29 26
47 36 34 27 26 28 22
47 34 34 28 26 29 22
47 34 35 28 27 28 23
47 34 34 25 26 29 24
47 35 35 25 26 30 27
48 24 29 30 25 56 32
48 23 27 30 28 56 36
48 26 29 29 18 57 38
48 27 27 31 22 57 37
48 24 28 33 23 46 35
48 27 28 34 28 46 28
48 27 29 38 24 49 28
48 29 28 29 26 47 28
48 29 27 29 16 48 29
48 28 28 31 19 49 19
48 30 27 37 25 38 32
48 29 28 36 26 38 30
48 30 27 32 26 47 29
48 27 27 43 25 39 31
48 34 26 42 26 38 29
48 34 30 43 28 38 33
48 32 29 32 26 31 33
48 35 31 44 26 32 34
48 31 31 45 26 29 35
48 38 31 39 27 39 37
48 35 30 26 24 36 37
48 39 31 30 24 36 38
48 37 31 34 22 22 42
48 41 30 33 23 24 47
48 46 29 35 23 26 47
48 42 39 30 25 26 46
48 44 34 31 21 32 46
48 43 35 32 21 31 44
48 45 28 35 24 30 42
48 43 29 31 23 28 43
48 42 33 32 21 32 42
48 44 42 32 22 37 42
48 43 37 33 20 35 42
48 47 28 34 24 35 43
48 47 28 34 23 35 43
48 45 33 35 24 31 43
48 45 36 34 22 34 42
48 43 37 36 23 36 42
48 46 34 35 24 35 40
48 45 33 35 24 36 33
48 45 34 36 25 34 33
48 44 33 35 24 32 34
48 49 34 27 25 35 34
48 48 34 32 22 34 33
48 48 34 31 22 32 37
48 49 33 33 21 37 36
48 44 34 32 19 35 36
48 42 28 33 23 31 36
48 42 34 33 21 33 36
48 44 34 33 21 34 36
48 44 34 34 20 34 37
48 44 33 33 20 35 37
48 42 35 33 20 31 37
48 44 32 32 19 38 36
48 44 32 28 20 40 34
48 44 34 29 19 39 34
48 44 32 30 21 38 34
48 45 33 34 21 38 35
48 42 32 34 23 38 34
48 42 36 35 26 36 36
48 42 36 35 26 29 37
48 42 36 34 24 30 37
48 42 37 33 24 30 36
48 46 33 32 24 30 39
48 47 31 34 25 30 39
48 46 31 33 25 29 41
48 41 32 34 27 29 40
48 42 30 34 23 30 42
48 42 31 35 24 34 42
48 41 30 34 24 33 41
48 42 30 34 24 38 40
48 41 35 34 25 39 37
48 44 35 34 23 39 37
48 45 33 33 23 39 36
48 43 35 34 24 39 37
48 44 34 34 23 38 37
48 43 33 35 24 34 36
48 43 35 35 23 35 35
48 42 33 36 23 36 34
48 44 33 39 22 36 35
48 43 32 38 25 35 35
48 44 33 38 25 34 34
48 45 33 38 22 28 35
48 44 32 38 24 37 35
48 44 35 37 22 37 33
48 44 33 37 24 36 34
48 44 32 37 25 36 32
48 44 36 37 25 37 36
48 43 32 37 24 38 36
48 44 33 35 27 38 37
48 40 36 34 26 37 36
48 42 31 35 26 37 36
48 41 30 34 25 35 36
48 41 32 34 24 34 30
48 42 35 33 23 34 31
48 42 34 32 22 31 31
48 41 34 32 23 32 31
48 41 33 35 23 31 31
48 41 34 35 23 36 29
48 42 35 34 22 38 29
49 43 40 51 22 49 29
49 43 45 32 25 50 37
49 41 45 31 19 50 30
49 38 42 48 21 50 18
49 38 39 47 20 49 26
49 38 40 48 22 32 27
49 39 41 50 27 38 29
49 43 45 44 27 33 24
49 43 46 46 26 39 25
49 44 38 46 25 16 24
49 44 40 47 27 25 25
49 42 36 50 26 27 24
49 45 50 47 27 27 18
49 43 42 42 26 32 17
49 44 39 43 27 30 19
49 43 48 45 26 30 17
49 46 50 46 25 33 15
49 45 50 48 26 30 17
49 47 49 45 22 23 19
49 47 47 38 27 27 20
49 43 49 34 24 34 22
49 43 48 40 26 32 22
49 45 47 42 27 27 23
49 43 48 42 23 24 20
49 41 47 41 30 29 21
49 44 43 39 30 28 21
49 43 48 40 25 28 21
49 43 50 37 32 29 21
49 42 49 43 30 28 21
49 44 43 40 28 27 17
49 42 43 40 28 25 18
49 43 45 40 28 26 25
49 42 43 40 28 26 25
49 43 43 35 29 25 27
49 42 44 35 27 30 18
49 41 44 36 28 31 25
49 42 39 36 28 31 18
49 42 42 36 28 28 20
49 42 43 35 27 26 16
49 42 42 43 24 26 18
49 43 45 46 25 26 18
49 43 43 45 24 26 22
49 43 43 47 27 29 17
49 44 46 47 33 29 13
49 43 49 44 27 29 11
49 43 50 47 27 27 22
49 44 47 45 27 27 22
49 43 38 44 31 28 22
49 43 39 42 36 26 22
49 43 37 41 33 25 19
49 44 35 40 34 25 21
49 43 36 34 30 24 22
49 43 42 35 30 24 22
49 44 36 30 32 24 12
49 44 37 25 32 29 16
49 44 37 35 28 31 17
49 43 42 35 28 27 21
49 43 42 36 30 28 17
49 43 42 34 34 27 18
49 42 42 31 29 26 20
49 42 40 30 29 26 20
49 42 41 31 30 28 18
49 42 40 30 30 25 16
49 42 42 28 30 26 13
49 41 33 30 30 26 13
49 32 36 36 28 26 18
49 33 36 36 29 25 20
49 31 37 32 30 25 20
49 32 34 31 29 25 22
49 34 39 31 29 27 18
49 32 41 30 30 28 19
49 33 33 31 30 26 19
49 33 35 29 29 27 19
49 33 35 29 29 27 23
49 33 37 38 30 28 15
49 33 37 33 30 29 15
49 35 35 33 30 28 16
49 34 34 31 30 27 18
49 36 43 37 30 26 18
49 38 41 36 28 27 24
49 35 41 34 30 28 23
49 34 43 32 29 28 25
49 35 40 34 31 27 24
49 34 40 37 31 25 25
49 36 38 32 30 26 16
49 36 39 33 31 27 18
49 34 40 34 31 28 9
49 34 40 34 31 23 16
49 34 41 34 30 25 13
49 36 39 32 31 29 0
49 35 40 33 31 29 0
49 35 41 32 31 27 0
49 36 40 32 30 27 0
49 33 40 33 31 24 0
49 33 40 33 31 29 0
49 32 41 33 32 26 0
49 33 40 32 31 28 0
49 33 40 32 31 33 0
49 36 40 33 32 27 0
49 36 41 33 31 32 0
4 0 10 8 11 22 36
4 5 6 9 10 24 35
4 0 10 11 0 23 35
4 4 11 10 0 24 36
4 3 7 11 0 23 34
4 3 10 11 0 8 36
4 4 12 12 0 19 35
4 6 12 12 0 21 35
4 5 11 9 0 23 36
4 5 11 7 0 21 36
4 3 11 8 0 21 35
4 5 11 12 0 17 36
4 4 13 10 0 20 35
4 6 11 9 0 20 34
4 9 12 11 0 22 37
4 5 11 1 0 22 32
4 5 9 12 0 22 31
4 2 2 12 0 22 34
4 7 8 12 0 22 27
4 4 7 10 0 19 33
4 3 7 9 0 22 34
4 5 7 9 0 21 34
4 4 12 8 0 21 34
4 4 12 11 0 19 34
4 4 4 13 0 23 35
4 6 3 9 0 21 37
4 0 11 12 0 21 35
4 0 13 11 0 18 34
4 0 12 12 0 19 35
4 0 13 12 0 25 34
4 0 11 14 0 23 35
4 0 15 9 0 22 35
4 0 12 14 0 19 34
4 0 15 12 0 20 36
4 0 15 9 0 23 33
4 0 16 9 0 25 35
4 0 12 0 0 24 35
4 0 11 7 0 27 37
4 0 10 8 0 19 34
4 0 11 8 0 21 33
4 0 8 7 0 20 33
4 0 4 10 0 18 34
4 0 8 8 0 20 37
4 0 9 9 0 21 33
4 0 9 1 0 20 33
4 0 9 6 0 20 34
4 0 10 8 0 30 36
4 0 10 9 0 21 37
4 0 9 8 0 20 37
4 0 10 10 0 21 37
4 0 7 8 0 20 37
4 0 9 12 0 18 36
4 0 5 6 0 22 34
4 0 9 4 0 23 34
4 0 9 9 0 22 36
4 0 12 9 0 22 35
4 0 11 6 0 6 32
4 0 13 7 0 20 33
4 0 12 8 0 21 33
4 0 12 8 0 22 33
4 0 14 4 0 20 32
4 0 12 6 0 19 34
4 0 13 7 0 18 34
4 0 14 7 0 17 36
4 0 15 8 0 21 35
4 0 12 7 0 22 36
4 0 16 6 0 22 36
4 0 12 7 0 22 38
4 0 14 9 0 22 37
4 0 10 7 0 23 38
4 0 12 8 0 26 37
4 0 11 6 0 22 35
4 0 10 10 0 22 35
4 0 12 9 0 20 34
4 0 12 9 0 19 38
4 0 13 10 0 22 37
4 0 12 10 0 21 37
4 0 14 8 0 21 33
4 0 10 8 0 24 35
4 0 11 7 0 23 34
4 0 10 4 0 24 36
4 0 11 12 0 23 36
4 0 14 13 0 23 37
4 0 12 11 0 23 34
4 0 10 7 0 22 37
4 0 11 9 0 21 34
4 0 12 9 0 22 36
4 0 14 8 0 22 35
4 0 11 12 0 23 33
4 0 12 7 0 15 34
4 0 12 6 0 22 34
4 0 11 4 0 26 35
4 0 8 7 0 20 35
4 0 10 9 0 17 35
4 0 12 10 0 20 36
4 0 12 11 0 20 36
4 0 12 6 0 22 33
4 0 10 7 0 23 34
4 0 10 8 0 25 34
4 0 12 8 0 25 34
50 32 33 40 35 21 15
50 33 36 42 35 20 17
50 31 31 41 36 17 15
50 26 25 40 37 14 12
50 29 28 41 37 16 14
50 31 30 40 37 19 14
50 30 31 42 35 22 13
50 32 29 43 36 21 17
50 33 28 39 42 23 17
50 32 31 39 40 21 15
50 32 30 38 41 19 15
50 33 27 41 34 26 12
50 32 27 42 36 27 16
50 30 28 39 39 28 14
50 32 27 39 37 26 15
50 31 27 39 35 24 13
50 32 26 41 36 25 8
50 31 26 36 37 25 10
50 33 26 37 37 26 0
50 32 27 37 38 25 0
50 32 25 38 38 24 0
50 31 26 39 37 24 0
50 31 26 39 37 26 0
50 31 26 39 37 29 0
50 32 25 37 36 29 0
50 32 27 37 37 26 0
50 32 28 37 35 26 0
50 30 28 36 36 24 0
50 31 29 37 36 23 0
50 31 28 37 36 24 0
50 32 29 37 38 26 0
50 31 30 37 37 26 0
50 30 29 37 37 25 0
50 32 29 37 36 20 0
50 32 30 37 36 22 0
50 32 29 36 38 23 0
50 28 29 38 37 21 0
50 30 29 37 38 23 0
50 29 29 37 36 22 0
50 32 30 37 37 23 0
50 32 32 36 38 21 0
50 31 32 37 37 24 0
50 33 31 36 38 21 0
50 32 32 38 38 19 0
50 32 29 36 37 23 0
50 33 29 37 38 21 0
50 31 30 36 38 15 0
50 32 29 36 38 20 0
50 32 30 37 37 20 0
50 31 29 37 38 24 0
50 30 31 36 37 24 0
50 29 28 37 31 22 0
50 28 29 35 32 21 0
50 28 29 37 33 23 0
50 28 29 32 33 23 0
50 29 29 32 34 19 0
50 29 28 31 33 28 0
50 29 29 31 33 29 0
50 29 28 35 33 29 0
50 29 29 35 34 25 0
50 30 28 36 33 27 0
50 31 29 35 32 24 0
50 30 29 35 34 27 0
50 29 28 35 32 30 0
50 30 29 35 32 28 0
50 30 30 37 33 20 0
50 29 30 37 32 21 0
50 29 30 37 30 20 0
50 29 31 39 34 19 0
50 29 33 39 34 21 0
50 30 34 38 33 23 0
50 30 32 38 33 21 0
50 30 33 41 34 27 0
50 31 33 40 33 28 0
50 31 33 39 34 31 0
50 31 32 41 32 32 0
50 30 34 41 33 31 0
50 30 34 41 33 31 0
50 31 33 40 33 30 0
50 28 33 41 31 30 0
50 29 33 41 32 31 0
50 29 34 42 32 31 0
50 30 33 40 32 31 0
50 28 33 40 32 31 0
50 30 33 39 34 31 0
50 28 33 37 35 31 0
50 31 32 40 34 31 0
50 31 33 41 34 31 0
50 31 33 41 34 31 0
50 30 33 41 32 30 0
50 31 33 39 32 30 0
50 29 32 40 32 30 0
50 33 34 41 32 27 0
50 33 30 39 32 26 0
50 34 30 38 32 25 0
50 34 31 39 32 27 0
50 35 30 39 33 21 0
50 35 24 39 28 23 0
50 30 30 39 30 25 0
50 30 31 39 27 30 0
51 23 28 32 14 48 19
51 24 28 32 17 57 22
51 21 30 32 14 55 18
51 22 31 32 13 56 10
51 19 29 30 16 54 8
51 21 33 30 15 55 11
51 20 31 30 16 56 17
51 22 28 33 33 52 15
51 23 29 33 30 54 15
51 20 30 33 31 53 14
51 19 29 31 29 53 16
51 24 28 31 20 54 12
51 27 28 32 25 54 14
51 24 29 31 25 53 11
51 19 28 35 26 53 12
51 23 28 33 25 53 14
51 26 30 26 26 54 6
51 27 27 31 28 54 12
51 26 28 31 27 53 11
51 27 29 31 27 54 16
51 26 27 30 27 53 9
51 27 28 30 27 54 15
51 27 28 31 26 54 19
51 27 29 29 27 54 17
51 26 30 31 27 52 25
51 25 29 31 26 56 22
51 28 29 31 27 55 22
51 27 30 32 27 55 21
51 24 29 31 27 54 24
51 26 29 31 27 54 30
51 27 29 25 27 54 28
51 27 30 28 28 54 30
51 27 30 30 26 54 27
51 27 29 27 27 54 22
51 26 29 27 27 54 24
51 26 29 27 28 54 24
51 27 29 30 27 53 28
51 26 30 29 26 54 26
51 26 29 28 27 53 27
51 26 30 30 27 53 27
51 26 29 27 27 53 0
51 25 30 28 27 53 0
51 26 30 27 27 52 0
51 26 29 27 26 53 0
51 27 25 26 27 53 0
51 26 27 28 27 53 0
51 28 31 27 28 53 0
51 23 23 27 27 59 0
51 26 19 28 27 60 0
51 25 20 34 26 68 0
51 26 21 35 27 68 0
51 24 23 35 26 58 0
51 25 25 34 26 33 0
51 25 23 34 28 20 0
51 25 24 34 26 7 0
51 25 22 33 26 20 0
51 24 23 34 27 21 0
51 25 23 33 27 18 0
51 27 22 34 27 17 0
51 25 23 32 26 17 0
51 26 25 47 27 16 0
51 26 23 45 26 17 0
51 25 23 45 26 24 0
51 29 24 41 25 24 0
51 28 24 38 28 28 0
51 28 25 37 25 29 0
51 27 24 41 26 28 0
51 24 24 38 27 24 0
51 24 25 39 26 28 0
51 24 24 39 26 25 0
51 24 25 38 25 27 0
51 26 25 38 25 24 0
51 27 25 39 25 27 0
51 31 24 39 25 26 0
51 28 25 39 25 25 0
51 28 25 39 26 25 0
51 28 24 38 26 25 0
51 27 24 40 25 26 0
51 27 24 39 27 25 0
51 28 23 39 26 24 0
51 27 24 39 24 26 0
51 27 24 38 26 26 0
51 27 24 39 25 26 0
51 26 24 39 25 25 0
51 28 24 39 27 26 0
51 27 24 38 27 25 0
51 27 24 38 27 24 0
51 27 24 40 28 24 0
51 27 23 38 27 27 0
51 26 24 39 27 27 0
51 27 23 38 26 28 0
51 27 23 39 27 26 0
51 27 22 38 27 26 0
51 25 23 39 26 24 0
51 24 25 38 27 28 0
51 26 25 38 27 27 0
51 26 25 38 26 25 0
51 26 23 38 27 32 0
51 26 24 38 27 25 0
51 25 24 38 27 28 0
52 26 26 29 17 22 13
52 29 25 30 35 21 10
52 24 26 29 31 19 16
52 27 24 30 37 23 10
52 27 23 30 37 23 10
52 27 23 30 33 21 7
52 24 22 31 37 23 12
52 23 23 30 37 21 13
52 22 22 30 39 21 14
52 22 22 30 34 21 10
52 28 29 30 36 23 13
52 26 29 30 33 17 13
52 27 29 30 33 20 12
52 26 29 25 33 18 14
52 24 28 24 34 18 11
52 23 28 28 33 19 13
52 23 26 26 34 27 7
52 30 25 26 35 24 12
52 32 24 33 34 21 12
52 32 27 32 34 21 13
52 35 26 31 34 14 14
52 35 25 29 35 23 11
52 32 25 28 34 26 12
52 34 27 21 34 26 21
52 34 27 30 35 27 17
52 36 27 29 34 24 14
52 36 28 32 34 22 13
52 34 27 33 34 24 14
52 34 28 30 33 22 16
52 35 27 31 34 23 0
52 34 26 32 33 22 0
52 34 27 32 34 23 0
52 34 26 33 35 25 0
52 35 26 32 36 26 0
52 35 25 32 38 23 0
52 35 24 32 38 28 0
52 34 23 33 38 27 0
52 33 25 34 37 27 0
52 33 24 33 38 26 0
52 33 23 33 38 26 0
52 35 23 34 38 28 0
52 33 23 33 38 27 0
52 33 23 34 36 21 0
52 32 24 33 37 27 0
52 35 23 33 37 25 0
52 36 24 33 39 25 0
52 34 22 33 39 25 0
52 35 23 33 39 26 0
52 35 24 34 40 21 0
52 36 28 33 39 25 0
52 35 27 33 38 26 0
52 35 27 34 38 24 0
52 35 27 32 38 23 0
52 36 27 32 37 26 0
52 36 27 32 38 23 0
52 35 28 32 36 24 0
52 33 28 32 37 25 0
52 34 24 33 37 22 0
52 34 23 33 36 23 0
52 33 22 33 36 25 0
52 34 24 31 36 23 0
52 32 24 32 36 20 0
52 32 24 30 36 22 0
52 32 23 30 36 24 0
52 31 23 29 36 23 0
52 32 22 29 36 22 0
52 31 22 30 36 21 0
52 32 24 31 37 19 0
52 32 24 32 37 23 0
52 33 25 31 38 23 0
52 33 23 31 36 21 0
52 33 25 31 36 23 0
52 35 25 31 37 21 0
52 32 26 30 37 21 0
52 31 25 30 37 21 0
52 32 24 30 37 23 0
52 33 24 30 38 17 0
52 32 23 31 36 20 0
52 34 24 31 35 18 0
52 35 22 31 36 18 0
52 34 24 30 35 20 0
52 33 23 32 34 22 0
52 34 22 31 33 20 0
52 33 23 31 34 18 0
52 34 23 36 35 16 0
52 35 23 37 37 20 0
52 34 22 36 37 21 0
52 34 21 37 39 19 0
52 34 23 37 38 22 0
52 33 22 37 37 20 0
52 36 24 37 37 21 0
52 36 23 37 37 20 0
52 37 23 36 37 20 0
52 37 23 35 36 22 0
52 35 23 35 35 21 0
52 36 23 35 35 18 0
52 36 23 34 35 18 0
52 36 23 33 34 18 0
52 34 23 32 34 21 0
52 34 28 33 34 19 0
53 23 30 31 18 56 12
53 50 28 30 16 56 5
53 42 28 31 48 55 12
53 42 29 30 44 56 11
53 45 29 30 42 57 4
53 44 28 32 39 57 11
53 41 28 32 42 57 12
53 42 29 31 44 56 11
53 42 31 32 39 57 14
53 43 31 30 42 57 16
53 41 30 29 41 54 11
53 42 32 30 41 54 16
53 42 29 31 42 54 13
53 42 26 30 42 54 10
53 42 23 30 41 57 11
53 43 27 29 40 55 19
53 42 27 31 42 56 13
53 42 24 31 41 56 15
53 43 25 31 41 60 18
53 42 25 32 42 28 20
53 42 26 31 40 28 15
53 42 25 31 41 25 18
53 42 26 31 41 22 19
53 42 26 29 41 20 21
53 41 25 31 41 23 24
53 41 27 29 40 24 0
53 41 25 28 40 26 0
53 42 26 36 39 27 0
53 42 26 35 40 27 0
53 41 26 34 41 26 0
53 41 26 32 40 25 0
53 40 27 31 42 25 0
53 41 25 35 40 27 0
53 40 27 38 41 26 0
53 40 26 31 41 26 0
53 40 28 32 40 29 0
53 41 28 32 42 28 0
53 40 28 32 42 27 0
53 40 27 32 42 28 0
53 41 28 32 41 29 0
53 41 26 33 42 28 0
53 41 28 31 42 29 0
53 41 28 32 41 28 0
53 41 27 32 41 29 0
53 42 28 31 41 29 0
53 42 28 31 42 28 0
53 41 27 31 42 28 0
53 43 27 32 42 29 0
53 42 28 33 41 27 0
53 42 28 32 41 26 0
53 42 27 32 42 27 0
53 41 28 31 42 22 0
53 43 28 32 42 22 0
53 43 28 31 40 22 0
53 43 27 31 41 22 0
53 43 28 31 41 21 0
53 44 28 32 41 21 0
53 44 28 31 41 21 0
53 43 28 32 40 21 0
53 44 27 32 40 21 0
53 43 28 31 41 21 0
53 43 27 31 40 21 0
53 43 27 31 40 22 0
53 43 27 32 40 21 0
53 44 28 32 44 21 0
53 44 27 32 44 22 0
53 44 27 32 42 22 0
53 45 28 31 42 23 0
53 44 28 32 43 23 0
53 44 28 32 42 24 0
53 44 28 32 41 24 0
53 45 28 31 42 24 0
53 44 28 32 43 22 0
53 45 28 32 42 19 0
53 44 27 31 42 27 0
53 44 28 31 44 27 0
53 45 28 31 44 26 0
53 45 28 32 44 27 0
53 45 28 32 44 28 0
53 47 28 32 45 26 0
53 46 27 32 46 27 0
53 46 28 32 45 25 0
53 47 28 33 45 25 0
53 47 27 32 46 25 0
53 47 27 32 46 26 0
53 47 27 32 47 24 0
53 47 28 31 47 25 0
53 47 27 32 47 20 0
53 47 27 32 47 24 0
53 46 27 32 47 21 0
53 45 28 32 47 21 0
53 45 28 32 46 21 0
53 46 27 33 47 17 0
53 45 28 32 45 17 0
53 45 28 33 45 16 0
53 45 28 33 44 21 0
53 44 28 33 47 26 0
53 45 29 34 45 25 0
53 45 29 33 45 26 0
53 45 29 33 45 26 0
54 27 32 25 11 26 35
54 27 32 27 11 25 36
54 27 30 33 27 22 32
54 27 28 35 26 25 31
54 30 28 29 25 22 31
54 20 24 31 28 25 30
54 20 30 30 30 23 28
54 25 28 27 29 23 29
54 25 28 27 31 23 29
54 20 27 28 32 21 28
54 23 28 29 31 23 30
54 23 29 28 31 22 31
54 18 26 29 32 25 31
54 22 27 28 32 23 33
54 24 26 28 32 24 34
54 23 26 28 33 21 34
54 23 23 27 33 21 33
54 24 25 28 35 24 34
54 24 25 32 33 24 34
54 26 26 33 32 27 34
54 46 27 33 33 24 35
54 41 27 33 33 24 35
54 42 28 33 32 25 34
54 43 28 32 33 22 35
54 39 29 33 33 20 35
54 42 27 30 33 21 35
54 43 27 32 32 21 34
54 40 28 32 33 21 35
54 40 28 32 32 17 35
54 42 29 33 33 20 35
54 41 29 33 32 24 35
54 42 28 30 32 21 35
54 41 27 29 32 20 34
54 41 28 27 32 19 35
54 39 29 25 33 19 34
54 41 29 25 32 21 34
54 41 29 26 33 22 36
54 41 30 25 33 22 34
54 41 28 27 33 20 34
54 40 29 26 32 22 33
54 40 28 25 32 18 32
54 40 29 26 33 16 32
54 40 28 25 33 18 32
54 40 28 26 33 25 32
54 40 28 25 33 26 32
54 40 27 30 33 25 32
54 39 27 32 33 26 32
54 40 26 30 34 27 33
54 40 25 32 34 27 33
54 39 25 30 32 26 31
54 40 26 23 34 27 32
54 40 27 28 33 28 32
54 40 27 30 33 27 32
54 39 27 31 34 28 35
54 39 27 30 34 29 17
54 40 26 30 33 29 9
54 40 27 30 34 29 13
54 40 27 30 33 28 21
54 40 26 30 34 28 14
54 40 27 30 35 27 16
54 40 27 30 34 28 16
54 40 28 30 35 27 17
54 39 34 31 35 30 12
54 40 31 30 34 29 14
54 39 30 30 34 27 16
54 40 29 31 33 28 15
54 40 28 30 35 28 15
54 39 30 30 35 28 16
54 39 32 30 35 28 14
54 40 29 31 36 28 16
54 40 30 30 35 28 15
54 40 31 30 36 27 13
54 40 31 30 34 27 15
54 40 31 29 35 28 15
54 40 32 31 36 27 15
54 40 31 30 37 27 16
54 41 31 31 37 27 17
54 40 31 30 36 27 18
54 40 31 31 36 27 18
54 40 30 30 37 27 20
54 40 31 31 37 26 20
54 41 31 30 37 27 19
54 40 32 31 37 28 20
54 41 31 30 37 27 16
54 40 30 30 37 28 16
54 42 31 30 37 32 17
54 41 31 30 36 34 16
54 42 30 30 35 33 15
54 40 31 31 35 29 15
54 40 30 31 35 27 17
54 43 31 30 37 27 16
54 42 31 30 36 30 13
54 42 30 30 35 31 17
54 42 30 31 36 31 17
54 41 30 31 35 26 17
54 42 31 30 35 28 17
54 42 31 30 35 29 16
54 42 31 30 35 27 18
54 42 31 30 35 32 15
54 41 31 30 36 31 18
55 24 29 27 15 48 37
55 22 30 28 22 46 34
55 24 29 31 19 47 34
55 24 28 33 18 45 12
55 27 28 33 16 44 34
55 31 29 34 13 43 37
55 27 28 34 16 45 36
55 27 29 26 18 44 33
55 26 29 27 14 61 34
55 26 30 27 16 40 34
55 29 28 31 16 41 34
55 29 30 30 24 39 35
55 28 29 29 16 43 34
55 29 29 29 18 46 36
55 29 31 26 17 47 36
55 29 32 26 17 40 36
55 30 34 25 18 41 37
55 30 34 27 14 43 37
55 30 35 31 18 44 35
55 29 32 32 22 44 35
55 29 34 31 20 43 35
55 29 35 35 17 43 34
55 29 34 38 19 44 31
55 28 35 37 18 44 30
55 29 35 33 21 45 31
55 30 33 31 18 44 30
55 31 34 31 21 42 30
55 30 35 32 17 43 29
55 31 35 33 22 43 29
55 30 33 32 20 36 27
55 29 32 32 24 36 30
55 29 32 32 37 35 29
55 31 33 31 32 35 30
55 31 35 32 29 35 34
55 31 35 33 31 35 34
55 28 34 33 33 36 24
55 27 36 33 31 35 25
55 29 34 33 31 36 24
55 28 34 33 32 35 25
55 29 32 32 32 40 28
55 27 34 33 32 35 26
55 31 34 32 31 34 24
55 29 33 32 32 34 22
55 28 34 26 33 41 19
55 25 31 42 31 42 30
55 26 32 40 33 44 24
55 30 31 38 32 43 25
55 27 30 41 32 42 24
55 29 28 43 32 42 26
55 31 33 42 32 39 26
55 29 34 40 33 38 22
55 29 32 39 31 42 23
55 27 33 39 32 36 23
55 30 32 40 31 37 19
55 32 31 40 32 37 25
55 32 31 40 32 35 23
55 30 33 38 32 38 22
55 30 32 38 33 37 20
55 28 32 39 32 37 21
55 27 32 39 32 38 23
55 29 30 38 32 33 26
55 28 33 38 32 32 27
55 29 33 38 32 32 27
55 28 33 39 32 30 19
55 30 34 37 32 37 23
55 31 28 37 33 38 21
55 35 28 37 31 43 24
55 34 26 37 31 30 23
55 33 26 38 32 30 22
55 31 27 36 32 28 18
55 30 28 36 32 29 21
55 30 30 36 31 32 21
55 33 32 37 32 30 20
55 60 32 36 32 31 27
55 57 29 32 31 30 28
55 56 30 37 31 34 28
55 54 30 37 31 31 28
55 55 28 38 31 31 26
55 58 36 39 30 34 14
55 55 34 39 30 36 23
55 54 36 38 30 38 24
55 55 40 37 30 38 22
55 55 40 38 30 32 16
55 56 33 41 33 29 20
55 56 30 38 33 29 20
55 55 36 43 32 32 19
55 55 36 44 33 29 16
55 56 35 45 33 26 21
55 56 33 44 33 29 20
55 56 34 43 33 26 21
55 56 41 42 32 24 20
55 55 41 43 33 25 23
55 55 34 45 33 26 23
55 56 31 43 33 29 21
55 55 29 45 35 24 24
55 56 28 45 32 24 22
55 56 32 42 32 24 20
55 56 33 40 34 24 21
55 57 33 41 33 24 23
55 55 33 41 32 25 21
56 50 32 33 30 38 15
56 50 32 35 32 40 17
56 51 32 31 30 39 15
56 51 31 30 34 32 15
56 50 32 29 35 54 13
56 51 32 31 35 55 17
56 52 32 36 34 74 15
56 51 33 36 33 47 16
56 50 32 33 34 22 16
56 50 32 21 35 21 18
56 51 31 22 36 18 17
56 51 32 25 35 19 18
56 50 32 26 35 19 16
56 51 32 23 36 18 21
56 52 31 25 37 21 22
56 51 32 25 36 19 17
56 52 31 25 37 21 16
56 53 31 24 36 20 17
56 49 31 25 36 21 16
56 48 28 25 37 19 15
56 26 27 24 37 20 15
56 48 21 24 36 20 20
56 49 20 24 36 20 13
56 48 24 24 36 20 14
56 49 21 25 36 20 13
56 49 22 25 37 19 16
56 51 21 26 38 20 18
56 50 23 27 37 20 17
56 51 22 27 37 19 16
56 50 23 26 37 21 16
56 51 23 25 37 20 31
56 51 23 26 36 21 14
56 50 22 25 37 21 14
56 50 23 25 37 21 15
56 50 25 26 37 22 21
56 50 25 25 37 21 18
56 51 24 25 37 21 15
56 50 25 26 38 22 18
56 50 25 25 38 21 16
56 50 26 25 38 21 15
56 51 25 25 38 21 17
56 51 26 27 37 21 0
56 50 26 26 38 22 0
56 51 25 26 36 21 0
56 52 24 26 37 21 0
56 51 24 28 36 21 0
56 51 24 26 37 21 0
56 50 24 27 36 21 0
56 50 25 27 37 22 0
56 50 23 28 37 21 0
56 52 23 26 37 21 0
56 53 25 26 36 21 0
56 52 24 27 36 20 0
56 52 24 25 38 19 0
56 53 25 27 38 20 0
56 52 26 27 38 20 0
56 52 26 28 37 20 0
56 52 26 27 37 19 0
56 52 25 28 37 20 0
56 53 28 26 37 20 0
56 52 28 28 37 20 0
56 52 27 27 37 20 0
56 52 27 28 37 21 0
56 53 28 28 36 21 0
56 52 25 26 37 21 0
56 52 28 26 37 20 0
56 52 27 27 38 20 0
56 52 26 26 38 23 0
56 51 27 26 37 22 0
56 53 26 25 37 22 0
56 52 26 26 38 21 0
56 53 27 25 38 22 0
56 53 27 26 38 17 0
56 52 27 27 38 23 0
56 52 26 28 39 23 0
56 53 26 28 39 23 0
56 53 26 27 38 23 0
56 52 26 27 37 23 0
56 52 27 27 37 21 0
56 51 27 26 37 22 0
56 51 27 26 38 19 0
56 51 26 25 38 25 0
56 51 26 26 38 26 0
56 52 26 25 39 27 0
56 51 27 25 38 25 0
56 53 26 26 38 26 0
56 50 25 26 39 26 0
56 52 26 27 39 25 0
56 52 26 25 38 25 0
56 51 26 26 39 25 0
56 51 27 25 39 23 0
56 52 27 25 38 30 0
56 52 26 26 39 30 0
56 51 27 26 38 25 0
56 52 26 25 38 26 0
56 50 26 26 38 24 0
56 51 27 27 38 25 0
56 50 25 27 38 24 0
56 51 26 27 37 28 0
56 51 25 28 37 24 0
57 24 29 29 16 59 20
57 25 28 35 17 65 18
57 25 29 37 19 66 15
57 23 29 40 18 59 19
57 25 29 39 22 59 15
57 25 26 37 24 58 19
57 25 27 37 22 68 18
57 25 29 37 23 59 26
57 25 27 37 24 58 25
57 25 28 35 23 68 26
57 26 27 35 23 62 24
57 25 28 35 24 32 25
57 26 28 36 23 29 26
57 26 29 37 23 26 25
57 25 29 36 24 26 26
57 24 28 36 23 29 25
57 26 29 36 23 30 25
57 25 28 34 23 31 25
57 26 29 34 23 26 26
57 26 28 34 23 26 23
57 25 28 34 23 27 25
57 26 29 34 23 28 25
57 25 29 34 23 23 24
57 25 27 33 24 22 25
57 25 27 33 23 21 25
57 25 28 34 23 23 25
57 25 29 34 23 22 26
57 24 28 34 23 25 25
57 24 28 34 23 24 25
57 25 29 34 23 24 26
57 25 29 34 23 24 24
57 24 28 34 23 23 24
57 25 28 35 22 24 25
57 25 28 35 23 24 25
57 28 28 35 22 23 25
57 39 29 34 22 25 25
57 36 27 34 22 25 22
57 33 29 34 22 24 20
57 36 29 34 23 25 23
57 37 29 34 22 24 24
57 37 29 34 22 24 21
57 37 28 33 23 23 24
57 38 28 33 22 24 24
57 38 29 33 23 24 18
57 38 28 33 22 24 20
57 37 28 33 21 26 22
57 37 28 32 20 25 31
57 39 28 33 18 23 31
57 39 29 33 22 24 33
57 39 29 32 21 24 33
57 38 29 32 20 25 33
57 38 28 33 19 23 31
57 39 28 32 18 24 32
57 39 28 32 18 23 32
57 38 28 32 21 24 32
57 37 28 32 20 24 31
57 38 27 33 21 24 31
57 39 28 33 21 23 31
57 39 29 33 21 23 32
57 38 28 32 26 24 30
57 39 29 32 27 24 31
57 39 28 33 25 23 32
57 38 29 34 22 23 32
57 39 33 33 24 21 31
57 39 29 33 24 24 32
57 39 27 33 25 25 32
57 39 26 32 25 23 33
57 39 25 32 25 24 33
57 39 26 32 27 23 33
57 39 27 31 26 23 31
57 40 28 31 25 23 32
57 38 30 30 25 23 33
57 38 28 33 25 23 33
57 38 28 33 25 23 33
57 39 29 33 24 24 32
57 39 29 33 23 23 32
57 38 28 31 25 23 32
57 38 29 31 24 24 23
57 38 29 31 25 24 23
57 39 29 29 25 23 23
57 38 29 32 26 24 22
57 38 29 30 25 26 23
57 39 28 31 25 25 23
57 39 29 31 26 24 23
57 40 28 31 25 25 23
57 39 29 31 26 25 23
57 40 28 30 26 24 24
57 39 28 37 26 24 23
57 40 28 30 27 24 23
57 39 28 28 26 24 23
57 40 28 26 26 24 23
57 40 28 26 25 24 23
57 40 27 26 25 23 23
57 38 29 26 25 24 23
57 39 28 29 27 24 23
57 40 28 30 27 23 24
57 39 28 26 26 24 22
57 41 28 25 26 21 23
57 40 28 23 26 21 23
57 39 29 26 26 22 24
5 2 13 5 9 14 28
5 3 14 5 3 12 28
5 2 16 8 7 15 29
5 2 14 5 10 15 27
5 3 14 5 9 12 27
5 1 15 5 8 12 27
5 2 17 3 9 12 28
5 2 17 8 17 11 25
5 0 16 6 14 14 26
5 2 9 7 20 14 25
5 0 6 5 13 14 27
5 4 11 8 15 13 27
5 6 12 8 18 13 28
5 3 14 1 20 10 28
5 8 14 4 24 6 27
5 6 16 7 22 9 27
5 0 16 7 20 7 27
5 3 13 7 20 11 26
5 2 14 7 20 8 27
5 8 12 11 19 7 27
5 4 9 9 14 7 33
5 8 11 9 0 13 33
5 3 12 2 0 11 33
5 3 12 4 0 9 32
5 5 12 7 0 6 33
5 4 14 5 0 13 32
5 2 15 7 0 12 30
5 2 15 5 0 13 29
5 3 13 8 0 14 30
5 3 15 7 0 16 30
5 1 15 8 0 14 30
5 2 15 6 0 15 30
5 3 14 7 0 12 32
5 3 14 6 0 14 30
5 2 14 8 0 14 31
5 1 13 11 0 12 31
5 2 15 10 0 13 32
5 3 11 8 0 14 32
5 5 14 8 0 13 30
5 3 15 7 0 16 34
5 4 15 8 0 15 33
5 6 12 8 0 15 33
5 7 16 8 0 22 29
5 7 14 9 0 22 30
5 6 13 7 0 21 31
5 4 12 5 0 22 30
5 4 12 6 0 24 32
5 11 12 6 0 23 35
5 14 17 6 0 23 34
5 19 17 5 0 22 32
5 17 15 6 0 22 32
5 17 15 4 0 22 33
5 24 16 6 0 20 32
5 27 18 7 0 18 33
5 27 17 8 0 18 35
5 27 15 8 0 20 36
5 25 20 9 0 19 32
5 25 13 7 0 18 32
5 35 15 8 0 17 32
5 38 14 7 0 1 35
5 36 16 8 0 15 35
5 41 16 7 0 15 31
5 38 14 5 0 8 33
5 37 15 0 0 11 32
5 39 15 4 0 15 32
5 40 17 5 0 11 32
5 42 16 8 0 15 30
5 39 16 10 0 15 30
5 39 15 8 0 13 30
5 41 14 7 0 12 29
5 41 16 10 0 15 31
5 42 16 9 0 18 31
5 43 15 7 0 20 31
5 43 18 6 0 21 31
5 42 16 3 0 20 31
5 43 18 3 0 20 30
5 43 17 9 0 19 31
5 42 10 12 0 16 31
5 44 13 11 0 15 32
5 42 14 10 0 17 33
5 41 14 14 0 15 33
5 39 17 12 0 19 32
5 39 14 2 0 20 33
5 41 13 11 0 19 33
5 40 11 12 0 18 33
5 39 14 8 0 16 33
5 38 14 12 0 18 34
5 41 9 11 0 20 34
5 40 15 6 0 18 33
5 42 13 13 0 15 33
5 41 12 14 0 15 31
5 41 16 11 0 16 36
5 40 16 11 0 15 33
5 37 14 13 0 14 31
5 38 19 11 0 9 31
5 39 17 10 0 16 33
5 39 17 5 0 19 32
5 38 18 5 0 20 33
5 40 18 9 0 19 34
5 40 16 11 0 18 31
7 18 14 18 1 15 46
7 10 10 14 8 1 50
7 14 15 16 10 16 49
7 13 11 13 11 15 50
7 13 9 14 9 17 49
7 15 9 16 10 15 29
7 16 12 12 8 16 50
7 15 10 12 10 15 47
7 18 9 6 7 14 49
7 14 13 15 9 15 50
7 16 5 15 10 17 47
7 17 10 16 7 17 50
7 16 13 15 9 16 48
7 18 13 18 12 17 50
7 16 12 14 8 17 49
7 18 12 17 9 19 50
7 17 11 17 8 18 50
7 17 12 16 8 14 47
7 16 12 16 10 13 49
7 16 12 14 11 16 49
7 16 12 17 10 16 51
7 13 10 11 12 17 50
7 17 10 17 11 16 47
7 8 11 18 13 16 45
7 17 12 16 11 14 49
7 16 12 17 11 15 49
7 15 10 16 8 15 50
7 17 11 17 10 14 50
7 15 10 15 11 15 50
7 19 7 18 9 16 48
7 17 7 17 14 21 51
7 15 9 18 10 23 44
7 17 10 17 6 20 45
7 17 9 15 8 20 47
7 15 10 17 11 21 52
7 15 10 16 9 22 51
7 16 11 18 11 20 45
7 14 8 12 12 21 46
7 18 11 17 10 19 44
7 16 10 16 10 21 52
7 16 11 19 11 22 46
7 15 11 17 12 20 45
7 15 9 15 10 21 51
7 14 9 16 14 21 50
7 13 12 15 11 22 50
7 15 10 12 3 22 50
7 15 7 13 4 23 44
7 15 11 15 2 19 44
7 13 11 13 2 22 46
7 15 11 18 3 17 48
7 11 11 15 5 22 52
7 14 11 17 3 22 50
7 16 5 16 0 18 45
7 15 10 17 3 25 45
7 15 9 16 1 24 45
7 16 14 14 2 12 55
7 16 13 15 2 21 46
7 16 15 15 2 20 46
7 15 12 16 0 19 45
7 15 11 15 2 18 51
7 15 10 16 1 19 47
7 16 13 16 1 22 48
7 16 9 15 1 23 46
7 16 5 16 0 22 45
7 17 15 16 2 25 52
7 17 12 11 0 25 47
7 17 12 16 2 25 46
7 15 11 16 0 24 45
7 15 10 15 2 24 51
7 16 10 15 2 23 51
7 15 12 16 2 24 44
7 16 6 15 2 22 44
7 17 6 18 4 23 47
7 15 11 16 2 23 50
7 15 11 16 1 22 45
7 18 17 16 3 21 46
7 17 13 17 3 22 45
7 15 16 7 2 22 51
7 17 13 15 2 22 51
7 14 14 16 2 21 45
7 10 17 14 5 13 46
7 16 16 17 1 16 49
7 17 16 17 3 18 52
7 16 17 17 4 20 50
7 16 16 16 4 19 50
7 16 19 18 3 22 44
7 18 16 17 3 22 46
7 17 18 17 0 22 46
7 17 17 12 1 19 50
7 15 17 16 3 20 44
7 17 16 19 1 19 45
7 16 16 16 2 23 46
7 16 11 16 2 22 46
7 14 16 17 2 21 49
7 14 14 15 2 23 51
7 17 15 18 2 20 48
7 16 14 16 1 22 44
7 16 3 15 3 22 45
7 14 5 15 3 21 45
7 14 13 15 3 21 47
8 15 10 17 3 25 44
8 5 5 18 0 27 45
8 6 10 19 3 25 45
8 7 9 17 5 25 45
8 6 11 16 2 27 46
8 8 7 19 5 24 45
8 10 10 17 10 25 46
8 11 11 16 5 26 45
8 10 9 14 7 23 46
8 11 9 12 2 24 46
8 9 12 18 6 23 46
8 3 10 9 5 24 45
8 10 10 11 5 24 46
8 10 11 10 7 22 46
8 8 10 8 9 24 45
8 5 11 6 8 24 45
8 8 10 10 6 25 46
8 8 11 9 6 25 45
8 8 13 10 9 26 45
8 3 10 6 8 22 45
8 9 11 11 6 23 45
8 9 11 8 5 24 46
8 10 10 7 7 25 45
8 9 10 10 7 23 43
8 8 7 11 9 24 44
8 8 8 8 4 23 44
8 13 10 8 10 23 45
8 7 10 11 9 25 44
8 9 7 9 4 25 45
8 3 8 12 9 24 45
8 5 8 9 8 25 45
8 9 10 8 9 23 44
8 6 11 14 4 25 45
8 5 9 10 9 26 44
8 8 10 9 8 21 46
8 8 9 10 10 29 45
8 7 10 8 8 29 45
8 9 9 9 6 24 45
8 8 10 9 10 23 44
8 9 9 9 7 26 45
8 6 11 9 8 26 45
8 7 10 11 7 26 44
8 9 11 8 7 25 46
8 9 10 10 5 27 44
8 3 4 12 13 27 45
8 7 9 10 12 28 46
8 4 11 9 12 27 45
8 10 11 9 9 29 46
8 6 11 8 10 27 44
8 7 9 10 15 25 43
8 7 11 8 13 26 44
8 7 10 9 7 25 45
8 8 10 8 8 21 44
8 9 11 9 8 25 44
8 7 11 9 7 21 45
8 5 12 10 9 25 45
8 6 8 9 11 23 45
8 6 8 8 12 24 45
8 4 10 10 8 24 46
8 7 8 8 8 25 45
8 6 9 10 5 26 44
8 5 11 9 13 25 44
8 5 9 11 12 26 45
8 5 12 12 12 24 45
8 6 11 9 14 26 45
8 5 11 11 13 27 49
8 8 11 9 13 24 45
8 5 10 9 8 25 45
8 7 11 10 7 26 45
8 5 11 11 8 27 47
8 7 12 10 11 27 43
8 8 11 7 10 25 45
8 8 11 10 12 25 39
8 4 12 7 11 25 36
8 9 9 8 11 26 33
8 7 13 9 12 27 32
8 7 14 6 13 26 35
8 8 13 5 11 26 32
8 8 12 10 14 25 34
8 8 14 6 11 26 35
8 9 14 10 12 25 35
8 8 11 9 12 26 38
8 2 12 8 10 26 38
8 8 14 7 11 25 37
8 8 10 9 11 26 36
8 9 14 10 6 25 41
8 9 12 8 5 25 34
8 9 11 9 8 25 34
8 9 12 6 7 26 35
8 14 16 9 9 25 39
8 9 11 7 9 24 34
8 8 12 7 9 25 33
8 8 13 7 6 25 34
8 7 11 9 4 24 32
8 10 13 10 7 24 34
8 8 12 7 8 25 34
8 7 12 8 7 24 33
8 7 14 8 8 23 31
8 11 11 9 10 23 35
8 3 14 9 8 24 36
9 21 16 24 4 32 46
9 22 14 19 7 30 42
9 22 15 13 6 27 40
9 23 15 16 6 25 41
9 15 15 18 5 31 41
9 20 17 14 8 33 43
9 22 19 17 6 32 38
9 17 18 20 8 32 38
9 21 20 19 7 28 41
9 26 18 19 7 30 44
9 23 18 19 3 34 39
9 23 16 12 3 27 40
9 22 14 18 7 28 42
9 18 16 18 6 30 38
9 23 19 18 4 34 40
9 16 16 14 6 27 40
9 22 16 16 5 35 40
9 24 11 19 6 35 42
9 25 17 20 6 34 40
9 9 14 14 5 27 40
9 22 14 17 7 27 41
9 23 18 20 5 32 40
9 24 11 20 6 32 41
9 16 18 20 5 28 41
9 26 8 21 5 28 42
9 25 16 20 4 24 41
9 25 16 22 5 26 41
9 26 16 17 7 26 40
9 26 13 20 6 29 40
9 26 14 17 6 27 41
9 29 15 21 6 29 41
9 24 13 16 6 30 42
9 28 16 17 8 26 34
9 28 12 15 6 26 35
9 26 13 17 5 31 33
9 29 13 15 6 29 34
9 15 15 15 7 30 34
9 22 13 11 5 33 39
9 23 13 16 11 32 39
9 21 12 17 5 26 42
9 21 12 16 11 28 41
9 10 12 16 13 27 38
9 18 15 15 9 26 39
9 19 13 15 6 29 38
9 15 15 14 7 33 38
9 15 13 15 7 32 37
9 17 13 13 5 28 38
9 15 14 16 4 31 38
9 24 13 16 6 32 36
9 25 14 13 7 32 37
9 21 10 13 8 30 37
9 17 11 10 8 31 39
9 17 16 12 7 26 38
9 21 17 15 2 28 39
9 19 17 15 2 26 40
9 19 14 16 5 26 37
9 19 14 17 6 30 39
9 21 17 18 7 32 36
9 22 18 17 5 27 38
9 23 19 16 9 31 35
9 22 15 15 1 26 35
9 20 13 17 8 28 39
9 23 13 13 8 32 37
9 25 15 13 5 29 34
9 23 11 12 6 29 35
9 25 12 16 7 28 36
9 14 10 15 7 29 34
9 21 12 14 8 30 35
9 21 12 20 10 29 35
9 22 13 19 9 31 36
9 19 14 20 9 32 37
9 22 4 19 1 31 38
9 21 9 16 8 29 40
9 12 13 16 2 29 40
9 17 10 15 7 29 37
9 17 10 16 7 30 31
9 19 10 17 10 29 33
9 20 10 10 11 31 33
9 22 11 11 9 31 33
9 22 11 14 10 31 31
9 17 11 18 10 31 33
9 16 9 17 10 31 32
9 27 13 19 11 31 39
9 21 13 12 10 31 38
9 21 11 14 11 31 36
9 21 11 14 9 30 36
9 18 11 12 8 29 37
9 22 8 12 10 29 37
9 22 9 9 6 27 37
9 22 12 12 6 29 37
9 21 13 12 9 26 37
9 13 11 12 9 25 34
9 22 14 11 8 25 35
9 22 13 16 10 25 35
9 21 12 15 10 26 34
9 20 11 15 4 27 34
9 24 13 20 6 28 33
9 24 12 14 3 30 34
9 22 10 14 8 28 33
9 22 12 14 5 28 34
