6 16
6 16
6 16
16 16
16 16
16 16
16 16
6 16
6 16
16 16
16 16
16 16
16 16
16 16
16 16
6 16
6 16
16 16
6 16
6 16
6 16
16 16
6 16
16 16
16 16
6 16
6 16
6 16
6 16
6 16
6 16
6 16
6 16
6 16
6 16
6 16
6 16
6 16
6 16
6 16
6 16
6 16
6 16
6 16
6 16
16 16
10 16
6 16
6 16
6 16
16 16
16 16
16 16
16 16
6 16
6 16
6 16
6 16
6 16
6 16
10 16
10 10
10 16
10 16
10 16
10 16
10 10
16 16
10 10
10 10
10 10
10 10
10 16
10 16
10 16
16 16
10 16
10 16
10 16
16 16
16 16
16 16
16 16
16 16
16 16
16 16
16 16
16 16
16 16
16 10
10 10
10 16
16 16
16 16
16 16
16 16
10 16
10 16
10 10
10 16
10 10
16 16
16 16
16 16
16 16
10 10
16 16
10 10
10 10
16 16
10 16
10 10
10 10
16 10
10 10
10 10
10 10
10 10
10 10
10 10
10 10
10 10
10 10
10 10
10 10
10 10
10 16
10 16
16 16
16 16
10 16
16 16
16 16
16 16
16 16
16 16
16 16
16 16
16 16
10 16
10 16
10 16
10 16
16 16
10 10
10 10
10 10
10 16
10 16
10 10
10 10
16 16
16 16
16 16
16 16
10 16
10 16
16 16
10 16
10 16
10 16
10 16
10 16
10 16
10 10
10 10
10 10
10 10
10 10
10 10
10 10
10 10
10 10
10 10
10 16
10 10
10 10
10 10
16 16
16 16
16 16
10 10
10 16
10 10
10 10
10 16
10 16
16 16
10 10
10 16
10 10
10 16
10 16
10 10
10 10
10 10
16 16
10 10
10 10
10 16
10 10
10 26
10 26
10 26
10 10
10 26
10 26
10 10
10 26
10 10
10 26
10 26
10 10
10 10
10 26
10 10
10 10
10 10
10 10
10 10
10 10
10 10
10 10
10 10
10 10
10 10
10 10
10 10
10 10
10 10
10 10
10 10
10 10
10 10
10 10
10 10
10 10
10 10
10 10
10 10
10 10
10 10
10 10
10 10
10 10
10 10
10 10
10 10
10 10
6 6
10 6
10 10
10 10
10 10
10 10
10 10
10 10
10 10
10 10
10 10
10 10
10 10
6 6
10 10
10 10
10 10
10 10
10 10
10 10
10 10
10 10
10 10
10 10
10 10
10 10
10 10
10 0
10 6
6 6
6 6
6 6
6 6
6 6
10 10
10 10
10 10
10 0
10 0
6 6
0 0
10 10
10 10
10 10
10 10
10 10
10 10
10 10
10 10
10 10
10 10
10 10
6 6
6 6
6 6
6 6
6 6
6 6
6 6
6 6
6 6
6 6
6 6
6 6
6 6
10 10
6 10
6 6
6 6
10 10
6 10
6 10
6 10
6 10
6 10
6 6
6 10
6 10
6 6
10 10
6 10
6 10
6 10
6 10
6 10
6 10
6 10
6 10
6 6
10 10
6 10
6 10
6 10
6 10
6 10
6 10
6 10
10 0
6 10
10 0
10 10
10 6
10 6
10 0
10 10
6 6
6 6
6 0
6 0
6 6
6 6
6 6
6 6
6 10
6 10
6 10
6 10
6 6
6 10
6 10
6 6
6 10
6 10
6 6
6 10
6 6
6 6
6 6
6 6
6 10
6 10
6 10
6 10
6 10
6 10
6 10
6 10
6 10
6 10
6 10
6 10
6 10
6 10
6 10
6 10
6 10
6 10
6 10
6 10
6 10
6 10
0 0
0 0
0 0
0 0
0 0
0 0
0 0
0 0
0 30
0 0
0 0
0 0
0 0
0 0
0 0
0 0
0 0
0 0
0 0
0 0
0 0
0 0
0 0
0 0
0 0
0 17
0 0
0 0
0 0
0 0
0 0
0 0
0 0
0 0
0 17
0 0
0 0
0 0
0 0
0 0
0 0
0 0
0 0
10 6
10 0
10 0
10 6
10 0
10 0
0 0
0 0
0 0
0 0
0 0
10 0
0 0
0 0
0 0
0 0
0 0
0 0
0 0
0 10
10 6
0 0
0 0
0 0
0 6
10 0
10 10
10 0
10 6
10 0
10 10
10 0
10 10
10 6
10 10
10 6
10 0
10 0
10 6
0 0
10 0
10 10
10 10
10 0
10 0
10 6
10 10
10 6
10 0
10 0
10 0
10 6
10 0
10 6
10 0
0 0
10 6
10 6
10 0
10 0
10 0
10 10
10 10
10 6
10 10
10 0
10 0
10 0
10 6
10 6
10 6
10 6
10 6
10 10
10 6
10 6
10 6
10 6
10 6
10 6
10 6
10 10
0 6
0 6
0 10
0 10
0 10
0 6
0 0
0 0
0 10
0 0
0 0
0 0
0 0
0 0
0 0
0 0
0 0
0 0
0 0
0 0
0 0
0 0
0 0
0 0
0 0
0 0
0 0
0 0
0 0
0 0
0 0
0 0
0 0
0 0
0 0
0 0
0 0
0 0
0 0
0 0
0 0
0 0
0 0
0 0
0 0
0 0
0 0
0 0
0 0
0 0
0 0
0 0
0 0
0 0
0 0
0 0
0 0
0 0
0 0
0 0
0 0
0 0
0 0
0 0
0 0
0 0
0 0
0 0
0 0
0 0
0 0
0 0
0 0
0 0
0 0
9 6
9 6
9 6
9 6
9 6
9 6
9 6
9 6
9 9
9 9
9 9
9 9
9 9
9 9
9 9
9 9
19 9
19 9
19 9
19 9
19 9
19 13
19 9
19 9
19 9
19 19
9 9
19 9
9 9
19 9
19 9
19 9
19 9
19 9
19 9
19 9
9 9
9 9
9 9
9 9
9 9
9 9
9 9
9 9
9 9
9 9
9 9
9 9
9 9
9 9
9 9
9 9
9 9
9 9
9 9
9 9
9 9
9 9
9 9
9 9
9 9
9 9
9 9
9 9
9 9
9 9
9 9
9 9
9 9
9 9
9 9
9 9
9 9
9 9
9 9
9 9
9 9
9 9
9 9
9 9
9 9
9 9
9 9
9 9
9 9
9 9
9 9
9 9
9 9
9 9
9 9
9 9
9 9
9 9
9 9
9 9
9 9
9 9
9 9
9 9
9 9
9 9
9 9
9 9
9 9
9 9
9 9
9 9
9 9
9 9
9 9
9 9
9 9
9 9
9 9
9 9
9 9
9 9
9 9
9 9
9 9
9 9
9 9
9 9
9 9
9 9
9 9
9 9
9 9
9 9
9 9
9 9
9 9
9 9
9 9
9 9
9 9
9 9
9 9
9 9
9 9
9 9
9 9
9 9
9 9
9 9
9 9
9 9
9 9
9 9
9 9
9 9
9 9
9 9
9 9
9 9
9 9
9 9
9 9
9 9
9 9
9 9
9 9
9 9
9 9
9 9
9 9
9 9
9 9
9 9
9 9
9 9
9 9
9 9
9 9
9 9
9 9
9 9
19 9
9 9
9 9
9 9
9 9
9 9
9 9
9 9
9 9
9 9
9 9
9 9
9 9
9 9
9 9
9 9
9 9
9 9
9 9
9 9
9 9
9 9
11 7
11 7
11 7
11 9
11 7
11 7
11 11
11 11
11 11
11 11
11 9
11 9
11 22
11 9
11 9
11 22
11 11
11 11
11 11
11 11
11 11
11 11
11 9
11 11
11 11
11 11
11 11
11 11
11 11
11 11
11 11
11 11
11 11
11 11
11 11
11 11
11 11
11 11
11 11
11 11
11 11
11 11
11 11
11 11
11 11
11 11
11 11
11 11
11 11
11 11
11 11
11 11
11 11
11 11
11 11
11 11
11 11
11 11
11 11
11 11
11 11
11 11
11 11
11 11
11 11
11 11
11 11
11 11
11 11
11 11
11 11
11 11
11 11
11 11
11 11
11 11
11 11
11 11
11 11
11 11
11 11
11 11
11 11
11 11
11 11
11 11
11 11
11 11
11 11
11 11
11 11
11 11
11 11
11 11
11 11
11 11
11 11
11 11
11 11
11 11
11 11
11 11
11 11
11 11
11 11
11 11
11 11
11 11
11 11
11 11
11 11
11 11
11 11
11 11
11 11
11 11
11 11
11 11
11 11
11 11
11 11
11 11
11 11
11 11
11 11
11 11
11 11
11 11
11 11
11 11
11 11
11 11
11 11
11 11
11 11
11 11
11 11
11 11
11 11
11 11
11 11
11 11
11 11
11 11
11 11
11 11
11 11
11 11
11 11
11 11
11 11
11 11
11 11
11 11
11 11
11 11
11 11
11 11
11 11
11 11
11 11
11 11
11 11
11 11
11 11
11 11
11 11
11 11
11 11
11 11
11 11
11 11
11 11
11 11
11 11
11 11
11 11
11 11
11 11
11 11
11 11
11 11
11 9
11 11
11 11
11 11
11 11
11 11
11 11
11 11
11 11
11 11
11 11
11 11
11 11
11 11
11 11
11 11
11 11
11 11
17 15
17 15
17 15
17 17
17 17
26 17
17 18
17 15
17 15
17 15
26 15
16 17
16 17
16 6
17 17
17 17
17 17
17 17
17 6
17 17
17 17
17 17
17 17
17 17
17 17
17 17
17 17
17 17
17 17
17 17
17 17
16 17
17 17
17 17
17 17
17 6
17 17
17 17
16 17
16 17
17 17
17 17
17 17
16 6
17 17
17 17
17 17
17 17
17 17
17 17
17 17
17 17
17 17
17 17
17 17
17 17
16 17
16 17
17 17
17 17
17 17
17 17
17 17
6 6
16 6
16 6
17 17
17 17
17 17
17 17
17 17
17 17
17 17
17 17
17 17
17 17
17 17
17 6
17 17
17 17
17 17
17 17
17 17
17 17
17 17
17 17
17 17
17 17
17 6
17 6
6 6
17 17
17 17
17 17
17 6
17 6
17 6
17 6
6 6
6 6
6 6
6 6
17 6
17 6
17 6
17 17
17 6
17 6
17 6
17 6
17 17
17 6
17 6
17 6
6 6
6 6
6 6
16 6
17 6
17 6
17 6
17 6
17 17
17 17
17 6
17 6
17 6
17 17
17 6
17 6
17 6
17 6
17 6
17 0
17 0
17 6
17 6
6 0
17 6
17 6
17 17
17 6
17 6
17 6
17 6
6 0
17 6
6 6
6 6
6 6
6 6
6 0
6 6
6 6
6 6
6 6
6 0
6 6
6 6
6 6
6 6
6 6
17 6
17 6
6 0
6 6
17 6
6 6
6 6
6 6
17 6
17 6
6 6
6 6
6 6
17 6
6 6
6 6
6 0
6 6
6 6
6 6
6 6
6 6
6 6
6 6
6 6
6 6
6 6
6 6
6 0
6 6
17 17
17 6
6 6
17 17
6 6
6 6
6 6
16 17
16 0
0 0
0 0
0 0
0 0
0 0
0 0
0 0
0 0
0 0
0 6
16 0
16 0
16 0
0 0
0 0
0 0
16 0
0 0
0 0
0 0
0 0
0 0
0 0
16 15
16 26
16 15
16 15
16 26
0 0
16 16
16 0
16 0
16 16
16 26
16 15
0 15
0 0
16 25
16 0
16 26
16 26
0 26
0 0
16 26
16 26
16 26
6 16
16 16
16 16
16 16
16 16
16 16
16 16
16 16
16 16
16 16
16 16
16 16
16 16
0 0
16 16
16 16
16 0
16 16
16 16
16 16
16 16
16 16
16 16
16 0
16 16
16 16
16 0
16 0
16 16
16 16
16 16
16 0
16 16
16 0
16 0
16 16
16 16
16 16
16 16
0 0
16 0
16 0
16 0
16 0
16 0
16 0
0 0
16 16
0 16
16 16
16 16
6 16
6 16
6 16
6 16
16 16
6 16
6 16
16 16
6 16
16 16
6 16
16 16
16 16
16 16
16 16
16 16
16 16
16 16
16 16
16 16
16 16
16 16
16 16
16 16
16 16
6 16
16 16
16 16
16 16
16 16
16 16
16 16
16 16
16 16
16 16
6 16
16 16
16 16
16 16
16 16
16 16
16 16
16 16
16 16
16 16
16 16
16 16
16 16
16 16
16 16
16 16
16 16
16 16
16 16
16 16
16 16
16 16
16 16
16 16
16 16
16 16
16 16
16 16
16 16
16 16
16 16
16 16
16 16
16 16
16 16
16 16
16 16
16 16
16 16
16 16
16 16
16 16
16 16
16 16
16 16
16 16
16 16
16 16
16 16
16 16
16 16
16 16
16 16
16 16
16 16
16 16
16 16
16 16
16 16
16 16
16 16
16 16
16 16
16 16
16 16
16 16
16 16
0 12
0 10
0 12
0 12
0 19
0 12
0 0
0 12
0 12
0 12
0 19
0 12
0 12
0 12
0 19
0 19
0 0
0 0
0 0
0 0
0 0
0 0
0 0
0 0
0 0
0 0
0 0
0 0
0 0
0 0
0 0
0 0
0 0
0 0
0 0
0 0
0 12
0 12
0 0
0 0
0 12
0 12
0 12
0 12
0 10
0 12
0 12
0 12
0 12
0 12
0 12
0 12
0 12
0 12
0 12
0 12
0 12
0 12
0 12
0 12
0 12
0 12
0 12
0 12
0 12
0 19
0 19
0 12
0 12
0 12
0 12
0 19
0 19
0 19
0 19
0 12
0 12
0 12
0 12
0 19
0 19
0 12
0 12
0 12
0 12
0 12
0 19
0 12
0 12
0 12
0 12
0 12
0 19
0 19
0 19
0 19
0 12
0 12
0 12
0 12
0 12
0 12
0 12
0 12
0 12
0 12
0 19
0 12
0 12
0 12
0 12
0 12
0 12
0 12
0 12
0 12
0 12
0 12
0 12
0 12
0 12
0 12
0 12
0 12
0 12
0 12
0 12
0 12
0 12
0 10
0 12
0 0
0 12
0 12
0 0
0 12
0 12
0 12
0 12
0 12
0 12
0 12
0 12
0 12
0 12
0 12
0 12
0 12
0 12
0 12
0 0
0 12
0 0
0 0
0 0
0 12
0 12
0 12
0 12
0 12
0 12
0 12
0 12
0 12
10 12
0 12
0 12
0 12
0 12
0 12
0 12
0 12
0 12
0 12
0 12
0 12
0 12
0 12
0 12
0 12
0 12
0 12
0 12
0 12
0 12
0 12
0 12
0 12
0 0
0 12
0 12
0 0
0 12
0 12
0 12
0 12
0 12
0 12
0 12
0 12
16 16
12 16
16 16
16 16
16 16
12 16
16 16
16 16
16 16
16 16
12 16
16 16
16 16
16 16
16 16
12 16
16 16
16 16
12 12
12 16
16 16
12 16
12 12
12 16
12 16
12 16
12 16
12 16
12 16
12 16
12 16
12 16
12 16
12 16
12 16
12 16
12 16
12 16
12 16
12 16
12 16
12 16
12 12
12 16
12 12
12 12
12 16
12 12
12 12
12 12
12 12
12 12
12 12
12 12
12 16
12 12
12 16
12 12
12 12
12 16
12 16
12 16
12 16
12 16
12 16
12 16
12 16
12 16
12 16
12 16
15 16
12 16
12 16
12 16
15 16
15 16
12 16
12 16
15 16
12 16
12 16
15 16
12 16
15 16
12 16
15 16
12 16
12 16
15 16
15 16
15 16
15 16
15 16
15 16
15 16
15 16
15 16
15 16
15 16
12 12
12 12
12 12
12 12
12 12
12 12
12 12
12 12
12 12
12 12
12 12
12 12
12 16
12 12
12 12
12 12
12 12
12 12
12 12
12 12
12 12
12 12
12 12
12 12
12 12
12 12
12 12
12 12
12 12
12 12
12 12
12 12
12 12
12 12
12 12
12 12
12 12
12 12
12 12
12 12
12 12
12 16
12 12
12 12
12 12
12 16
12 12
12 12
12 12
12 12
12 12
12 16
12 16
12 12
12 12
12 12
12 12
12 12
12 12
12 12
12 12
12 12
12 12
12 12
12 12
12 12
12 12
12 12
12 12
12 12
12 12
12 12
12 12
12 12
12 12
12 12
12 12
12 12
12 12
12 12
12 12
12 12
12 12
12 12
12 12
12 12
12 12
12 12
12 12
12 12
12 12
12 12
12 12
12 12
12 12
12 12
12 12
12 12
12 16
12 16
12 16
22 22
22 22
22 22
22 22
22 22
22 22
22 21
22 21
22 22
22 22
22 22
22 22
22 22
22 22
22 22
12 0
12 0
12 0
12 0
22 22
12 21
12 0
12 0
12 0
12 0
12 21
12 0
12 0
12 29
12 21
12 29
12 21
12 21
12 29
12 29
12 29
12 29
12 21
12 21
12 21
12 21
12 21
12 21
12 21
12 21
12 21
12 21
12 21
12 21
12 21
12 21
12 21
12 21
12 21
12 21
12 21
12 21
12 21
12 21
12 21
12 21
12 21
12 21
12 21
12 21
12 21
12 21
12 21
12 21
12 21
12 21
12 21
12 0
12 0
12 21
12 0
12 21
12 21
12 21
12 21
12 21
12 21
12 21
12 21
12 21
12 21
12 21
12 0
12 0
12 0
12 0
12 0
12 0
12 0
12 0
12 0
12 0
12 0
12 0
12 0
12 0
12 0
12 0
12 0
12 0
12 0
12 0
12 0
12 0
12 0
12 0
12 0
12 0
12 0
12 0
12 0
12 0
12 0
12 0
12 0
12 0
12 0
12 0
12 0
12 0
12 0
12 0
12 0
12 0
12 0
12 0
12 0
12 0
12 0
12 0
12 0
12 0
12 0
12 0
12 0
12 0
12 0
12 0
12 0
12 0
12 12
12 0
12 0
12 0
12 0
12 0
12 0
12 0
12 0
12 20
12 20
12 0
12 0
12 12
12 12
12 12
20 12
12 12
12 20
12 20
12 20
12 20
12 20
12 20
12 20
12 20
12 20
12 20
12 20
12 20
12 20
12 20
12 20
12 20
12 20
20 20
12 20
12 20
12 20
12 20
12 0
12 20
12 20
12 20
12 20
12 20
12 20
12 29
12 29
12 20
12 20
12 20
12 20
12 20
12 20
18 6
18 6
18 6
18 6
18 6
18 6
18 6
18 6
18 6
18 6
18 6
18 6
18 6
18 6
18 6
18 6
18 6
18 6
18 6
18 6
18 6
18 6
18 6
18 6
18 6
18 6
18 6
18 6
18 6
18 6
18 6
18 6
18 6
18 6
18 6
18 6
18 6
18 6
18 6
18 6
18 6
18 6
18 6
18 6
18 6
18 6
18 6
18 6
18 6
18 6
18 6
18 6
18 6
18 6
18 6
18 6
18 6
18 6
18 6
18 6
18 6
18 6
18 6
18 6
18 6
18 6
18 6
18 6
18 6
18 6
18 6
18 6
35 6
35 29
18 29
35 29
35 29
35 29
35 29
35 29
35 29
35 29
35 29
35 29
35 29
35 29
35 29
35 29
35 29
35 29
35 29
35 29
35 29
35 29
35 29
35 29
35 29
35 29
35 29
35 29
35 29
35 29
35 29
35 29
35 29
35 29
35 29
35 29
35 29
35 29
35 29
35 29
35 29
35 29
35 29
35 29
35 29
35 29
35 29
35 29
35 29
35 29
35 29
35 29
35 29
35 29
35 29
35 29
35 29
35 29
35 29
35 29
35 29
35 29
35 29
35 29
35 29
35 29
35 29
35 29
35 29
35 29
35 29
35 29
35 29
35 29
35 29
35 29
35 29
35 29
35 29
35 29
35 29
35 29
35 29
35 29
35 29
35 29
35 29
35 29
35 29
35 29
35 29
35 29
35 29
35 29
35 29
35 29
35 29
35 29
35 29
35 29
35 29
35 29
35 29
35 29
35 29
35 29
35 29
35 29
35 29
35 29
35 29
35 29
35 29
35 29
35 29
35 29
35 29
35 6
18 6
35 6
35 29
18 6
18 6
18 29
18 29
18 29
18 29
18 29
26 26
26 26
26 26
26 26
26 26
26 5
16 5
26 26
26 26
26 26
16 31
16 5
16 31
16 5
16 5
16 5
16 5
16 5
16 5
16 5
16 5
16 5
16 5
16 5
16 31
16 31
16 5
16 5
16 5
16 5
16 5
16 5
16 5
16 5
16 5
16 5
16 5
16 5
16 5
16 5
16 5
16 5
16 5
16 5
16 5
16 5
16 5
16 31
16 5
16 5
16 5
16 5
16 5
16 5
16 5
16 5
16 5
16 5
16 5
16 5
16 5
16 5
16 5
16 5
16 5
16 5
16 5
16 5
16 5
16 5
16 5
16 5
16 5
16 5
16 5
16 5
16 5
16 5
16 5
16 5
16 5
16 5
16 5
16 5
16 5
16 5
16 5
16 5
16 5
16 5
16 5
16 5
16 5
16 5
16 5
16 5
16 5
16 5
16 5
16 5
16 5
16 5
16 5
16 5
16 5
16 5
16 5
16 25
16 5
16 5
16 5
16 5
16 5
16 5
16 5
16 5
16 5
16 5
16 5
16 5
16 5
16 5
16 5
16 5
16 5
16 5
16 5
16 5
16 5
16 25
16 25
16 5
16 5
16 5
16 5
16 5
16 5
16 5
16 5
17 5
17 5
16 5
12 5
17 5
12 5
16 25
16 5
16 25
16 5
16 5
12 5
12 5
12 5
12 5
12 5
12 5
16 5
16 5
16 5
16 5
16 5
16 5
16 5
16 5
16 5
16 5
16 25
16 5
16 5
16 5
16 5
16 5
16 5
16 5
16 5
16 5
16 5
16 5
16 5
16 5
16 5
16 5
16 5
16 5
16 5
16 5
16 5
16 5
16 5
16 5
16 5
16 5
16 5
16 5
16 5
16 5
16 5
16 5
16 5
16 5
5 5
5 12
5 5
5 12
5 5
5 12
5 12
5 12
5 12
5 12
5 12
5 12
5 12
5 12
5 12
5 12
5 12
5 12
5 12
5 12
5 12
5 21
23 21
5 21
23 21
23 21
23 21
23 21
23 21
23 21
23 21
23 21
23 21
23 21
5 21
23 21
23 21
23 21
23 21
23 21
23 21
23 21
23 21
5 21
5 21
5 21
5 21
5 21
5 21
5 21
5 21
5 21
5 21
5 21
5 21
5 21
5 21
5 21
5 21
5 21
5 21
5 21
5 21
5 21
5 21
5 21
5 21
5 21
5 9
5 21
5 21
5 21
5 21
14 21
14 21
5 21
23 21
5 21
23 21
5 21
5 21
5 21
5 21
5 21
5 21
5 21
5 21
23 21
5 21
5 17
5 9
5 9
5 9
17 6
5 6
17 6
5 6
5 6
5 6
5 6
5 6
5 17
5 17
17 6
17 6
17 6
17 6
17 6
17 6
17 6
17 6
17 6
17 6
6 6
6 6
6 6
6 6
17 6
17 6
6 6
6 17
6 6
5 6
6 6
6 6
6 6
6 6
6 6
6 6
6 17
6 17
6 9
6 9
6 9
6 6
6 6
6 6
6 6
6 6
6 9
6 6
6 6
6 6
6 6
6 6
6 6
6 6
6 6
6 6
6 6
6 9
5 9
6 9
5 9
5 9
5 9
5 9
5 9
6 9
6 9
5 9
5 9
6 9
5 9
6 9
9 9
9 9
9 9
5 9
5 9
9 9
9 9
5 9
5 9
9 9
9 9
5 9
5 9
6 9
6 9
6 9
6 9
6 9
5 9
5 9
5 9
6 9
6 17
6 9
5 9
9 9
5 9
5 9
6 9
6 9
6 9
5 9
6 9
6 9
5 9
23 23
23 12
23 12
23 12
23 12
23 12
23 12
23 36
23 12
23 12
23 12
23 22
23 22
23 22
23 12
23 12
23 12
23 12
23 12
23 12
23 22
23 22
23 22
23 22
23 22
23 22
23 12
23 12
23 12
23 12
23 22
23 22
23 22
23 22
23 22
23 22
23 22
23 22
23 22
23 12
23 12
23 12
23 12
23 12
23 12
23 12
23 12
23 12
23 12
23 12
23 12
23 12
23 12
23 12
23 12
23 12
23 12
23 12
23 12
23 12
23 12
23 12
23 12
23 12
23 12
23 12
23 12
23 12
23 12
23 12
23 12
23 12
23 12
23 20
23 12
23 12
32 22
32 22
32 22
32 22
32 22
32 22
32 22
32 22
32 22
32 22
32 22
32 22
32 22
32 22
32 22
32 22
32 22
32 22
32 22
32 22
32 22
23 12
32 22
32 22
32 22
32 22
32 22
32 22
32 22
32 22
32 22
32 22
32 22
32 22
32 22
32 22
32 22
32 22
32 22
32 22
32 22
32 22
32 22
32 22
32 22
32 22
32 22
32 22
32 22
32 12
32 12
32 22
32 22
32 22
32 22
32 22
32 22
32 22
32 22
32 22
32 22
32 22
32 22
32 22
32 22
32 22
32 22
32 22
32 22
32 22
32 22
32 22
32 22
32 22
32 22
32 22
32 22
32 22
32 22
32 22
32 22
32 22
32 22
32 22
32 22
32 22
32 22
32 22
32 22
32 22
32 22
32 22
32 22
32 22
32 22
32 22
32 22
32 22
32 22
32 22
32 22
32 22
32 22
32 22
32 22
32 22
32 22
32 22
32 22
32 22
32 22
32 22
32 22
32 22
32 22
32 22
32 22
32 22
32 22
32 22
32 22
32 22
32 22
32 22
36 36
27 36
27 36
51 36
51 36
44 36
51 36
51 36
44 36
44 36
44 36
44 36
44 36
44 36
44 36
27 36
51 36
51 36
44 36
44 36
44 44
44 36
36 36
44 36
36 36
44 36
44 51
44 51
44 51
44 51
44 36
44 51
44 51
44 36
44 36
44 36
44 36
44 36
44 36
44 36
44 36
44 36
44 36
44 41
44 36
44 41
44 41
41 41
44 41
41 41
41 41
41 41
41 41
44 36
44 36
44 36
44 36
44 36
44 36
44 36
27 36
41 36
41 36
41 36
41 36
44 36
44 36
44 36
41 36
44 36
44 36
41 36
41 36
41 36
27 36
27 36
27 36
44 36
44 36
27 36
27 36
27 36
27 36
27 16
27 17
27 36
27 36
27 36
27 36
27 36
27 36
27 36
27 36
27 28
27 28
27 36
27 36
27 36
27 36
27 36
27 36
27 36
27 36
27 36
27 36
27 36
41 36
27 36
27 36
27 36
27 36
27 36
27 36
27 16
27 36
27 36
27 36
27 36
27 36
27 36
27 36
27 36
27 36
27 36
27 14
27 16
27 16
27 36
27 36
27 16
27 16
27 16
27 16
27 16
27 36
27 14
27 36
27 36
27 36
27 36
27 36
27 36
29 16
29 16
16 16
29 16
29 16
16 16
16 16
16 16
16 16
16 16
16 16
29 14
29 14
29 14
16 16
16 16
29 16
16 14
16 14
16 16
16 16
16 16
16 16
14 16
16 16
16 14
16 16
29 16
29 16
16 16
16 16
16 16
29 16
29 16
29 16
27 16
27 16
16 16
16 16
27 16
9 16
16 16
16 16
16 16
27 16
27 16
9 16
16 16
16 16
16 16
16 16
16 16
16 16
16 16
9 16
16 16
16 16
29 14
33 11
33 18
33 11
33 11
33 11
33 11
8 11
8 11
33 11
8 11
8 11
33 11
33 11
33 11
33 11
33 11
33 11
33 11
33 11
33 11
11 11
11 11
11 11
11 11
11 11
8 11
8 11
11 11
27 11
27 6
8 11
8 11
8 11
8 11
24 11
8 11
8 11
11 11
6 11
11 11
11 11
11 11
11 11
11 11
11 11
11 11
11 11
11 11
11 11
11 11
33 11
11 11
11 6
11 11
11 11
11 11
11 11
33 11
11 11
11 11
11 11
11 11
11 11
11 6
11 11
27 6
11 11
11 11
11 11
11 11
11 11
11 11
11 11
11 11
11 11
11 11
11 11
33 11
33 11
33 11
33 11
8 11
11 11
11 11
8 11
8 11
8 11
33 11
33 11
11 11
11 11
6 11
6 11
11 11
11 11
11 11
11 11
11 11
8 11
27 6
33 11
33 11
27 11
8 11
8 11
27 11
33 11
11 11
8 11
11 11
8 11
11 11
27 6
11 6
11 11
11 11
11 11
11 11
11 11
11 11
11 11
11 11
11 11
11 11
11 11
11 11
11 11
24 11
8 11
8 11
33 11
8 8
8 8
8 11
8 8
33 11
33 11
8 11
8 11
8 11
8 11
8 8
8 11
33 11
33 8
33 11
8 11
8 8
8 11
8 8
8 8
8 8
8 8
8 8
8 8
8 11
8 8
8 8
8 8
27 6
27 6
11 6
11 11
11 11
11 11
11 6
11 11
11 6
11 11
11 11
8 11
11 11
11 11
11 11
11 11
11 11
11 11
8 11
8 11
11 11
11 11
33 11
11 11
11 11
11 11
11 11
11 11
11 11
11 11
11 11
11 11
11 11
11 11
11 11
11 11
11 11
11 11
27 6
27 6
27 6
6 6
23 7
4 4
4 7
15 15
4 15
4 7
4 7
37 7
37 7
4 7
4 7
4 7
37 7
32 7
32 6
6 6
32 6
32 6
32 6
37 7
37 7
37 7
4 7
4 15
4 15
37 15
4 15
4 15
4 7
37 4
37 4
37 4
4 4
4 4
4 4
4 4
4 4
4 4
4 4
4 4
4 4
7 7
4 4
4 4
7 4
4 7
7 7
7 7
37 7
7 4
4 4
32 4
4 4
23 4
4 4
6 7
6 7
32 6
6 7
6 4
4 7
32 7
32 7
32 7
32 7
32 36
32 36
37 36
37 36
32 36
37 36
37 36
37 36
37 4
4 4
23 4
4 4
4 4
4 4
6 6
4 7
23 4
4 6
6 6
6 6
6 6
4 4
4 4
4 4
4 4
4 4
4 4
4 4
4 4
4 4
4 4
4 4
4 4
4 4
4 4
4 4
4 4
4 4
4 4
7 4
4 4
4 4
7 4
4 4
4 4
4 4
4 4
4 4
23 15
4 4
4 4
4 4
4 4
4 4
4 4
4 4
4 4
4 4
23 4
4 4
4 4
4 4
4 15
4 6
4 6
4 6
4 15
4 15
4 15
4 15
4 15
4 15
4 15
4 15
4 15
4 15
4 15
4 15
4 4
4 15
4 15
4 15
4 15
4 4
4 15
4 15
4 15
4 15
4 15
4 4
4 15
4 15
4 15
4 15
4 15
4 6
4 4
4 4
4 4
4 4
4 4
4 7
4 4
4 4
4 4
4 15
4 23
4 23
6 6
23 4
4 23
4 15
6 23
6 6
23 23
23 23
6 23
4 4
6 6
23 15
4 4
4 4
6 6
6 6
23 6
6 6
6 6
6 6
23 4
23 4
23 4
23 4
23 4
23 23
25 7
0 0
7 0
7 0
7 0
7 0
0 0
0 0
0 7
7 7
7 7
7 0
7 7
7 7
7 0
7 7
0 7
7 7
0 0
7 7
0 0
7 7
0 7
0 0
0 7
7 7
7 7
0 0
7 7
0 7
0 7
0 0
0 0
0 7
0 7
7 0
0 0
0 7
0 7
7 7
0 7
0 7
0 7
7 7
7 7
0 0
7 7
0 7
0 7
7 7
0 7
7 7
7 7
7 7
0 7
0 7
0 7
0 7
0 7
7 7
7 7
0 7
0 7
7 7
7 0
0 0
0 0
0 7
0 0
7 7
7 0
7 0
0 0
0 7
0 7
0 7
0 0
7 0
0 0
0 7
7 7
0 7
0 7
7 7
0 7
7 7
7 7
7 7
7 7
7 7
7 7
7 7
0 7
0 7
7 7
0 7
0 0
0 7
0 7
0 7
0 0
0 7
0 7
0 7
0 7
0 7
0 7
0 0
0 7
0 0
0 7
0 7
0 7
0 7
0 7
0 7
7 7
0 7
0 7
0 7
7 7
7 7
7 7
7 7
7 7
7 7
0 0
0 0
7 0
7 0
0 0
7 0
0 0
0 0
7 7
7 7
0 7
7 0
7 7
7 7
0 0
7 7
0 7
0 7
0 0
7 7
0 0
7 7
7 0
0 0
7 7
0 7
7 7
0 0
7 7
0 7
0 7
0 0
0 0
7 0
7 7
7 7
0 0
7 7
0 7
7 7
0 7
7 7
0 7
7 7
0 7
7 7
0 7
7 7
7 7
7 7
7 7
7 7
0 7
0 7
7 7
0 7
7 7
0 7
0 7
7 7
7 7
0 0
7 7
0 0
0 0
7 0
0 0
0 7
7 0
0 7
0 7
7 0
0 0
0 0
32 0
0 7
0 0
32 0
0 7
18 7
7 0
18 7
18 7
18 7
18 7
7 7
18 7
18 7
18 7
18 7
7 7
18 7
18 7
18 7
7 7
7 7
18 7
18 7
18 7
7 7
18 7
18 7
7 7
7 7
18 7
18 7
7 7
18 7
18 7
7 7
7 7
7 7
18 7
18 7
7 7
7 7
7 7
18 7
7 7
7 7
7 7
7 7
7 7
7 7
18 7
7 7
7 7
7 7
18 7
7 7
7 7
7 7
7 7
18 7
18 7
7 7
7 7
7 7
18 7
18 7
7 7
7 7
7 7
18 7
18 7
7 7
18 7
7 7
18 7
18 7
18 7
7 7
7 7
7 7
7 7
7 7
7 7
7 7
7 7
7 7
7 7
7 7
7 7
7 7
7 7
7 7
7 7
7 7
7 7
7 7
7 7
7 7
7 7
7 7
7 7
7 7
7 7
7 7
7 7
7 7
7 7
7 7
18 7
7 7
7 7
7 7
7 7
18 7
18 7
18 7
18 7
18 7
18 7
18 7
18 7
18 7
18 7
18 7
7 7
18 7
7 7
18 7
18 7
18 7
18 7
18 7
18 7
18 7
7 7
18 7
18 7
18 7
18 7
7 7
18 7
18 7
18 7
18 7
7 7
18 7
7 7
18 7
18 7
18 7
18 7
18 7
18 7
7 7
18 7
7 7
7 7
18 7
18 7
18 7
7 7
7 7
7 7
7 7
7 7
7 7
7 7
7 7
7 7
7 7
7 7
18 7
18 7
7 7
18 7
7 7
18 7
7 7
18 7
7 7
18 7
18 7
18 7
18 7
18 7
18 7
18 7
18 7
18 7
7 7
18 7
18 7
7 7
7 7
18 7
18 7
18 7
18 7
18 7
18 7
0 0
8 17
0 0
10 0
8 0
0 0
0 17
0 0
0 0
8 17
8 17
0 0
0 0
0 0
0 0
0 17
0 0
0 0
0 0
0 0
0 0
0 0
8 0
8 0
0 0
28 0
0 0
0 0
0 0
8 17
8 17
0 0
0 0
0 0
0 0
0 0
0 0
0 0
0 0
0 0
0 0
0 0
0 17
0 0
0 0
0 0
0 0
0 0
0 0
0 0
0 0
0 0
0 0
0 17
0 17
0 0
0 0
0 0
0 0
0 0
0 0
0 0
0 0
0 17
0 0
0 17
0 0
0 0
0 0
0 0
0 0
0 0
0 0
0 0
0 0
0 0
0 0
0 0
0 0
0 0
0 0
0 0
0 0
0 0
0 0
0 0
0 0
0 0
0 0
0 0
0 10
0 0
10 10
0 0
0 10
0 0
0 0
0 0
0 0
0 0
0 0
0 0
0 0
0 0
0 0
0 0
0 0
0 0
0 0
0 0
0 0
0 0
0 0
0 0
0 0
0 0
0 0
0 0
0 0
0 0
0 0
0 0
0 0
0 0
0 0
0 0
0 0
0 0
0 0
0 0
0 0
0 0
0 0
0 0
0 0
0 0
0 0
0 0
0 0
0 0
0 0
0 17
0 0
0 17
0 0
0 0
0 0
0 17
0 0
0 0
0 0
0 0
0 0
0 0
0 0
0 0
0 0
0 0
0 0
0 0
0 0
0 0
0 0
0 0
0 0
0 0
0 0
0 0
0 0
0 17
0 0
0 0
0 0
0 0
8 0
0 0
0 0
0 0
0 0
0 0
0 0
0 0
0 0
0 0
0 0
0 0
0 0
0 0
8 0
0 0
0 0
0 0
0 0
0 0
0 0
0 17
0 17
8 17
8 17
0 17
15 8
28 8
0 8
0 8
8 8
8 8
15 8
15 8
15 8
8 8
28 8
15 8
15 8
44 8
15 8
15 8
0 8
15 8
8 8
8 8
8 8
15 8
15 8
28 8
28 8
15 8
15 8
28 8
15 8
28 8
28 8
28 8
28 8
28 8
44 8
28 8
28 8
15 8
44 8
28 8
28 8
28 8
28 8
15 8
15 8
15 8
15 8
15 8
15 17
15 8
28 8
28 8
28 8
28 8
28 8
15 8
15 8
28 8
28 8
15 8
15 8
15 8
8 8
28 8
8 8
15 17
28 8
28 8
15 8
28 8
28 8
28 8
21 8
21 8
28 8
28 8
28 8
28 17
28 8
15 17
15 17
15 17
15 17
15 17
15 17
28 8
28 8
28 8
28 8
15 17
15 8
15 8
0 8
8 8
15 8
15 17
15 17
15 17
15 17
15 17
15 17
15 17
15 17
15 17
15 17
28 8
15 17
44 8
15 17
15 17
15 17
15 17
44 17
44 17
44 17
44 17
44 17
44 17
44 17
44 17
44 17
15 17
15 17
15 17
15 8
15 17
15 8
44 8
28 8
15 8
15 17
15 8
15 17
28 17
28 8
28 17
28 8
28 8
28 8
28 8
28 8
28 8
28 8
28 17
28 17
15 8
15 8
15 17
15 17
15 17
15 17
15 17
15 17
15 17
15 17
15 17
15 17
15 8
15 17
15 17
28 17
15 17
15 17
15 17
15 17
15 17
28 8
15 8
15 8
15 8
15 8
21 8
8 8
21 18
21 8
8 8
15 17
15 17
15 8
15 8
15 8
15 8
15 17
54 8
8 8
15 8
15 17
15 8
54 17
15 17
15 8
54 17
54 17
54 8
15 8
54 8
54 8
15 8
54 8
0 8
26 8
26 15
26 8
26 15
26 8
8 8
12 15
26 15
15 15
26 8
15 15
26 15
26 15
26 8
8 15
26 15
8 15
26 15
26 15
8 15
26 15
26 15
15 15
15 15
26 15
15 15
26 8
26 8
26 8
26 8
26 8
26 8
26 8
26 8
15 8
26 8
8 8
8 8
15 8
8 8
15 15
15 8
15 8
15 8
15 8
15 8
15 8
8 8
8 8
8 8
8 8
8 8
8 8
8 8
8 8
8 8
8 8
8 8
8 15
8 8
8 8
8 8
8 8
8 8
8 8
8 8
8 8
8 15
8 15
8 15
8 15
12 15
15 15
15 15
15 15
15 15
12 15
15 15
15 15
15 15
15 15
15 15
15 15
15 15
12 15
12 15
12 15
8 15
12 15
12 15
8 15
15 15
15 15
15 15
12 15
15 15
15 15
12 15
15 15
15 15
12 15
12 15
12 15
12 15
12 15
12 15
15 15
12 15
12 15
12 15
12 15
12 15
12 15
12 15
12 15
12 15
12 15
12 15
12 15
12 15
15 15
15 15
15 15
12 15
15 15
12 15
12 15
12 15
15 15
12 15
8 15
12 15
8 15
15 15
15 15
15 15
12 15
15 15
12 15
12 15
12 15
12 15
12 15
12 15
12 15
12 15
12 15
12 15
12 15
12 15
12 15
12 15
15 15
15 15
12 15
12 15
12 15
15 15
12 15
12 15
12 15
12 15
12 15
12 15
15 15
12 15
12 15
12 15
12 15
12 15
12 15
12 15
12 15
15 15
12 15
15 15
15 15
12 15
15 15
12 15
12 15
12 15
12 15
12 15
12 15
12 15
12 15
12 12
12 12
12 12
12 12
12 12
12 12
12 12
12 12
12 15
12 15
15 15
12 12
12 12
8 8
8 8
39 10
39 10
39 10
39 10
39 10
8 10
8 10
49 10
39 10
39 10
39 10
49 10
39 10
49 10
8 10
8 10
39 10
39 10
39 10
8 10
39 10
49 10
39 10
39 10
8 10
39 10
39 10
39 10
39 10
25 10
8 10
25 10
25 10
8 10
8 10
8 10
8 10
8 10
8 10
8 10
10 10
10 10
8 10
39 10
39 10
8 10
10 10
8 10
8 10
8 10
25 10
25 10
39 10
25 10
8 10
25 10
25 15
25 15
25 10
25 10
25 10
25 15
25 15
8 10
8 10
25 10
25 10
49 10
49 10
39 10
25 10
8 10
25 15
39 10
25 10
39 10
49 10
8 10
8 10
8 10
8 10
8 10
8 10
8 10
8 10
8 10
8 10
8 10
8 10
8 10
8 10
8 10
8 10
8 10
8 10
8 10
8 10
8 10
8 10
8 10
8 10
8 10
8 10
8 10
8 10
8 10
8 10
8 10
8 10
8 10
8 8
8 10
8 8
8 10
8 8
8 10
8 8
8 10
8 10
8 10
8 10
8 10
8 8
8 8
8 8
8 8
8 8
8 8
8 10
8 10
8 10
8 10
8 10
8 10
8 10
8 10
8 10
8 10
8 8
8 10
8 10
8 10
8 10
8 10
8 10
8 10
8 10
8 10
8 10
8 10
8 10
8 10
8 10
8 10
8 10
8 10
8 10
8 10
8 10
8 10
8 10
8 10
8 10
8 10
8 10
8 10
8 10
8 10
8 10
8 10
8 10
8 10
8 10
8 10
8 10
8 10
8 10
15 15
15 15
15 15
15 15
15 15
15 15
15 15
15 15
15 15
15 15
32 15
15 15
15 15
15 15
15 15
15 15
15 15
15 15
15 15
32 15
15 15
10 11
10 11
10 11
11 11
11 13
11 13
11 13
11 13
11 11
11 11
11 11
11 11
11 11
11 11
11 11
11 11
11 11
11 13
11 11
11 13
11 13
11 13
13 13
11 13
11 11
11 13
11 13
11 11
11 11
11 13
11 11
11 13
11 11
11 11
11 11
11 11
11 11
11 11
13 11
11 11
11 11
11 11
11 11
11 11
11 11
11 11
11 11
11 11
11 11
11 11
11 11
11 11
11 11
11 11
11 11
11 13
11 13
11 11
11 11
11 11
11 11
11 11
11 11
13 11
11 11
11 11
11 11
11 11
11 11
11 11
11 11
11 11
11 11
11 11
11 11
11 11
11 11
11 11
11 11
11 11
11 11
11 11
11 11
11 13
10 13
11 13
11 13
11 13
11 11
11 11
11 11
11 11
11 11
11 11
11 11
11 11
13 11
13 11
13 13
11 11
11 11
11 11
11 11
11 11
11 11
11 11
11 11
11 11
11 11
11 11
11 11
11 11
11 11
11 11
11 11
11 11
11 11
11 11
11 11
11 11
11 11
11 11
11 11
11 11
11 11
11 11
11 11
11 11
11 11
11 11
11 11
11 11
11 11
11 11
11 11
11 11
11 11
11 11
11 11
11 11
11 11
11 11
11 11
11 11
11 11
11 11
11 11
11 13
11 13
11 13
11 11
11 13
11 11
11 13
11 11
11 13
11 11
11 11
11 11
11 13
11 11
11 13
11 11
11 11
11 11
11 11
11 11
11 11
11 11
11 11
11 11
11 11
11 11
11 11
11 11
11 13
11 11
11 13
11 11
11 11
11 13
11 11
11 13
11 13
11 13
11 11
11 13
11 13
11 11
11 11
11 11
11 11
11 13
11 11
11 13
11 11
11 13
11 11
11 13
11 11
40 10
40 10
40 10
50 10
40 10
40 10
40 10
40 10
40 10
40 10
40 10
40 10
40 10
40 10
40 10
40 10
40 10
40 10
40 10
40 10
40 10
40 10
40 10
40 10
0 10
40 10
0 10
40 10
40 10
40 10
40 10
0 10
0 10
0 10
0 10
0 10
40 10
40 10
40 10
40 10
40 10
0 10
40 10
0 10
0 10
0 10
0 10
0 10
40 10
40 10
40 10
40 10
40 10
40 10
40 10
40 10
40 10
0 10
0 10
40 10
40 10
0 10
40 10
40 10
40 10
40 10
40 10
40 10
40 10
40 10
29 10
29 10
0 10
0 10
0 10
0 10
0 10
0 10
0 10
0 10
0 10
0 10
0 0
0 10
0 10
40 10
0 10
0 10
0 10
0 10
0 10
0 10
0 10
0 10
0 10
0 10
0 10
0 10
0 10
0 10
0 10
0 10
0 10
0 10
0 10
0 10
0 10
0 10
0 10
0 10
0 10
0 10
0 0
0 0
0 10
0 10
0 10
0 10
0 10
0 10
0 10
0 0
0 0
0 0
0 0
0 0
0 0
0 0
0 0
0 0
0 0
0 0
0 0
0 0
0 0
0 0
0 0
0 0
0 0
0 0
0 0
0 0
0 0
0 0
0 0
0 0
0 0
0 0
0 0
0 0
0 10
0 10
0 10
0 0
0 0
0 10
0 10
0 10
0 10
0 10
0 10
0 0
0 0
0 0
0 0
0 0
0 10
0 0
0 0
0 0
0 0
0 0
0 0
0 0
0 0
0 0
0 0
0 0
0 0
0 0
0 0
0 0
0 0
0 10
0 0
0 0
0 0
0 0
0 0
0 0
0 10
0 10
0 0
0 0
0 10
0 10
0 0
0 0
0 0
0 0
19 9
19 9
19 19
19 9
19 9
19 19
19 9
19 19
19 19
19 19
19 19
19 19
19 19
19 19
19 19
19 19
19 19
19 9
19 9
19 9
19 9
19 9
19 9
19 9
19 9
19 9
19 9
19 9
19 9
19 9
19 9
19 9
19 19
19 9
19 9
19 9
19 9
19 9
19 15
19 0
19 9
19 0
19 9
19 0
19 0
19 9
19 9
19 0
19 0
19 0
19 0
19 0
19 0
19 0
19 0
19 9
19 0
19 0
19 0
19 0
19 0
19 0
19 0
19 0
19 0
19 29
0 0
19 0
19 0
19 0
19 0
19 0
19 0
19 0
19 0
19 0
19 0
19 0
0 0
19 0
19 0
19 0
19 0
10 0
10 0
10 0
10 0
10 0
0 0
10 0
10 0
10 0
10 0
10 0
10 0
10 0
10 0
10 0
10 0
10 0
10 0
10 0
10 0
10 0
10 0
10 0
10 0
10 0
10 0
10 0
10 0
10 0
10 0
10 0
10 0
0 0
0 0
0 0
10 0
0 0
0 0
0 0
0 0
0 0
10 0
0 0
0 0
0 0
0 0
0 0
0 0
0 0
0 0
10 0
10 0
10 0
10 0
10 0
10 0
10 0
10 0
40 0
19 0
10 0
10 0
10 0
10 0
40 0
40 0
10 0
10 0
10 0
10 0
10 0
10 0
30 0
10 0
40 0
30 0
40 0
40 0
40 0
40 0
40 0
40 0
40 0
40 0
40 0
40 0
40 0
40 0
40 0
40 0
40 0
40 0
40 0
40 0
40 0
40 0
40 0
40 0
30 0
19 0
40 0
40 0
40 0
40 0
40 0
40 0
40 0
40 0
40 0
40 0
40 0
40 0
40 0
40 0
40 0
40 0
40 0
24 4
24 4
24 13
24 4
24 13
24 4
24 13
24 13
24 13
24 13
4 4
4 4
4 4
7 4
7 4
4 4
7 4
33 4
33 4
33 4
24 4
24 4
33 4
33 4
33 4
7 4
33 4
24 4
43 4
43 4
7 4
7 4
7 4
7 4
24 4
33 4
33 4
7 4
43 4
43 4
43 4
43 4
43 4
43 4
7 4
43 4
43 4
43 4
43 4
43 4
43 4
43 4
43 4
43 4
43 4
43 4
43 4
43 4
43 4
7 4
43 4
43 4
33 4
33 4
33 4
43 4
33 4
43 4
43 4
43 4
43 4
33 4
43 4
43 4
43 4
33 4
43 35
43 4
33 4
33 4
33 4
43 4
43 4
43 4
33 4
43 4
43 4
43 4
43 4
43 4
43 4
43 4
43 4
43 4
43 4
33 4
33 4
33 4
43 4
43 4
43 4
33 4
43 4
43 4
43 4
33 4
43 4
33 4
7 4
7 4
33 4
7 4
43 4
43 4
43 4
43 4
43 4
43 4
43 4
43 4
43 4
43 4
33 4
33 4
43 4
33 4
33 4
33 4
33 4
33 4
33 4
33 4
7 4
7 4
33 4
33 4
43 4
33 4
33 4
43 4
7 4
7 4
43 4
43 4
43 4
43 4
43 4
43 4
43 4
43 4
43 4
43 4
43 4
43 4
43 4
43 4
43 4
43 4
7 4
43 4
43 4
43 4
43 4
43 4
43 4
43 4
43 4
43 4
43 4
33 4
33 4
33 4
33 4
43 4
43 4
33 4
33 4
33 4
33 4
33 4
33 4
33 4
7 4
33 4
33 4
33 4
33 4
33 4
7 7
7 4
7 4
7 4
7 4
33 4
33 4
33 4
33 4
7 4
33 4
33 4
17 13
17 13
17 13
17 9
9 9
17 9
17 9
17 13
17 9
17 9
17 9
17 9
17 9
17 9
17 9
17 9
17 9
17 9
17 9
17 9
17 9
17 9
17 9
17 13
17 13
17 13
17 9
17 13
17 13
17 13
17 13
17 9
17 9
17 13
17 13
17 9
17 9
17 9
17 9
17 9
17 9
17 13
17 9
17 9
17 9
17 13
17 13
17 9
17 9
17 9
9 9
9 9
17 9
9 9
9 9
9 9
9 9
9 9
17 9
9 9
9 9
9 9
9 9
9 9
9 9
9 9
9 9
9 9
9 9
9 9
9 9
9 9
9 9
9 9
9 9
9 9
9 9
9 9
9 9
22 9
22 22
22 22
22 9
22 9
22 22
22 22
22 22
22 22
22 9
22 9
22 10
22 22
22 22
22 22
22 22
22 32
22 22
22 22
22 22
22 22
22 9
22 9
22 9
22 9
22 22
22 9
22 9
22 9
22 22
22 32
22 32
22 32
22 32
22 32
22 32
22 22
22 32
22 22
22 22
22 32
22 32
22 22
22 22
22 22
22 22
22 9
32 32
22 22
22 22
22 22
9 9
22 32
22 32
22 22
22 22
22 32
22 32
22 22
22 22
22 32
22 22
22 32
22 22
22 22
22 22
22 22
22 22
22 22
22 22
22 22
22 22
22 9
22 9
22 9
22 9
22 9
22 9
22 9
22 9
22 9
22 9
22 9
22 22
22 22
22 9
22 9
22 9
22 22
22 22
22 22
22 9
22 9
22 22
22 9
22 9
22 9
22 22
22 22
22 22
22 22
22 22
22 22
22 9
22 9
22 10
22 10
22 10
22 10
22 10
22 10
22 10
22 10
22 22
22 22
22 22
22 9
22 9
22 9
22 9
22 9
6 15
23 28
6 15
6 15
6 15
6 15
6 15
6 15
6 15
6 15
6 15
6 15
6 15
6 15
6 15
6 15
6 23
6 15
6 15
6 15
6 15
6 15
6 15
6 15
6 15
6 15
6 15
6 15
6 15
6 15
23 15
24 15
24 15
15 15
24 15
24 15
24 15
24 15
24 15
24 15
24 15
24 15
24 15
24 15
24 15
24 15
24 15
24 15
24 15
24 15
24 15
24 15
24 15
6 16
24 15
24 15
24 15
24 15
24 15
24 15
24 15
24 15
24 15
15 15
24 15
24 15
15 15
24 15
24 15
24 15
24 15
24 15
24 15
24 15
24 15
24 15
15 15
15 15
15 15
24 15
24 15
24 15
24 15
24 15
24 15
15 15
15 15
15 15
24 15
24 15
24 15
24 15
24 15
24 15
24 15
24 15
24 15
24 15
24 15
24 15
7 7
7 7
7 7
7 7
24 24
15 15
15 15
15 15
7 15
7 7
7 7
7 15
15 15
7 7
7 15
7 15
7 7
7 15
6 15
6 15
6 15
6 15
6 15
6 7
6 15
6 15
7 7
6 15
6 15
6 15
6 15
6 15
6 15
6 15
6 7
7 7
7 7
7 7
7 7
6 7
6 7
6 15
6 15
6 15
6 7
6 15
6 15
6 7
6 15
6 15
6 7
7 7
7 7
6 7
6 7
6 7
6 7
7 7
7 7
7 7
7 7
7 7
7 7
7 7
7 7
7 7
7 7
7 7
7 7
7 7
7 7
7 7
7 7
7 7
7 7
7 7
7 7
7 7
7 7
7 7
7 7
7 7
7 7
7 7
7 7
7 7
7 7
7 7
7 7
7 7
7 7
7 7
6 15
7 7
6 7
6 7
6 7
6 7
6 7
6 7
13 0
13 9
17 17
28 9
28 9
28 0
28 0
28 0
13 0
13 0
12 0
28 9
37 9
28 9
12 9
12 9
9 9
12 9
12 9
12 9
12 9
12 9
12 9
12 9
12 9
12 9
12 9
12 9
12 9
12 9
12 9
12 9
12 9
12 9
12 9
12 9
12 9
12 9
12 9
12 9
12 9
12 9
12 9
12 9
12 9
12 9
12 9
12 9
12 9
12 9
12 9
0 9
12 9
12 9
12 9
12 9
12 9
12 9
12 9
12 9
12 9
12 9
12 9
12 9
12 9
12 9
12 9
0 0
12 9
12 9
12 9
12 0
12 0
12 0
12 0
12 9
12 9
12 0
0 0
12 9
12 9
12 9
12 9
12 9
12 9
12 9
12 9
12 9
12 9
12 9
9 9
9 9
12 9
12 9
12 9
9 9
12 9
12 9
12 9
12 9
12 9
9 9
9 9
9 9
9 9
12 9
12 9
12 9
12 9
12 9
12 9
12 9
12 9
12 9
12 9
12 9
12 9
12 9
9 9
9 9
9 9
9 9
0 9
9 9
9 9
0 9
9 9
9 9
0 9
9 9
9 9
9 9
9 9
0 9
9 9
9 9
9 9
0 9
9 9
0 0
0 0
0 0
9 9
12 9
12 9
12 9
12 9
12 9
12 9
12 9
12 9
12 9
12 9
12 9
12 9
12 9
12 9
0 9
0 0
12 9
9 9
9 9
9 9
9 9
9 9
9 9
9 9
9 9
9 9
9 9
9 9
9 9
9 9
12 9
0 0
0 9
0 0
0 0
0 0
0 0
0 0
0 0
0 9
0 0
0 9
12 0
12 9
12 9
0 0
0 9
0 9
12 9
0 0
0 9
0 9
12 9
12 9
0 0
12 9
12 9
22 6
22 6
22 6
22 6
22 6
6 10
6 6
22 10
22 6
22 10
6 10
6 10
22 10
6 6
6 10
6 7
22 10
6 7
6 7
6 7
31 10
31 10
11 10
22 10
22 10
11 7
31 10
31 7
22 10
31 10
31 10
11 7
31 7
19 10
31 10
31 7
31 7
11 7
31 7
19 7
11 7
11 10
19 10
31 10
31 10
31 7
31 10
31 10
31 10
31 10
31 7
31 10
11 10
31 10
31 10
31 10
31 10
31 7
22 10
11 7
11 7
11 7
11 7
31 10
19 10
31 10
11 10
22 10
22 10
22 10
22 10
11 7
11 7
19 7
11 7
31 7
11 7
11 7
11 7
11 7
11 7
11 7
11 7
11 7
11 7
11 7
19 7
11 7
11 7
19 7
11 7
19 10
19 10
11 10
11 10
10 10
10 10
11 10
11 10
11 7
11 7
19 10
19 10
11 10
11 10
11 10
11 10
11 7
7 7
31 10
19 10
19 10
19 10
19 10
19 10
19 10
19 10
7 7
11 7
11 10
19 10
31 10
31 10
31 10
19 10
19 10
19 10
19 10
19 10
19 10
19 10
19 10
19 10
19 10
11 10
11 10
11 10
11 10
11 10
11 10
11 10
10 10
10 10
11 10
11 10
11 10
19 10
11 7
11 10
11 10
11 10
11 10
11 10
19 10
19 10
11 10
19 10
22 10
11 10
11 10
11 10
11 10
11 10
11 10
11 10
11 10
19 10
19 10
11 10
22 10
11 10
11 10
22 10
11 10
11 10
11 10
10 10
11 10
11 10
11 10
11 10
10 10
11 10
11 10
11 10
11 10
11 10
11 10
11 10
11 10
11 10
10 10
10 10
10 10
11 10
31 10
11 10
31 10
11 10
11 10
17 10
10 10
10 10
10 10
17 10
10 10
10 10
10 10
10 10
10 10
10 10
10 10
10 10
10 10
10 10
10 10
10 10
10 10
10 10
10 10
10 10
10 10
10 10
10 10
10 10
10 10
10 10
10 10
10 10
10 10
10 10
10 10
10 10
10 10
10 10
10 10
10 10
10 10
10 10
10 10
10 10
10 10
10 10
10 0
10 0
10 10
10 10
10 10
10 10
10 10
10 19
10 19
10 10
10 19
19 19
10 19
10 10
10 10
10 10
10 19
10 19
10 19
10 19
10 19
10 19
10 19
10 19
10 19
10 19
10 19
10 19
10 19
10 19
10 19
10 12
10 19
10 19
10 19
10 10
10 10
10 10
10 10
10 19
10 10
10 19
10 19
10 0
10 19
10 12
0 0
0 0
0 0
0 0
0 12
0 0
0 12
0 0
0 0
0 0
0 0
0 0
0 0
0 0
0 0
0 0
0 0
0 0
0 0
0 0
0 0
0 0
0 11
0 0
0 11
0 11
0 0
0 0
0 0
0 11
0 0
0 0
0 11
0 11
0 11
0 0
0 11
0 0
10 0
0 0
0 0
0 0
0 0
0 0
0 0
0 0
0 0
0 11
0 0
0 0
0 0
10 0
0 0
0 0
0 0
0 0
0 0
0 0
0 12
0 12
10 12
10 12
10 12
0 12
0 12
10 0
0 11
0 11
0 11
0 11
0 0
0 0
0 0
0 12
0 12
0 12
10 12
0 0
0 0
0 0
0 0
0 0
0 0
0 0
10 0
0 11
0 11
0 12
10 12
0 0
0 0
10 0
10 0
0 0
0 0
10 0
10 11
10 12
10 0
10 12
10 0
10 0
10 0
10 0
0 12
0 0
0 12
0 0
0 0
0 0
0 0
12 12
13 12
13 13
13 13
13 13
13 12
13 12
13 12
13 12
13 12
13 12
13 12
13 12
13 12
13 12
12 12
13 12
13 13
13 12
13 12
13 13
13 12
13 12
13 12
13 13
13 13
13 12
13 12
13 12
13 12
13 13
13 12
13 12
13 12
13 12
13 12
12 13
13 13
13 12
13 12
13 12
13 13
13 13
13 12
13 12
13 12
13 13
13 13
13 13
13 13
13 13
13 12
13 13
13 13
13 13
13 12
13 12
13 12
13 12
13 12
13 12
13 12
13 12
13 12
13 12
13 12
13 12
13 13
13 12
13 13
13 13
13 12
13 13
13 12
13 12
13 12
13 12
13 12
13 13
13 12
13 13
13 13
13 12
13 12
13 13
13 12
13 12
13 12
13 12
13 12
13 12
13 13
13 13
13 12
13 12
13 12
13 12
13 13
13 13
13 13
13 13
13 13
13 13
13 13
13 13
12 13
13 12
13 13
13 13
13 13
13 13
13 12
13 12
13 12
13 13
13 13
13 13
13 13
13 12
13 12
13 12
13 13
13 13
13 12
13 12
13 12
13 12
13 12
13 12
13 12
13 12
13 12
13 12
13 12
13 13
13 12
13 12
13 13
13 13
13 12
13 12
13 12
13 12
13 12
13 13
13 13
13 13
13 12
13 12
13 12
13 12
13 12
13 12
13 12
13 12
13 12
13 12
13 12
13 12
13 12
13 12
13 12
13 12
13 12
13 12
13 12
13 12
13 12
13 12
13 12
13 12
13 13
13 12
13 12
13 12
13 12
13 12
13 12
7 12
13 12
13 12
13 12
13 12
13 12
12 12
12 12
12 12
12 12
12 12
12 12
12 12
12 12
12 12
13 12
13 13
12 12
12 12
13 12
12 12
13 13
12 13
12 8
12 13
12 22
12 22
12 13
12 8
12 13
12 13
12 13
12 13
12 13
12 13
12 13
12 13
12 13
12 13
12 22
6 13
15 13
15 22
15 13
15 13
15 13
6 13
6 13
6 13
6 13
6 13
6 13
6 13
6 13
6 13
6 13
6 13
6 13
6 22
6 13
6 22
6 13
6 13
6 13
6 13
6 13
6 13
6 13
6 22
6 22
6 13
6 13
6 13
6 22
6 22
6 8
6 22
6 22
6 22
6 13
6 13
6 13
6 13
6 13
6 13
6 13
6 13
6 13
6 8
6 8
6 8
6 8
6 8
6 8
6 8
6 8
6 13
6 13
6 8
6 8
6 13
6 8
6 8
6 8
6 8
6 8
6 8
6 8
6 13
6 13
6 13
6 8
6 13
6 8
6 13
6 13
6 13
6 13
6 13
6 13
6 8
12 8
6 13
6 13
6 13
6 13
6 13
6 13
6 13
6 13
6 13
6 13
6 13
6 13
6 13
6 13
6 13
6 13
6 6
6 13
6 6
6 6
6 6
6 13
6 6
6 6
6 6
6 13
6 13
6 13
6 6
6 13
12 6
6 6
6 6
6 13
6 13
6 13
6 13
6 13
6 13
6 13
12 13
6 13
24 25
24 25
24 25
24 25
24 25
24 25
24 25
24 25
24 25
24 25
24 25
24 25
24 25
24 25
24 25
24 25
24 25
24 25
24 25
24 25
24 25
24 25
24 25
24 25
24 25
24 25
24 25
24 25
24 25
24 25
24 25
24 25
24 25
24 25
24 25
24 25
24 25
24 25
24 25
24 25
24 25
24 25
24 25
24 25
24 25
24 25
24 25
24 25
24 25
24 25
24 25
24 25
24 25
24 25
24 25
24 25
24 25
24 25
35 28
35 28
35 28
19 28
19 31
19 28
35 28
19 31
19 31
19 31
35 31
19 31
19 31
19 31
19 31
19 31
19 31
19 31
19 31
19 31
19 31
35 31
35 31
35 31
28 31
35 31
28 31
28 31
35 31
35 28
35 31
35 38
35 31
35 31
35 31
35 31
35 31
35 31
35 31
35 31
19 16
19 16
19 16
19 16
19 16
19 16
19 13
19 31
19 31
19 16
19 16
19 16
19 9
19 21
19 21
19 21
19 21
19 21
19 21
19 21
19 9
19 21
19 9
19 16
19 16
19 16
19 9
19 21
19 9
19 9
19 9
19 21
19 9
19 16
19 9
19 9
19 21
19 9
19 21
19 21
19 9
19 21
19 9
19 21
19 21
19 21
19 21
19 21
19 21
19 9
19 21
19 21
19 21
19 21
19 9
19 9
19 9
19 16
19 21
19 9
19 9
19 9
19 9
19 9
19 9
19 9
19 9
19 9
19 9
19 21
19 21
19 21
19 21
19 21
19 21
19 21
19 21
19 21
19 21
19 21
19 21
19 21
19 21
19 21
19 21
19 21
19 21
19 9
13 16
13 16
13 16
19 16
13 16
13 16
13 16
13 16
13 16
13 16
13 16
13 16
13 16
7 16
13 16
7 16
13 16
13 16
13 16
16 16
16 16
16 16
16 16
13 16
16 16
16 16
13 16
13 16
13 16
13 16
16 16
13 16
13 16
13 16
16 16
13 16
13 16
16 16
13 16
13 16
13 16
13 16
13 16
13 16
13 16
13 16
13 16
13 16
13 16
13 16
13 16
13 16
13 16
13 16
13 16
13 16
13 16
13 16
13 16
13 16
13 16
16 16
13 16
13 16
13 16
13 16
7 16
16 16
13 16
13 16
13 16
13 16
26 31
26 8
26 8
26 8
26 8
26 8
26 8
26 8
26 8
26 8
26 8
26 8
26 8
26 8
26 8
26 8
26 8
26 8
26 8
26 8
26 8
26 8
26 31
34 31
26 31
26 31
26 31
26 31
26 31
17 8
17 8
17 8
17 8
17 10
8 8
8 8
8 8
17 8
8 8
8 8
17 8
8 8
8 8
17 8
8 8
8 8
8 8
8 8
0 8
17 10
17 10
17 10
17 8
17 10
17 8
17 10
17 10
8 8
8 8
8 8
8 8
8 8
8 8
8 8
8 8
8 8
8 8
8 8
8 8
8 8
8 8
8 8
8 8
8 8
8 8
8 8
8 8
8 8
8 8
8 8
8 8
8 8
8 8
8 8
17 8
0 8
17 8
0 8
0 8
0 8
0 8
0 8
0 8
17 8
17 8
17 8
8 8
8 8
8 8
17 8
8 8
8 8
8 8
8 8
8 8
17 8
8 8
17 8
17 8
17 8
17 8
8 8
8 8
8 8
8 8
8 8
17 8
8 8
8 8
8 8
8 8
8 8
8 8
17 8
8 8
17 8
17 10
17 8
17 8
17 8
17 8
17 8
17 8
17 8
17 8
17 8
17 8
17 8
17 8
17 8
17 8
17 8
17 8
17 8
8 8
8 8
0 8
0 8
0 8
0 8
0 0
0 8
8 8
10 8
8 8
0 8
8 8
10 8
10 8
10 8
0 10
8 8
10 8
0 8
0 8
0 8
0 8
0 8
0 8
0 8
0 8
10 8
10 8
10 8
10 8
10 8
10 8
10 8
10 8
10 8
10 8
10 8
10 8
10 8
8 8
8 8
8 8
8 8
0 8
0 8
0 8
8 8
0 8
10 8
17 8
17 8
17 8
8 8
0 8
17 8
19 27
32 27
32 32
32 32
32 0
32 32
32 32
32 32
32 32
32 32
32 32
32 32
32 32
32 32
32 32
32 32
32 32
32 32
32 32
32 27
32 27
32 27
32 27
32 27
32 27
18 0
18 0
8 0
8 0
8 0
10 0
18 0
8 0
8 0
18 0
10 0
8 0
8 0
8 0
10 0
8 0
18 0
10 0
10 0
10 0
18 0
18 0
8 0
0 0
0 0
8 0
18 0
8 0
10 0
18 0
18 0
8 0
18 0
10 0
10 0
18 0
18 0
10 0
10 0
8 0
8 0
8 0
18 0
8 0
8 0
8 0
18 0
8 0
8 0
18 0
8 0
8 0
8 0
8 0
8 0
8 0
8 0
8 0
8 8
8 8
8 8
8 8
8 8
8 8
8 8
8 8
8 8
8 8
8 8
8 8
8 0
8 8
0 0
0 0
0 0
8 0
0 0
10 0
8 0
18 0
8 15
8 0
8 8
8 8
8 8
8 0
8 8
8 8
8 8
8 8
8 8
8 8
8 8
8 8
8 8
8 0
8 0
8 0
0 0
0 8
0 8
8 8
8 8
8 8
8 8
8 8
8 8
8 8
8 0
8 0
8 0
8 8
8 0
18 0
8 0
0 0
18 0
8 8
0 8
0 0
0 0
8 8
8 8
8 15
8 8
8 8
8 8
8 8
8 8
8 8
8 8
8 8
8 8
8 0
8 0
8 0
8 0
0 0
0 0
0 0
19 0
19 0
19 0
8 0
0 0
0 0
10 9
10 9
10 10
10 9
10 9
10 9
10 9
10 9
10 9
10 9
10 0
10 9
10 9
10 9
10 9
10 9
10 9
10 9
10 9
10 9
10 9
10 9
10 9
10 9
10 9
10 9
10 9
10 9
10 9
39 39
39 39
21 21
21 21
39 21
39 21
21 21
39 21
39 21
39 21
39 21
39 21
39 21
39 21
39 21
39 21
39 21
39 21
39 21
39 21
24 21
24 21
24 21
24 21
21 21
24 21
24 21
24 21
21 21
24 21
24 21
24 21
24 21
24 21
24 21
24 21
24 21
24 21
24 21
24 21
24 21
24 21
24 21
24 21
24 21
24 21
24 21
24 21
24 21
24 21
24 21
24 21
24 21
24 21
21 21
21 0
24 21
21 21
24 21
24 21
21 21
21 21
21 21
21 21
21 21
21 21
21 21
21 21
21 21
21 21
21 21
21 21
21 21
21 21
21 21
21 21
21 21
21 21
21 21
21 21
21 21
21 21
21 21
21 21
21 21
21 21
21 21
21 21
21 21
21 21
21 21
21 21
21 21
21 21
21 21
21 21
21 21
21 21
21 21
21 21
21 21
21 21
21 21
21 21
21 21
21 21
21 21
24 21
21 21
21 21
21 21
21 21
21 21
21 21
24 21
21 21
24 21
24 21
24 21
24 21
24 21
24 21
24 21
24 21
24 24
24 21
24 21
24 21
24 21
24 21
24 21
24 21
24 21
24 21
24 21
24 21
21 21
21 21
21 21
24 21
24 21
24 21
24 21
24 21
24 21
24 21
24 21
24 21
24 21
24 21
24 21
24 21
24 21
24 21
24 21
24 21
24 21
24 21
24 21
24 21
24 21
24 21
24 21
24 21
24 21
24 21
24 21
24 21
24 21
24 21
24 21
24 21
24 21
24 21
24 21
24 21
24 21
24 21
24 21
24 21
24 21
24 21
24 21
24 21
24 21
24 21
24 21
24 21
24 21
24 21
21 21
24 21
24 21
24 24
24 24
24 24
24 24
24 24
24 24
24 24
32 32
32 32
32 18
15 13
32 18
32 18
32 18
32 32
32 22
32 32
32 32
32 13
32 32
32 18
32 32
32 32
32 32
32 32
18 18
18 18
18 18
18 18
18 18
18 18
18 18
18 18
18 13
18 18
18 13
15 13
15 13
15 13
15 13
15 13
15 13
15 13
15 13
15 13
15 13
15 13
15 13
15 13
15 13
15 13
18 6
18 13
18 13
18 13
18 13
18 6
15 13
18 13
15 13
15 13
18 13
15 13
15 13
15 13
15 13
15 13
15 13
15 13
15 13
15 13
15 13
15 13
19 13
15 13
15 13
15 13
15 13
15 13
15 13
19 6
19 13
19 6
19 13
19 13
19 8
6 6
6 6
6 6
6 6
19 6
19 13
6 6
15 8
6 6
19 6
6 6
6 6
6 6
6 6
19 6
19 6
19 13
19 6
19 6
19 6
19 6
19 6
19 6
19 6
19 6
19 6
19 13
15 13
19 13
19 6
6 6
19 8
15 8
15 6
15 8
19 13
19 8
15 13
19 6
15 6
19 13
19 7
19 13
19 13
15 6
19 13
19 13
19 13
19 13
19 13
19 7
19 13
19 13
19 13
19 13
19 13
19 13
19 7
19 13
19 13
19 13
19 13
19 13
19 13
19 13
19 13
19 13
8 13
19 13
19 13
19 13
19 13
19 13
19 13
19 13
19 13
19 13
19 13
19 13
19 13
19 13
19 13
19 13
19 13
19 13
19 13
19 13
19 13
19 13
19 13
8 7
8 7
8 8
8 8
8 7
8 7
8 13
8 13
8 13
8 13
8 13
8 13
8 13
8 7
8 7
8 7
8 13
8 13
8 7
8 7
8 7
8 7
8 7
8 7
8 7
8 7
8 7
8 7
8 13
8 8
8 8
13 11
13 11
13 11
13 11
13 13
13 13
13 13
13 9
13 11
13 11
13 11
13 11
13 11
13 11
13 11
13 11
13 11
13 11
13 11
13 11
21 21
13 11
13 12
13 12
13 12
13 12
13 11
13 11
13 11
13 11
13 11
13 11
13 12
13 11
13 11
13 11
13 11
13 11
13 11
13 11
13 11
15 12
28 12
15 12
28 12
15 12
28 12
15 12
15 12
28 12
28 12
15 12
15 12
28 12
28 12
28 12
15 12
15 12
15 12
15 12
15 19
15 12
15 19
15 19
15 12
15 12
15 12
28 19
15 12
15 12
28 12
15 12
28 12
15 19
28 19
28 19
15 19
15 19
15 19
15 12
28 12
28 19
15 19
28 19
15 19
15 19
28 19
28 19
28 19
28 19
28 19
15 19
28 19
15 19
28 19
28 19
15 19
28 19
15 19
15 19
15 19
15 19
15 19
15 19
15 19
15 19
15 19
28 19
28 19
28 19
15 19
15 19
28 19
28 19
28 19
28 19
28 19
28 19
28 12
28 19
15 19
15 19
15 19
15 19
15 19
15 19
15 19
15 19
15 19
15 19
28 19
15 19
28 19
15 19
28 19
28 19
28 19
28 19
28 19
28 19
28 19
28 19
28 19
28 19
28 19
28 12
28 12
28 19
28 19
28 19
28 19
28 19
15 19
15 19
28 19
28 19
15 0
15 0
15 0
28 0
28 0
28 0
28 19
28 0
28 19
28 19
28 19
28 19
28 19
15 19
15 19
15 19
15 19
15 19
15 19
15 19
15 19
15 19
28 19
28 19
28 19
28 19
28 19
15 19
28 19
15 19
15 19
15 19
15 19
15 19
15 19
15 19
15 19
15 19
15 19
15 19
15 19
15 19
15 19
15 19
34 18
18 18
18 18
18 18
18 18
18 18
18 18
18 18
18 18
18 18
18 18
20 5
20 5
20 5
20 5
20 5
20 5
20 5
20 5
20 5
20 5
20 5
20 5
20 5
20 5
20 5
20 5
20 5
20 5
20 5
20 5
20 5
20 5
20 5
20 5
20 5
20 5
20 5
20 5
20 5
20 5
20 5
20 5
20 5
20 5
20 5
34 5
34 5
20 5
34 5
34 5
20 5
34 5
34 5
34 5
34 5
34 5
20 5
20 5
20 5
20 5
20 5
20 5
20 5
20 5
34 5
34 5
34 5
34 5
34 5
34 5
34 5
20 5
20 5
20 5
20 5
34 5
20 5
20 5
20 5
20 5
5 5
20 5
20 5
5 5
20 5
5 5
20 5
5 5
5 5
5 5
5 5
9 5
5 5
5 5
9 5
5 5
9 5
9 5
20 5
20 5
9 5
20 5
9 5
9 5
9 5
5 5
9 5
9 5
9 5
34 5
34 5
20 5
34 5
20 5
20 5
20 5
9 5
9 5
9 5
9 5
20 5
34 5
9 5
20 5
9 5
20 5
20 5
34 5
20 5
9 5
20 5
20 5
20 5
9 5
20 5
34 5
20 5
20 5
20 5
20 5
20 5
20 5
20 5
9 5
20 5
20 5
20 5
20 5
20 5
20 5
20 5
20 5
20 5
20 5
20 5
5 5
5 5
5 5
5 5
5 5
5 5
5 5
5 5
5 5
5 5
5 5
5 5
5 5
5 5
5 5
5 5
5 5
5 5
5 5
5 5
5 5
5 5
20 5
5 5
5 5
5 5
5 5
5 5
5 5
5 5
5 5
5 5
5 5
5 5
43 5
5 5
5 5
43 5
43 5
43 5
43 43
43 5
43 5
43 5
16 13
16 13
16 13
13 13
16 13
16 13
16 13
7 13
13 13
13 13
16 13
16 13
13 13
13 13
7 13
7 13
7 13
16 13
7 13
7 13
16 13
16 13
16 13
16 13
16 13
16 13
16 13
16 13
16 13
16 13
16 13
16 13
16 13
16 13
16 13
16 13
16 13
16 13
16 13
16 13
16 13
16 13
16 13
16 13
16 13
16 13
16 13
13 13
13 13
13 13
13 13
13 13
16 13
16 13
16 13
16 13
7 13
16 13
16 13
7 13
16 13
16 13
7 13
7 13
16 13
7 13
16 13
16 13
16 13
16 13
16 13
16 13
16 13
16 13
16 13
16 13
16 13
16 13
16 13
16 13
16 13
16 13
16 13
16 13
16 13
16 13
16 13
16 13
16 13
16 13
16 13
16 13
16 13
16 13
7 13
16 13
16 13
16 13
16 13
16 13
16 13
16 13
16 13
16 13
16 13
16 13
7 13
16 13
16 13
7 13
16 13
16 13
16 13
16 13
7 13
7 13
16 13
7 13
7 13
7 13
7 13
7 13
7 13
7 13
7 13
7 13
7 13
7 13
7 13
7 13
7 13
7 13
7 13
7 13
7 13
7 13
7 13
7 13
7 13
16 13
16 13
16 13
16 13
16 13
16 13
16 13
16 13
16 13
16 13
16 13
16 13
16 13
16 13
16 13
16 13
16 13
16 13
16 13
16 13
16 13
16 13
16 13
16 13
16 13
16 13
16 13
16 13
16 13
16 13
16 13
16 13
16 13
16 16
16 13
16 13
16 16
16 16
16 16
16 16
16 13
16 16
16 16
16 13
16 13
16 13
16 13
7 13
16 13
16 13
16 13
16 13
16 13
16 13
16 13
16 16
16 13
16 13
16 16
16 13
13 13
6 12
6 12
6 12
6 12
6 12
6 12
6 12
6 12
6 12
6 12
6 12
6 12
6 12
12 12
6 12
6 12
6 12
6 12
6 12
6 12
6 12
12 12
6 12
6 12
6 12
6 12
6 12
6 12
6 12
6 12
12 12
12 12
6 12
6 12
12 12
6 12
12 12
12 12
12 12
12 12
12 12
12 12
6 12
12 12
12 12
6 6
6 6
6 12
6 6
6 12
6 6
6 6
6 6
6 6
6 6
6 12
6 12
6 12
6 12
6 6
6 6
6 6
6 6
6 6
6 6
6 6
6 6
6 6
6 6
6 6
6 6
6 6
6 6
6 6
6 6
6 12
6 12
12 6
6 6
6 12
6 12
6 12
6 12
6 12
6 12
6 12
6 12
6 12
6 12
6 12
6 12
6 12
6 6
6 12
6 6
6 12
6 12
6 6
6 6
6 12
6 6
6 12
6 12
6 12
6 6
6 6
6 6
6 12
6 6
6 12
6 12
6 12
6 12
6 6
6 12
6 12
6 6
6 6
6 12
6 6
6 12
6 12
6 6
6 6
6 12
6 6
6 6
6 12
6 6
6 6
6 6
6 6
6 6
6 12
6 6
6 6
6 6
6 6
6 6
6 6
6 12
6 12
6 12
6 12
6 6
6 12
6 6
6 12
6 6
6 6
6 6
6 6
6 12
6 12
6 6
6 6
6 12
6 12
6 12
6 6
6 12
6 12
6 6
6 12
6 6
6 6
6 12
6 12
6 12
6 6
6 12
6 12
6 12
6 12
6 12
6 12
6 12
6 12
6 12
6 12
6 12
6 12
6 12
6 12
6 12
6 12
6 12
6 12
6 12
6 12
6 12
6 12
6 12
6 12
6 12
6 12
6 6
6 6
6 6
6 6
0 0
0 0
0 0
0 0
0 0
0 0
6 6
0 0
0 0
0 0
0 6
0 0
0 0
6 6
6 6
6 0
0 0
6 0
6 6
6 0
0 0
6 0
6 0
6 6
0 0
0 0
6 6
6 6
0 0
0 0
0 0
6 6
0 0
0 0
6 6
0 0
0 0
0 0
6 6
6 0
6 0
0 0
6 0
0 0
0 0
6 0
6 0
6 0
6 0
6 6
6 6
6 0
6 6
6 6
6 6
6 0
6 6
6 6
0 0
6 0
0 0
6 6
6 0
6 6
6 6
6 0
6 6
0 0
0 0
0 0
6 6
6 6
6 6
6 6
6 6
6 6
6 6
6 6
6 6
6 6
6 6
6 6
6 6
6 6
6 6
6 6
6 6
6 6
6 6
6 6
6 6
6 6
6 6
0 6
6 6
6 6
6 6
6 6
6 6
6 6
6 6
6 6
6 6
6 6
6 6
6 6
6 6
6 6
6 6
6 6
6 6
6 6
6 6
6 6
6 6
6 6
6 6
6 6
6 6
6 6
6 6
6 6
6 6
6 6
0 6
6 6
6 6
6 6
6 6
6 6
6 6
6 6
6 6
6 6
6 6
6 6
6 6
6 6
6 6
6 6
6 6
6 6
6 6
6 6
6 6
6 6
6 6
6 6
6 6
6 6
6 6
0 6
0 6
0 6
0 6
0 6
0 6
0 6
0 6
0 6
0 6
0 6
0 6
0 6
0 6
0 6
0 6
0 6
0 6
0 6
0 6
0 6
0 6
0 6
0 6
0 6
0 6
0 6
0 6
0 6
0 6
0 6
0 6
0 6
0 6
0 6
0 6
0 6
0 6
0 6
0 6
0 6
0 6
0 6
0 6
0 6
0 6
6 6
0 6
6 0
10 6
6 0
6 0
6 0
6 0
6 0
6 0
10 0
6 0
6 0
10 6
6 0
6 0
6 0
10 6
0 0
6 0
6 6
10 0
6 0
6 0
10 0
6 0
6 0
6 0
6 0
6 0
6 0
6 0
6 0
6 0
6 0
6 0
6 0
6 0
6 0
6 0
6 0
6 0
6 0
0 0
0 0
0 0
6 0
6 0
6 0
6 0
6 0
6 0
6 0
6 0
6 0
0 0
6 0
6 0
6 0
6 0
6 0
6 0
6 0
6 0
0 0
6 0
6 0
6 0
6 0
6 0
6 0
0 0
6 0
6 0
6 6
6 0
6 6
6 0
6 0
0 0
0 0
6 0
6 0
6 0
6 0
6 0
6 0
6 0
6 0
0 0
6 0
0 0
6 0
0 0
0 0
0 0
0 0
0 0
6 0
6 0
6 0
6 0
6 0
6 0
6 0
6 0
6 0
6 0
6 0
6 0
6 0
0 0
6 0
6 0
6 0
0 0
6 0
0 0
6 0
6 0
6 0
6 0
6 0
6 0
6 0
0 0
0 0
0 0
0 0
0 0
0 0
6 0
0 0
0 0
6 0
0 0
0 0
0 0
0 0
0 0
0 0
0 0
0 0
0 0
0 0
0 0
6 6
6 0
6 0
0 0
6 0
6 0
6 6
6 0
6 6
6 0
6 6
6 6
6 0
6 0
0 0
6 0
6 0
6 0
6 0
0 0
0 0
0 0
6 0
0 0
6 0
0 0
0 0
6 0
0 0
6 0
6 0
6 0
6 0
6 0
0 0
0 0
6 0
6 0
6 0
0 0
0 0
6 0
6 0
6 6
6 6
6 6
6 6
6 6
6 6
6 6
6 6
6 6
6 0
6 0
6 0
6 0
6 6
