32 32
32 32
33 32
16 16
16 16
16 16
10 16
10 16
16 16
16 16
16 16
10 16
10 16
16 16
10 10
10 10
10 10
10 10
10 10
10 10
10 10
10 10
10 10
10 10
10 10
10 10
10 10
10 10
10 10
10 10
10 16
10 10
16 16
10 16
10 10
10 10
10 10
10 10
10 10
10 10
10 10
10 10
10 10
10 10
10 10
10 10
10 10
10 10
10 10
10 10
10 10
10 10
10 10
10 10
10 10
10 10
10 10
10 10
10 10
10 10
10 10
10 10
10 10
10 10
10 10
10 10
10 10
10 10
10 10
10 10
10 10
10 10
10 10
10 10
10 10
10 10
10 10
10 10
10 10
10 10
10 10
16 10
16 10
10 10
16 10
10 10
10 10
10 10
10 10
10 16
10 16
10 16
10 16
10 16
10 16
10 16
10 16
10 16
10 16
10 16
16 16
16 16
16 16
16 10
16 16
16 16
16 16
16 16
10 16
10 16
10 16
10 16
10 16
16 16
10 16
16 16
16 16
16 16
10 10
10 10
10 10
10 10
10 10
10 10
10 10
10 10
10 10
10 10
10 16
10 16
10 16
10 16
10 16
10 16
10 16
10 16
10 16
10 16
10 10
10 10
10 10
10 10
10 10
10 10
10 10
10 10
10 16
10 10
10 16
10 10
10 16
10 10
10 16
10 16
10 16
10 16
10 16
10 16
10 16
10 16
10 16
10 16
10 16
10 16
10 16
10 10
10 10
10 10
10 16
10 10
10 10
10 10
10 10
10 16
10 10
10 16
10 16
10 16
10 16
10 16
10 16
10 16
10 16
10 16
10 16
16 16
10 16
10 10
10 16
10 16
10 16
10 10
10 16
10 16
10 16
10 16
10 16
10 16
10 16
10 10
6 10
6 10
6 10
6 10
6 10
6 10
6 10
6 10
10 10
10 10
10 10
10 10
6 10
27 59
6 10
6 10
6 10
6 10
6 10
6 10
6 10
6 10
6 10
6 10
6 10
6 10
6 10
6 10
6 10
10 10
6 10
6 10
27 56
10 10
6 10
27 56
10 10
27 56
27 56
27 10
10 56
10 10
10 10
10 10
10 10
27 56
10 10
10 10
10 10
10 10
10 10
10 10
10 10
10 10
10 10
10 10
10 10
27 10
27 10
10 10
27 59
27 59
27 10
27 10
27 10
27 10
27 10
10 10
27 10
27 10
27 56
27 10
27 10
27 59
10 10
27 10
27 10
27 56
27 10
10 10
10 10
10 10
27 10
10 10
27 59
27 59
27 59
27 59
27 59
27 59
27 59
10 59
10 10
27 59
27 59
27 59
27 59
27 59
27 59
27 59
27 10
10 10
27 10
27 10
10 10
10 10
10 10
10 10
6 10
10 10
10 10
10 10
6 10
6 10
6 10
10 10
10 10
10 10
10 10
10 10
6 10
10 10
6 10
10 10
10 10
10 10
10 10
10 10
10 10
10 10
10 10
10 10
10 10
10 10
10 10
10 10
10 10
10 10
10 10
10 10
10 10
27 10
10 10
10 10
27 10
27 10
10 10
27 56
10 10
6 10
6 10
6 10
6 10
10 10
10 10
10 10
6 10
10 10
10 10
10 10
10 10
6 10
10 10
10 10
10 10
10 10
10 10
10 10
10 10
10 10
10 10
10 10
6 10
6 10
6 10
6 10
10 10
10 10
10 10
10 10
10 10
10 10
10 10
10 10
10 10
10 10
27 10
27 10
10 10
10 10
10 10
10 10
10 10
10 10
10 10
10 10
10 10
10 10
10 10
27 10
18 10
18 10
18 10
18 10
10 10
6 6
6 6
6 6
6 6
10 6
10 6
6 6
6 6
6 6
6 6
6 6
6 6
6 6
6 6
6 6
6 6
6 6
6 6
6 6
6 6
6 6
6 6
6 6
10 6
0 6
6 6
10 6
6 6
10 6
6 6
6 6
6 6
6 6
6 6
6 6
10 6
10 6
10 6
10 6
10 6
10 6
10 6
10 6
10 6
10 6
10 6
10 6
10 6
10 6
10 6
10 6
10 6
10 6
10 6
10 6
10 6
10 6
10 6
10 6
10 6
10 6
10 6
10 6
10 6
10 6
10 6
10 6
10 6
10 6
10 6
10 6
6 6
10 6
6 6
6 6
6 6
6 6
6 6
6 6
6 6
6 6
6 6
6 6
6 6
6 6
10 10
10 6
10 6
10 6
6 6
10 10
10 6
10 6
6 6
10 6
10 6
10 6
10 6
10 6
6 6
10 6
6 6
6 6
6 6
10 6
6 6
6 6
10 6
10 6
10 6
10 6
10 6
10 6
10 6
0 6
10 6
6 6
6 6
6 6
6 6
6 6
0 6
6 6
0 6
6 6
6 6
6 6
6 6
6 6
6 6
6 6
10 6
6 6
0 6
6 6
0 6
10 6
0 6
10 6
10 6
10 6
10 6
10 6
0 6
0 6
0 6
0 6
0 6
0 6
0 30
0 30
0 30
0 6
0 30
0 30
0 0
0 6
0 6
0 6
0 6
0 6
0 6
0 6
0 6
0 6
0 6
0 0
0 0
0 0
0 0
0 6
0 6
0 6
0 6
0 6
0 6
0 6
0 6
0 6
0 6
0 6
0 6
0 6
0 6
0 6
0 6
0 6
0 6
0 6
0 6
0 6
0 0
0 6
0 6
0 6
12 19
19 9
19 9
19 9
19 9
19 9
9 9
9 9
19 9
19 9
9 9
9 9
9 9
9 9
9 9
19 19
19 9
9 9
9 9
9 9
9 9
19 9
19 9
19 9
19 9
19 9
19 9
19 19
9 19
9 9
9 19
9 9
9 9
9 9
9 9
19 9
9 9
9 9
9 9
9 9
9 9
9 9
9 9
9 9
9 9
9 9
9 9
9 9
9 9
9 9
9 9
9 9
9 9
9 9
9 9
9 9
9 9
9 9
9 9
9 9
9 9
9 9
9 9
9 9
9 19
9 19
9 19
9 19
9 19
9 19
9 9
9 9
9 19
9 19
9 19
9 19
9 19
9 19
9 19
9 19
9 19
9 19
9 19
9 19
9 19
9 19
9 19
9 19
9 19
9 19
9 19
9 19
9 19
9 19
9 19
9 19
9 19
9 19
9 19
9 19
9 19
9 19
9 9
19 19
9 19
9 19
9 19
9 19
9 19
9 19
9 19
9 19
9 19
9 19
9 19
9 19
9 19
9 19
9 19
9 19
9 19
9 19
9 19
9 19
9 19
9 19
9 19
9 19
9 19
9 19
9 9
9 9
9 9
9 9
9 9
9 9
9 9
9 9
9 9
9 9
9 9
9 9
9 9
9 9
9 9
9 9
9 9
9 9
9 9
9 9
9 9
9 9
9 9
9 9
9 9
9 9
9 9
9 9
9 9
9 9
9 9
9 9
9 9
9 9
9 9
9 9
9 9
9 9
9 9
9 9
9 9
9 9
9 9
9 9
9 9
9 9
9 9
9 9
9 9
9 9
9 9
9 9
9 9
9 9
9 9
9 9
9 9
9 9
9 9
9 9
9 9
9 9
9 9
9 9
9 9
9 9
9 9
9 9
9 9
9 9
17 22
17 22
17 22
17 17
9 9
9 22
11 22
9 9
11 9
11 9
11 9
11 9
9 9
11 9
11 11
11 11
11 11
11 11
11 11
11 11
11 9
11 9
11 9
11 11
11 11
11 11
11 9
11 9
11 9
11 9
11 9
11 9
11 11
11 11
11 11
11 11
11 11
11 11
11 11
11 11
11 11
11 11
11 11
11 11
11 11
11 11
11 11
11 11
11 11
11 11
11 11
11 11
11 11
11 11
11 11
11 11
11 9
11 11
11 11
11 11
11 11
11 11
11 11
11 11
11 11
11 11
11 11
11 11
11 11
11 11
11 11
11 11
11 11
11 11
11 11
11 11
11 11
11 11
11 11
11 11
11 11
11 11
11 11
11 11
11 11
11 11
11 11
11 11
11 11
11 11
11 11
11 11
11 11
11 11
11 11
11 11
11 11
11 11
11 11
11 11
11 11
11 11
11 11
11 11
11 11
11 11
11 11
11 11
19 10
11 11
11 11
11 11
11 11
11 11
11 11
11 11
11 11
11 11
11 11
11 11
11 11
11 11
11 11
11 11
11 11
11 11
11 11
11 11
11 11
11 11
11 11
11 11
11 11
11 11
11 11
11 11
11 11
11 11
11 11
11 11
11 11
11 11
11 11
11 11
11 11
11 11
11 11
11 11
11 11
11 11
11 11
11 11
11 11
11 11
11 11
11 11
11 11
11 11
11 11
11 11
11 11
11 11
11 11
11 11
11 11
11 11
11 11
11 11
11 11
11 11
11 11
11 11
11 11
11 11
11 11
11 11
11 11
11 11
11 11
11 11
11 11
11 11
11 11
11 11
11 11
11 11
11 11
11 11
11 11
11 11
11 11
11 11
11 11
11 11
11 11
11 11
11 11
11 11
11 11
11 11
17 6
17 6
17 15
17 15
17 15
17 15
16 15
16 15
16 15
17 15
17 15
17 15
17 15
17 15
16 15
16 15
17 15
16 15
17 6
17 15
17 17
17 6
17 17
17 6
17 17
17 17
16 16
16 16
16 6
16 6
16 6
16 6
6 6
6 6
6 6
6 6
6 6
6 6
6 6
6 6
17 17
17 17
6 6
6 6
6 6
6 6
6 6
17 17
17 17
6 6
6 0
6 6
17 6
17 6
6 0
6 6
6 6
17 6
17 6
17 6
17 6
17 6
17 6
17 6
17 0
17 6
17 17
17 0
17 6
17 0
17 0
6 6
6 6
6 0
17 6
17 6
17 6
17 6
17 6
17 0
0 0
0 0
0 0
0 17
17 17
17 17
17 17
17 17
17 17
17 17
17 17
17 0
17 0
17 0
17 17
17 17
17 17
17 17
17 17
17 17
17 6
17 17
17 17
17 17
17 17
17 0
17 17
6 0
6 6
6 6
17 6
6 6
17 0
17 6
17 6
17 6
17 17
17 17
17 17
0 17
17 6
17 17
17 17
17 17
17 17
17 17
17 17
17 17
17 6
17 17
17 17
6 6
17 17
17 17
17 17
17 17
17 17
17 0
0 0
0 0
0 0
0 0
17 0
6 0
6 0
6 0
6 0
6 0
6 0
17 0
6 0
6 0
6 0
6 0
6 0
0 0
0 0
0 0
6 0
6 0
6 0
0 0
6 0
0 0
6 0
0 0
0 0
6 6
6 0
17 0
17 0
17 0
17 0
17 0
6 0
17 0
6 0
17 0
17 0
17 0
17 0
6 0
17 0
17 0
17 0
17 0
17 0
17 0
17 0
17 0
6 6
6 6
6 6
6 6
6 6
6 6
6 6
6 0
6 0
6 6
0 6
0 0
16 0
0 0
16 16
16 0
16 0
16 0
16 0
16 0
0 0
0 0
0 0
0 0
0 0
0 0
0 0
0 0
0 0
0 0
16 0
0 0
0 0
16 0
0 0
0 0
0 0
16 0
16 16
0 0
16 0
0 0
0 0
16 0
0 0
0 0
0 0
0 0
16 0
0 0
0 0
16 0
16 0
16 16
16 16
16 16
16 16
16 16
16 16
16 16
16 16
16 16
16 16
16 16
16 16
16 16
16 16
16 16
16 16
16 16
16 16
16 16
16 16
16 16
16 16
16 16
16 16
16 16
16 0
16 16
16 16
16 16
16 16
16 16
16 16
16 0
16 0
16 0
16 16
16 16
16 0
16 0
0 0
0 0
16 0
0 0
16 0
0 0
16 0
0 0
16 0
0 0
0 0
0 0
16 16
16 26
16 0
16 16
16 26
16 16
16 26
16 16
16 16
16 16
16 16
16 16
16 16
16 16
16 16
0 0
0 0
0 0
0 0
0 0
0 0
16 0
16 0
0 25
16 0
16 25
16 25
16 15
16 15
16 15
16 26
16 26
16 26
16 26
16 16
16 26
16 26
16 16
16 16
16 16
16 16
16 26
16 26
16 26
16 26
16 16
16 16
16 16
16 16
16 16
16 16
16 16
16 16
16 16
16 16
16 16
16 16
16 16
16 16
16 16
16 16
16 16
16 16
16 16
16 16
16 16
16 16
16 16
16 16
16 16
16 16
16 16
16 16
16 16
16 16
16 16
16 16
16 16
16 16
16 16
16 16
16 16
16 16
16 16
16 16
16 16
16 16
16 16
16 16
16 16
16 16
16 16
16 16
16 16
16 16
16 16
16 16
16 16
16 16
16 16
16 16
16 16
16 16
16 16
16 16
16 16
0 19
0 12
0 0
0 0
0 12
0 12
0 12
0 12
0 0
0 12
0 0
0 0
0 12
0 0
0 19
0 0
0 0
0 0
0 0
0 0
0 0
0 12
0 12
0 10
0 10
0 0
0 10
0 10
0 10
0 10
0 10
0 10
0 10
0 18
0 10
0 10
0 0
0 0
0 0
0 0
0 0
0 0
0 0
0 0
0 0
0 0
0 0
0 0
0 0
0 0
0 0
0 0
0 0
0 0
0 0
0 0
0 0
0 0
0 0
0 0
0 0
0 0
0 0
0 0
0 0
0 0
0 0
0 0
0 0
0 0
0 0
0 0
0 0
0 0
0 0
0 0
0 0
0 0
0 0
0 0
0 0
0 0
0 0
0 0
0 0
0 0
0 0
0 0
0 0
0 0
0 0
0 0
0 0
0 0
0 0
0 0
0 0
0 0
0 0
0 0
0 0
0 0
0 0
0 0
0 0
0 0
0 0
0 0
0 0
0 0
0 0
0 0
0 0
0 0
0 0
0 0
0 0
0 0
0 0
0 0
0 0
0 0
0 0
0 0
0 0
0 0
0 0
0 0
0 0
0 0
0 0
0 0
0 0
0 0
0 0
0 0
0 0
0 0
0 0
0 0
0 0
0 0
0 0
0 0
0 0
0 0
0 0
0 0
0 0
0 0
0 0
0 0
0 0
0 0
0 0
0 0
0 0
0 0
0 0
0 0
0 0
0 0
0 0
0 0
0 0
0 0
0 0
0 0
0 0
0 0
0 0
0 0
0 0
0 0
0 0
0 0
0 0
0 0
0 0
0 0
0 0
0 0
0 0
0 0
0 0
0 0
0 0
0 0
0 0
0 0
0 0
0 0
0 0
0 0
0 0
0 0
0 0
0 0
0 0
0 0
12 12
12 12
12 12
12 16
12 16
12 16
12 12
12 16
12 16
12 16
12 16
12 16
12 16
12 16
12 16
12 12
12 12
12 16
12 16
12 16
12 16
12 16
12 12
12 12
12 12
12 12
12 12
12 12
12 12
12 12
12 12
12 12
12 12
12 12
12 12
12 12
12 12
12 12
12 12
12 12
12 12
12 12
12 12
12 12
12 12
12 12
12 12
12 12
12 12
12 12
12 12
12 12
12 12
12 12
12 12
12 12
12 12
12 12
12 12
12 12
12 12
12 12
12 12
12 12
12 12
12 12
12 12
12 12
12 12
12 12
12 12
12 12
12 12
12 12
12 12
12 12
12 12
12 12
12 12
12 12
12 12
12 12
12 12
12 12
12 12
12 12
12 12
12 12
12 12
12 12
12 12
12 12
12 12
12 12
12 12
12 12
12 12
12 12
12 12
12 12
12 12
12 12
12 12
12 12
12 12
12 12
12 12
12 12
12 12
12 12
12 12
12 12
12 12
12 12
12 12
12 12
12 12
12 12
12 12
12 12
12 12
12 12
12 12
12 12
12 12
12 12
12 12
12 12
12 12
12 12
12 12
12 12
12 12
12 12
12 12
12 12
12 12
12 12
12 12
12 12
12 12
12 12
12 12
12 12
12 12
12 12
12 12
12 12
12 12
12 12
12 12
12 12
12 12
12 12
12 12
12 12
12 12
12 12
12 12
12 12
12 12
12 12
12 12
12 12
12 12
12 12
12 12
12 12
12 12
12 12
12 12
12 12
12 12
12 12
12 12
12 12
12 12
12 12
12 12
12 12
12 12
12 12
12 12
12 12
12 12
12 12
12 12
12 12
12 12
12 12
12 12
12 12
12 12
12 12
12 12
12 12
12 12
12 12
12 12
12 12
12 0
32 29
32 29
32 29
32 29
32 29
32 29
32 29
32 29
32 29
32 29
32 29
32 29
32 29
32 29
32 29
32 29
32 31
32 29
32 29
32 29
32 29
32 29
32 29
32 29
32 29
32 29
32 0
32 29
32 0
32 0
32 29
32 0
32 29
32 0
32 0
32 0
32 0
32 0
32 0
32 0
32 0
32 0
32 0
32 0
32 29
32 0
32 29
32 0
32 0
32 0
32 0
32 0
32 29
32 0
32 29
32 0
32 29
32 0
32 29
32 0
32 29
32 29
32 0
32 0
32 0
32 0
32 0
32 0
32 0
32 0
32 0
32 0
32 0
32 0
32 29
32 0
32 29
32 0
32 0
32 0
32 0
32 0
32 0
32 0
32 0
32 0
32 0
32 0
32 0
32 0
32 0
32 0
32 29
32 29
32 29
32 29
32 29
32 29
32 29
12 0
32 0
12 0
12 0
12 0
12 0
12 0
12 0
12 0
12 0
12 0
12 0
12 0
12 0
12 0
12 0
12 0
12 0
12 0
12 0
12 0
12 0
12 0
12 0
12 0
12 0
12 0
12 0
12 0
12 0
32 0
12 0
12 0
12 0
12 0
12 0
12 0
12 0
12 0
12 0
12 0
12 0
12 0
12 0
12 0
12 0
12 0
12 0
12 0
12 0
12 0
12 0
12 0
12 0
12 0
12 0
12 0
12 0
12 0
12 0
12 0
12 0
12 0
12 0
12 0
32 29
32 29
32 29
32 0
32 0
32 0
12 0
12 0
12 0
32 0
32 0
12 0
32 0
12 0
12 0
32 0
12 0
32 0
12 0
32 0
32 0
32 0
32 0
32 0
32 29
32 0
32 0
32 0
32 0
32 0
32 0
32 0
32 0
32 0
32 0
18 23
18 23
18 6
18 23
18 23
18 6
18 23
35 29
35 29
35 29
35 29
35 29
35 29
35 6
35 29
35 6
35 6
35 29
35 29
35 29
35 29
35 29
35 29
35 29
35 6
35 29
35 29
35 29
35 29
35 6
35 29
35 29
35 29
35 29
35 29
35 29
35 29
35 29
35 29
35 29
35 29
35 29
35 29
35 29
35 29
35 29
35 29
35 29
35 29
35 29
35 29
35 29
35 29
35 29
35 29
35 29
35 29
35 29
35 29
35 6
35 6
35 29
35 29
35 29
35 6
35 6
35 6
35 6
35 6
35 6
35 6
35 6
35 6
35 6
35 6
35 6
35 6
35 6
35 6
35 6
35 6
35 6
35 6
35 6
35 6
35 6
35 6
35 6
35 6
35 6
35 6
35 6
35 6
35 6
35 6
35 6
35 6
35 6
35 6
35 6
35 6
35 6
35 6
35 6
35 6
35 6
35 6
35 6
35 6
35 6
35 6
35 6
35 6
35 6
35 6
35 6
35 6
35 6
35 6
35 6
35 6
35 6
35 6
35 29
35 29
35 6
35 29
35 6
35 6
35 6
35 6
35 6
35 6
35 6
35 6
35 6
35 6
35 6
35 6
35 6
35 29
35 29
35 6
35 6
35 29
35 6
35 29
35 29
35 29
35 29
35 29
35 29
35 29
35 29
35 29
35 29
35 29
35 29
35 29
35 29
35 29
35 29
35 29
35 29
35 29
35 29
35 29
35 29
35 29
35 29
35 29
35 6
35 6
35 29
35 29
35 6
35 29
35 29
35 29
35 29
35 29
35 6
35 6
35 6
35 6
35 6
35 29
35 29
35 29
35 29
35 29
35 29
35 29
35 29
35 29
35 29
35 29
35 6
35 29
35 29
16 16
16 31
16 5
16 31
16 31
16 25
16 31
16 31
16 18
16 18
16 5
16 5
16 5
16 18
16 18
16 5
16 5
16 18
16 18
16 18
16 31
16 18
16 5
16 5
16 5
16 5
16 18
16 18
16 5
16 18
16 18
16 18
16 5
16 5
16 5
16 5
16 5
16 5
16 18
16 31
16 31
16 18
16 18
16 18
16 18
16 18
16 18
16 18
16 18
16 18
16 5
12 18
12 18
12 18
16 18
16 18
16 18
16 18
16 18
12 5
16 5
16 5
16 18
16 5
16 5
16 5
16 18
16 5
12 5
16 5
16 5
12 18
12 18
12 18
16 18
16 18
16 18
16 18
16 18
16 18
16 18
16 18
16 5
16 5
16 5
16 5
16 5
16 5
16 5
16 5
16 5
16 5
16 5
16 5
16 5
16 5
16 5
16 5
16 5
16 5
16 5
16 5
16 5
16 5
16 5
16 5
16 5
16 5
16 5
16 5
16 5
16 5
16 5
16 5
16 5
16 5
16 5
16 5
16 5
16 5
16 5
16 5
16 5
16 5
16 5
16 5
16 5
16 5
16 5
16 5
16 5
16 5
16 5
16 5
16 5
16 5
16 5
16 5
16 5
16 5
16 5
16 5
16 5
16 5
16 5
16 5
16 5
16 5
16 5
16 5
16 5
16 5
16 5
16 5
16 5
16 5
16 5
16 5
16 5
16 5
16 5
16 5
16 5
16 5
16 5
16 5
16 25
16 5
16 5
16 5
16 5
16 5
16 5
16 5
16 5
16 5
16 5
16 5
16 5
16 5
16 5
16 5
16 5
16 5
16 5
16 5
16 5
16 5
16 5
16 5
16 5
16 5
16 5
16 5
16 5
16 5
16 5
16 5
16 5
16 5
5 5
5 5
5 9
5 9
5 9
5 9
5 9
5 9
5 12
5 12
5 12
5 12
5 9
5 9
5 9
5 9
5 9
5 9
5 9
5 9
5 9
5 9
5 9
5 9
5 9
5 9
5 9
5 9
5 9
5 9
5 9
5 9
5 9
5 9
5 9
5 9
5 9
5 9
5 9
5 9
5 9
5 9
5 9
5 9
5 9
5 9
5 9
5 9
5 9
5 9
5 9
5 9
5 9
5 9
5 9
5 9
5 9
5 9
5 9
5 9
5 9
5 9
5 9
5 9
5 9
5 9
5 9
5 9
5 9
5 9
5 9
5 9
5 9
5 9
5 9
5 9
5 9
5 9
5 9
5 9
5 9
5 9
5 9
5 9
5 9
5 9
5 9
5 9
5 9
5 9
5 9
5 9
5 9
5 9
5 9
5 9
5 9
5 9
5 9
5 9
5 9
5 9
5 9
5 9
5 9
5 9
5 9
5 9
5 9
5 9
5 9
5 9
5 9
5 9
5 9
5 9
5 9
5 9
5 9
5 9
5 9
5 9
5 9
5 9
5 9
5 9
5 9
5 9
5 9
5 9
5 9
5 9
5 9
5 9
5 9
5 9
5 9
5 9
5 9
5 9
5 9
5 9
5 9
5 9
5 9
5 9
5 9
5 9
5 9
5 9
5 9
5 9
5 9
5 9
5 9
5 9
5 9
5 9
5 9
5 9
5 9
5 9
5 9
5 9
5 9
5 9
5 9
5 9
5 9
5 9
5 9
5 9
5 9
5 9
5 9
5 9
5 9
5 9
5 9
5 9
5 9
5 9
5 9
5 9
5 9
5 9
5 9
5 9
5 9
5 9
5 9
5 9
5 9
5 9
5 9
5 9
5 9
5 9
5 9
5 9
39 39
39 39
32 22
23 22
23 22
23 22
32 22
23 22
23 22
23 22
23 22
23 22
23 22
32 22
23 22
23 22
23 22
32 22
32 22
23 22
32 22
23 22
23 22
32 22
23 22
23 22
23 22
23 22
23 22
23 22
23 22
22 22
32 22
23 22
23 22
23 22
23 22
23 22
23 22
23 22
23 22
23 22
23 22
23 22
23 12
23 22
23 22
23 22
23 22
23 22
23 22
23 22
23 22
23 22
23 22
23 22
23 22
23 22
23 22
23 22
23 22
23 22
23 22
23 22
23 22
23 22
23 22
23 22
23 22
23 22
23 22
23 22
23 22
23 22
23 22
23 22
23 22
23 22
23 22
23 22
23 22
23 12
23 22
23 22
23 12
23 12
23 22
23 22
23 22
23 22
23 22
23 22
23 22
23 22
23 22
23 22
23 22
23 22
23 22
23 22
23 22
23 22
23 22
23 22
23 22
23 22
23 22
23 12
23 22
23 22
23 12
23 22
23 12
23 22
23 12
23 12
23 22
23 22
23 22
23 12
23 12
23 22
23 12
23 22
23 22
23 22
23 12
23 22
23 22
23 12
23 12
23 12
23 12
23 12
23 12
23 12
23 12
23 12
23 12
23 12
23 12
23 12
23 12
23 12
23 22
23 12
23 12
23 12
23 12
23 12
23 12
23 12
23 12
23 12
23 12
23 12
23 12
23 12
23 12
23 12
23 12
23 22
23 22
17 22
23 12
17 20
23 20
23 20
23 12
23 12
32 22
32 22
32 22
32 22
32 22
32 22
32 22
32 22
32 22
32 22
32 22
32 22
32 22
32 22
32 22
32 22
32 22
32 22
32 22
32 22
32 22
32 22
32 22
32 22
32 22
32 22
32 22
32 22
32 22
32 22
44 36
44 36
44 36
27 36
41 36
19 17
27 17
27 18
27 18
27 18
27 16
27 16
27 16
27 16
27 16
27 16
27 16
27 16
27 16
16 16
27 16
27 16
27 16
27 16
27 16
27 16
27 16
27 16
27 16
27 14
27 14
27 16
27 16
27 16
27 16
27 16
27 16
27 16
27 16
27 16
27 16
27 16
29 16
27 16
16 16
16 16
16 16
16 16
29 16
29 16
27 16
16 16
27 16
27 16
27 16
27 16
27 16
27 16
27 16
27 16
27 16
29 16
27 16
27 16
27 16
27 16
27 16
27 16
19 16
9 16
9 16
9 16
19 16
27 16
27 16
27 16
27 16
27 16
27 16
27 16
27 16
27 16
27 16
27 16
19 16
27 16
16 16
16 16
16 16
16 16
16 16
16 16
16 16
16 16
19 16
16 16
16 16
16 16
16 16
27 16
27 16
27 16
19 16
29 16
29 16
27 16
29 16
29 14
19 16
19 16
29 16
29 16
29 16
29 16
29 16
19 16
29 16
29 16
29 16
29 16
29 14
29 16
29 16
19 16
19 16
29 16
29 16
29 16
19 16
27 16
27 16
27 16
27 16
27 16
27 16
27 16
29 16
19 16
29 16
29 16
29 14
16 16
27 16
29 16
27 16
27 16
27 16
27 16
27 16
19 16
16 16
16 16
27 16
16 16
16 16
27 16
27 16
27 16
27 16
27 16
27 16
27 16
27 16
27 16
27 16
27 16
27 16
27 16
27 16
27 16
27 16
27 16
27 16
19 16
16 16
16 16
16 16
16 16
14 16
16 16
27 16
27 16
16 16
16 16
27 16
27 16
27 16
27 16
27 16
27 16
27 16
27 16
27 17
27 17
27 17
29 14
29 14
29 14
29 14
29 14
33 11
33 11
33 11
33 11
33 11
33 11
33 11
33 11
33 11
33 11
33 11
33 11
33 11
33 11
33 11
33 11
33 11
33 26
33 11
33 11
33 11
33 26
33 26
24 11
11 11
11 11
33 11
33 11
33 11
8 11
33 11
33 26
33 11
33 11
33 11
11 11
11 11
33 11
33 11
33 11
33 11
33 11
6 11
33 11
8 11
33 11
8 11
27 6
27 11
27 11
11 6
11 11
6 6
11 6
27 6
11 11
27 6
27 6
27 6
27 6
27 6
6 11
6 11
6 11
6 11
6 11
6 11
6 11
6 11
6 11
6 11
6 11
6 11
6 11
11 11
11 11
11 11
6 11
6 11
11 11
11 11
11 11
11 11
11 11
11 11
33 11
33 11
33 8
8 8
8 8
8 8
33 8
27 6
27 6
27 6
27 6
27 6
27 6
27 6
27 6
27 6
27 6
27 6
27 6
27 6
27 6
27 6
27 6
27 6
27 6
27 6
27 6
27 6
27 6
27 6
27 6
27 6
27 6
27 6
27 6
27 6
27 6
27 6
27 6
27 6
27 6
27 6
27 6
27 6
27 6
27 6
27 6
27 6
27 6
27 6
11 6
27 6
27 6
27 6
11 6
27 6
27 6
27 6
27 6
27 6
11 6
27 6
11 6
27 6
27 6
27 6
27 6
27 6
27 6
27 6
27 6
27 6
27 6
27 6
27 6
27 6
27 6
27 6
27 6
11 6
11 6
11 6
27 6
27 6
27 6
6 6
27 6
27 6
11 6
6 6
27 6
27 6
27 6
27 6
27 6
27 6
27 6
27 6
27 6
27 6
27 6
27 6
27 6
27 6
27 6
27 6
27 6
27 6
27 6
27 6
27 6
27 6
27 6
27 6
27 6
23 4
7 4
7 4
7 4
7 4
32 4
23 4
7 7
7 4
7 4
7 4
7 4
7 4
7 4
7 4
7 4
7 4
7 4
7 4
7 4
7 4
32 4
7 4
7 7
37 4
37 15
37 7
37 7
37 7
37 7
7 7
7 7
7 6
7 6
6 6
7 4
7 6
6 6
4 4
4 4
32 4
4 15
32 6
32 4
32 6
32 6
4 4
23 4
6 6
7 4
6 6
7 4
7 4
7 4
7 4
7 6
7 7
7 7
7 7
7 4
7 6
7 7
7 7
7 7
7 7
7 7
7 7
7 7
7 7
7 7
7 7
7 7
7 4
7 4
7 4
7 7
7 7
7 6
7 7
7 7
7 6
7 6
7 4
7 7
7 6
7 7
7 6
7 6
7 6
7 4
7 4
7 4
7 6
7 6
23 4
7 4
7 6
7 6
6 6
6 6
7 4
7 6
7 6
7 6
7 6
7 6
7 6
7 7
7 7
4 6
7 6
7 6
7 6
7 6
7 6
7 6
7 6
7 4
7 7
7 7
7 4
7 7
7 7
4 7
4 7
4 7
4 7
7 7
7 7
7 7
7 7
4 7
4 7
4 7
7 7
7 4
4 7
4 7
4 7
4 4
4 4
4 4
23 4
4 4
4 4
4 4
4 4
4 15
4 15
4 15
4 4
4 15
4 15
4 7
4 7
4 6
4 6
4 15
4 15
4 6
4 7
4 7
4 7
4 7
4 6
4 37
4 37
4 37
4 37
4 13
4 6
4 6
7 6
4 13
4 13
4 13
4 6
23 4
4 4
23 4
4 4
4 4
4 4
23 4
23 4
23 4
23 4
23 4
23 23
23 23
23 23
23 4
23 4
23 4
23 4
23 4
23 4
23 4
23 23
23 23
0 0
36 0
0 0
25 0
55 17
55 17
7 17
25 17
36 17
25 0
7 7
0 0
0 0
0 7
0 0
0 7
0 17
0 7
17 17
36 17
17 17
0 17
25 0
25 0
0 0
7 0
25 0
0 0
7 7
7 7
25 7
0 7
25 0
0 0
0 7
0 7
0 7
0 7
0 7
0 7
0 7
0 7
7 7
7 7
7 7
7 7
7 7
7 7
7 7
36 7
7 0
7 0
7 0
7 0
7 0
7 0
7 0
7 0
25 0
25 0
25 0
25 0
25 0
25 0
25 0
25 7
25 0
7 0
25 0
25 0
7 0
7 0
7 0
7 0
7 0
25 0
25 0
25 0
25 0
25 0
25 0
25 0
0 0
0 0
25 0
0 0
0 0
25 0
0 0
25 0
25 0
25 0
25 0
25 0
25 0
25 0
25 0
25 0
25 0
25 0
25 0
25 0
25 0
25 0
25 0
25 0
25 0
25 0
25 0
25 0
25 0
25 0
25 0
25 0
25 0
25 0
7 0
7 0
25 0
7 0
25 0
25 0
25 0
25 0
25 0
25 0
25 0
25 0
25 0
25 0
0 0
0 0
0 0
0 0
25 0
25 0
17 0
17 0
25 0
25 0
25 0
25 0
25 0
25 0
25 0
25 0
25 0
25 0
7 0
0 0
0 0
0 0
0 0
0 0
0 0
0 0
0 0
0 0
0 0
0 0
0 0
0 0
0 0
0 0
0 0
0 0
0 0
0 0
7 0
7 0
0 0
0 0
0 0
0 0
0 0
0 0
0 0
25 0
0 0
0 0
25 0
0 0
0 0
0 0
0 0
0 0
0 0
0 0
0 0
7 0
25 0
25 0
0 0
0 0
0 0
0 0
0 0
0 0
0 0
0 0
32 32
32 32
32 7
32 7
32 32
32 32
32 32
32 7
32 32
32 7
32 32
32 32
32 32
32 7
32 7
32 7
32 7
32 7
32 7
32 7
32 7
32 7
32 7
32 0
32 0
32 0
32 0
32 0
32 0
32 0
32 0
32 0
32 7
32 7
32 7
32 7
32 7
32 7
32 7
32 7
32 7
32 7
32 7
32 7
32 7
32 7
32 7
7 7
7 7
18 7
18 7
18 7
7 7
18 7
18 7
18 7
18 7
18 7
18 7
18 7
18 7
18 7
18 7
0 7
18 7
18 7
18 10
10 7
10 7
10 7
10 7
10 7
18 7
10 7
10 7
10 10
18 7
18 7
18 7
7 7
7 7
18 7
18 7
18 7
18 7
18 10
18 7
18 7
18 7
18 7
18 7
18 7
18 7
18 7
18 10
18 10
18 7
18 7
18 7
18 7
18 7
7 7
7 7
7 7
7 7
0 7
18 7
18 7
18 7
0 7
18 7
18 7
18 7
18 7
18 7
18 7
18 7
18 7
18 7
18 7
7 7
18 7
7 7
7 7
18 7
18 7
18 7
18 0
18 7
18 0
18 7
18 0
18 7
18 0
18 7
18 7
18 7
18 0
18 7
18 0
18 7
18 7
18 0
18 0
18 7
18 0
18 0
18 0
18 0
18 0
18 0
18 0
18 0
18 0
18 0
18 0
18 0
18 0
18 0
18 0
18 0
18 0
18 0
18 0
18 0
18 0
18 0
18 0
18 0
18 0
18 0
18 0
18 0
18 0
18 0
18 0
18 0
18 0
18 0
18 7
18 7
18 7
18 0
18 0
18 0
18 0
18 7
18 7
18 7
18 0
18 0
18 0
18 0
18 0
18 7
18 0
18 0
18 0
18 7
18 0
28 0
8 0
8 0
28 0
8 17
0 0
8 0
28 0
8 17
0 0
28 0
0 0
0 0
8 0
28 0
0 0
28 0
28 0
28 0
8 0
8 17
28 0
8 17
0 0
0 0
8 17
0 17
0 0
10 0
0 0
0 0
0 17
0 0
0 0
0 0
8 0
0 0
0 0
8 0
0 0
0 0
10 0
8 0
8 0
8 0
10 0
8 0
8 0
8 17
8 17
10 0
8 0
8 0
8 0
8 0
28 0
8 0
10 0
10 0
10 0
10 0
8 0
0 0
8 0
8 0
0 0
0 0
0 0
28 0
28 0
28 0
28 0
28 0
28 17
28 0
28 0
28 0
28 0
28 0
46 0
46 0
28 0
28 0
28 0
28 0
0 0
8 0
8 0
8 0
0 0
0 0
0 0
0 0
0 0
0 0
0 0
0 0
0 0
0 0
0 0
0 0
0 0
0 0
0 0
0 0
0 17
0 17
0 0
0 0
0 0
0 0
0 0
0 0
0 17
0 0
0 0
10 17
8 17
10 0
8 17
0 0
0 0
0 0
0 0
0 0
0 0
0 0
0 0
0 0
0 0
0 0
0 0
0 0
0 0
0 0
0 0
0 0
0 0
0 0
0 0
0 0
0 0
0 0
10 0
10 0
10 0
8 0
56 23
23 10
0 10
56 0
56 10
56 10
8 17
8 17
8 17
8 17
8 17
8 0
8 0
8 0
8 17
8 17
8 17
8 17
8 17
8 17
8 17
8 0
8 0
8 0
8 0
8 0
8 17
8 17
8 0
8 0
8 0
0 0
8 17
8 0
8 17
8 17
8 17
8 17
8 17
8 0
8 17
0 17
8 0
8 17
8 0
8 0
8 0
8 0
8 0
0 17
0 17
0 17
0 17
0 8
28 8
28 8
8 8
28 8
0 8
28 8
28 8
28 8
15 8
15 8
28 8
8 8
28 8
15 8
8 8
8 8
28 8
8 8
28 8
8 8
28 8
15 8
15 8
28 8
28 8
28 8
28 8
8 8
15 8
28 8
28 8
28 8
15 8
15 8
28 8
28 8
28 8
15 8
15 8
15 8
28 8
15 8
54 8
15 8
15 8
28 8
15 8
54 8
15 8
54 8
15 8
15 8
28 8
28 8
8 8
8 8
28 8
28 8
28 8
0 8
8 8
28 8
8 8
15 8
54 8
15 8
8 8
8 8
8 8
15 8
15 8
15 8
44 8
44 17
44 17
44 17
15 17
44 17
44 17
15 17
44 17
44 17
44 17
44 17
44 17
15 17
44 17
28 8
28 8
28 8
28 8
28 8
28 8
28 8
28 8
0 8
28 8
28 8
28 8
28 8
28 8
28 8
28 8
28 8
28 8
28 8
28 8
28 8
8 8
8 8
8 8
8 8
28 8
28 8
28 8
28 8
21 8
28 8
28 8
28 8
28 8
28 8
8 8
8 8
8 8
8 8
8 8
8 8
8 8
8 8
8 8
8 8
0 8
8 8
0 8
0 8
8 8
0 8
8 8
0 8
0 8
8 8
0 8
0 8
8 8
8 8
8 8
8 8
8 8
8 8
8 8
0 8
0 8
0 8
8 8
0 8
8 8
8 8
8 8
8 8
0 8
8 8
0 8
8 8
0 8
28 8
8 8
8 8
28 8
8 8
8 8
8 8
8 8
8 8
8 8
8 8
8 8
8 8
8 8
8 8
8 8
8 8
8 8
8 8
8 8
8 8
8 8
8 8
54 8
8 8
8 8
8 8
8 8
8 8
8 8
8 8
8 8
8 8
0 8
26 31
26 16
53 8
53 8
53 8
26 8
26 8
26 8
26 8
26 8
8 8
8 8
26 8
8 8
8 8
26 5
26 8
26 8
26 8
25 8
26 8
25 8
15 8
8 8
26 8
8 8
8 8
15 8
25 5
25 5
25 5
25 5
16 8
16 5
25 8
26 8
9 9
9 9
15 8
8 8
9 9
9 9
9 8
8 8
8 8
8 8
9 8
9 9
9 9
9 9
9 9
9 9
9 9
9 9
12 15
15 15
12 15
15 15
15 15
12 15
12 15
12 15
8 15
5 15
8 15
15 15
8 15
15 15
15 15
12 15
15 15
15 15
15 15
12 15
12 15
15 15
5 15
5 15
5 15
5 15
5 5
5 5
5 8
5 8
5 8
5 8
8 8
8 8
8 8
8 8
8 8
16 8
8 8
15 8
8 8
8 8
8 8
8 8
8 8
8 8
8 8
8 8
16 8
5 5
5 5
5 5
8 8
15 8
15 5
5 5
15 5
15 5
15 5
15 5
15 5
15 5
15 5
15 5
15 5
15 5
15 5
15 5
5 5
5 5
15 5
5 5
5 5
15 5
15 5
15 5
15 5
15 15
15 5
15 5
15 5
15 5
15 15
15 5
15 5
15 5
15 8
15 8
15 8
15 8
15 5
15 5
15 15
15 15
15 15
15 15
15 15
15 5
15 5
15 5
15 15
15 5
15 5
15 15
15 5
15 15
15 8
15 5
15 5
15 5
15 5
15 5
15 5
15 5
15 8
15 8
15 15
15 5
15 15
15 8
15 15
15 8
15 15
15 8
15 15
15 15
15 15
15 8
15 8
15 8
15 8
15 8
15 8
15 8
15 8
15 12
15 8
15 8
15 8
15 8
15 8
15 15
15 8
15 8
15 15
15 15
25 32
25 10
8 10
8 10
8 10
8 10
8 10
8 10
8 10
8 10
8 10
49 10
8 10
8 10
8 8
8 10
8 8
8 10
8 10
8 10
8 10
39 10
8 10
8 10
8 10
8 10
8 10
8 10
8 10
39 10
8 10
8 15
8 10
8 25
8 10
8 10
8 25
8 10
8 10
8 10
8 10
8 10
8 15
8 15
8 15
15 15
15 15
15 15
8 10
15 15
8 15
8 10
8 10
15 15
15 15
8 15
15 15
15 15
15 15
8 15
15 15
15 15
15 15
8 15
8 15
15 15
15 15
8 15
8 15
8 15
8 15
15 15
15 15
8 8
8 15
32 15
8 15
8 15
8 15
8 15
8 15
8 15
8 15
8 15
8 15
8 15
8 15
8 15
8 15
8 15
8 15
8 15
8 15
8 15
8 15
8 15
8 15
8 15
8 15
8 15
8 15
8 10
8 15
25 15
8 10
8 15
8 15
8 15
8 15
8 15
8 15
8 15
8 15
8 15
8 15
8 15
8 15
8 15
8 15
8 15
8 15
8 15
8 15
8 15
8 15
8 10
8 10
15 15
8 15
20 15
8 10
8 15
8 15
8 15
8 15
8 10
8 10
8 15
8 15
15 15
8 15
8 15
8 15
15 15
8 10
8 10
8 10
8 10
8 15
8 15
8 10
8 10
8 15
8 10
8 15
8 15
8 15
8 15
8 15
49 10
8 10
8 10
8 10
8 15
8 10
25 15
8 10
8 10
8 10
8 15
8 10
8 10
8 10
15 15
8 15
8 15
8 15
8 15
8 15
8 15
8 15
8 15
8 15
8 15
8 15
8 15
8 15
8 10
8 10
8 10
8 15
8 15
15 15
8 10
15 15
15 15
15 15
8 32
8 32
8 32
11 13
11 13
11 13
11 13
11 13
11 13
11 13
11 13
11 13
11 13
11 13
11 13
11 13
11 13
11 13
11 13
11 13
11 13
11 11
11 13
11 11
11 13
11 11
11 13
11 11
11 11
11 11
11 13
11 11
11 11
11 13
11 13
11 13
11 13
11 13
11 13
11 13
11 13
11 13
11 13
11 13
11 11
11 11
11 13
11 13
11 13
11 13
11 11
11 13
11 13
11 13
11 13
11 13
11 13
11 13
11 13
11 13
11 13
11 13
11 11
11 11
11 11
11 11
11 11
11 11
11 11
11 11
11 11
11 11
11 11
11 11
11 11
11 11
11 11
11 13
11 11
11 11
11 11
11 11
11 11
11 11
11 11
11 11
11 11
11 11
11 11
11 11
11 13
11 11
11 11
11 11
11 11
11 11
11 11
11 11
11 11
11 11
11 11
11 11
11 11
11 11
11 13
11 13
11 13
11 13
11 13
11 13
11 13
11 13
11 13
11 13
11 13
11 13
11 13
11 13
11 13
11 13
11 13
11 13
11 13
11 11
11 13
11 13
11 13
11 13
11 13
11 11
11 11
11 11
11 11
11 11
11 13
11 13
11 13
11 13
11 11
11 13
11 13
11 13
11 11
11 13
11 13
11 13
11 13
11 13
11 13
11 11
11 11
11 13
11 13
11 11
11 11
11 13
11 11
11 11
11 13
11 11
11 11
11 13
11 13
11 13
11 11
11 11
11 11
11 11
11 11
11 11
11 11
11 11
11 11
11 11
11 11
11 11
11 11
11 11
11 11
11 11
11 11
11 11
11 11
11 11
11 11
11 11
11 11
11 11
11 11
11 11
11 11
11 11
11 11
11 11
11 11
11 11
11 11
11 13
11 11
11 11
11 11
11 11
11 13
40 40
40 40
40 10
50 41
50 41
48 41
40 41
40 10
40 41
40 10
40 10
40 10
29 10
40 10
0 10
40 10
29 10
50 10
48 10
48 41
50 10
40 10
40 10
40 10
40 10
40 10
0 10
40 10
0 10
40 10
40 10
0 10
0 10
50 10
0 23
0 10
23 23
0 23
0 23
29 23
0 23
29 23
0 23
0 23
23 23
29 23
29 23
40 23
40 23
40 23
40 10
40 10
40 10
40 10
40 23
0 10
0 10
29 23
29 23
29 23
29 23
29 23
29 23
29 23
29 23
29 23
29 23
29 23
29 23
29 23
29 23
29 23
29 23
29 33
33 33
23 23
0 10
0 10
0 10
0 10
0 10
0 0
0 0
0 10
0 10
0 10
0 10
0 10
0 10
0 10
0 0
0 10
0 10
0 0
0 10
0 0
0 10
0 10
0 10
0 10
0 10
0 10
0 10
0 0
0 10
0 10
0 10
40 10
40 10
40 10
40 10
0 10
40 10
40 10
40 10
40 23
40 10
40 23
40 10
40 10
40 10
40 10
40 10
29 23
40 10
40 23
40 10
40 10
40 10
40 10
40 10
40 10
40 10
40 10
40 10
40 10
40 10
40 10
40 10
40 10
40 10
48 10
40 10
40 10
40 10
40 10
40 10
40 10
40 23
40 23
40 23
40 23
29 23
29 23
40 23
40 10
40 23
40 10
40 10
50 10
50 10
50 10
0 10
0 10
50 10
50 10
50 10
50 10
50 10
50 10
0 10
50 10
0 10
0 10
0 10
0 10
40 10
40 10
40 10
40 10
40 10
40 10
40 10
40 10
50 10
50 10
50 10
50 10
50 10
50 10
48 41
50 10
48 10
50 10
48 10
50 10
50 10
0 10
0 10
48 0
30 0
10 0
10 0
10 0
30 0
30 0
40 0
40 0
10 0
10 0
30 0
10 0
10 0
10 0
10 0
10 0
30 0
30 0
30 0
30 0
30 0
30 0
30 0
30 0
30 0
10 0
10 0
10 0
10 0
40 0
40 0
10 0
10 0
10 0
30 0
10 0
10 0
10 0
30 0
30 0
30 0
30 0
30 0
30 0
30 0
10 0
10 0
30 0
10 0
10 0
10 0
10 0
10 0
30 0
30 0
30 0
30 0
30 0
30 0
10 0
10 0
40 0
30 0
40 0
30 0
10 0
10 0
10 0
10 0
10 0
10 0
30 0
10 0
10 0
19 0
19 0
19 0
19 0
30 0
30 0
30 0
40 0
30 0
30 0
40 0
30 0
40 0
40 0
40 0
30 0
40 0
40 0
30 0
40 0
40 0
40 0
40 0
40 0
40 0
40 0
40 0
40 0
40 0
40 0
40 0
40 0
40 0
40 0
40 0
40 0
40 0
40 0
40 0
40 0
40 0
40 0
40 0
40 0
40 0
40 0
30 0
30 0
30 0
30 0
30 0
30 0
30 0
30 0
30 0
30 0
40 0
40 0
30 0
40 0
40 0
40 0
40 0
40 0
40 0
40 0
40 0
30 0
40 0
40 0
40 0
30 0
40 0
40 0
40 0
40 0
40 0
40 0
40 0
40 0
40 0
40 0
40 0
40 0
40 0
40 0
40 0
40 0
40 0
40 0
40 0
40 0
40 0
40 0
40 0
40 0
40 0
40 0
40 0
40 0
40 0
40 0
40 0
40 0
40 0
40 0
40 0
40 0
40 0
40 0
40 0
40 0
40 0
40 0
40 0
40 0
40 0
40 0
40 0
40 0
40 0
40 0
40 0
40 0
40 0
40 0
33 33
33 18
33 7
33 7
33 7
33 7
7 7
7 7
7 7
7 4
7 4
33 4
33 4
7 4
7 4
7 4
33 4
7 4
7 4
43 4
7 4
7 4
7 4
7 4
7 4
7 4
7 4
7 4
7 4
7 4
7 4
7 4
7 4
43 4
7 4
7 4
7 4
7 4
7 4
7 4
7 4
43 4
7 4
7 4
4 4
7 4
7 4
7 4
4 4
7 4
7 4
7 4
7 4
4 4
7 4
4 4
4 4
4 4
4 4
7 4
4 4
4 4
4 4
7 4
4 4
4 4
7 4
4 4
4 4
7 4
4 4
4 4
7 4
7 4
7 4
7 4
7 4
7 4
7 4
4 4
4 4
7 4
7 4
4 4
4 4
4 4
4 4
4 4
4 4
4 4
4 4
4 4
4 4
4 4
4 4
4 4
4 4
4 4
4 4
4 4
43 4
4 4
43 4
43 4
43 4
4 4
43 4
33 4
43 4
33 4
33 4
33 4
43 4
33 4
33 4
43 4
43 4
43 4
43 4
43 4
43 4
43 4
43 4
43 4
43 4
43 4
43 4
43 4
43 4
43 4
43 4
43 4
43 4
43 4
43 4
43 4
43 4
43 4
43 4
33 4
33 4
33 4
43 4
43 4
43 4
43 4
43 4
43 4
43 4
7 4
7 4
7 4
7 4
7 4
7 4
43 4
43 4
43 4
43 4
43 4
43 4
7 4
43 4
43 4
43 4
43 4
43 4
33 4
43 4
43 4
43 4
43 4
43 4
43 4
7 4
7 4
7 4
7 4
7 4
43 4
33 4
33 4
43 4
7 4
7 4
7 4
7 4
7 4
7 4
7 4
7 4
7 4
7 4
7 4
7 4
7 4
7 4
7 4
7 4
7 4
17 13
32 10
32 10
32 10
32 10
32 10
32 10
32 10
22 10
22 10
22 10
22 10
22 10
22 10
32 10
32 10
32 10
32 10
22 10
22 10
32 10
32 10
32 10
32 10
22 10
22 10
17 10
22 10
22 10
22 10
22 10
17 10
22 10
17 10
22 10
22 10
22 10
22 10
17 10
17 10
17 10
17 10
22 10
22 10
22 10
22 10
9 10
9 10
9 10
22 10
22 10
22 10
22 10
22 10
22 10
32 10
32 10
22 10
22 10
22 10
17 10
17 10
17 10
22 10
22 10
22 10
22 10
22 10
22 10
22 23
22 23
22 10
22 10
22 10
22 10
22 10
22 10
32 10
32 10
32 10
22 10
22 10
22 10
22 10
22 10
22 10
32 10
22 10
22 10
22 10
22 10
22 10
32 22
22 10
22 10
22 10
22 10
22 22
22 22
22 10
22 10
22 10
22 10
22 10
22 10
22 10
22 10
22 10
22 10
22 10
22 10
22 10
22 10
22 10
22 10
22 10
22 10
22 22
22 22
22 10
22 10
22 22
22 23
22 23
22 23
22 10
22 10
22 10
22 10
32 10
32 10
32 10
32 10
32 10
32 10
22 10
32 10
32 10
22 10
22 10
22 10
22 10
22 10
22 10
22 10
22 10
22 10
32 10
22 10
22 22
22 22
22 22
22 22
32 22
32 10
32 10
22 10
22 10
22 10
22 10
22 22
32 22
22 22
22 22
22 22
22 22
22 22
32 22
32 22
32 22
32 22
32 22
32 22
32 22
22 22
22 22
32 22
32 22
22 22
32 22
32 22
22 10
22 10
22 10
22 10
22 10
22 10
22 10
22 10
32 10
32 10
22 10
32 22
22 23
22 23
22 23
22 23
22 23
22 23
22 10
6 7
6 7
6 7
7 7
7 7
7 7
7 7
7 7
7 7
7 7
6 15
7 7
6 7
7 7
6 7
7 7
7 7
7 7
7 7
7 7
7 7
7 7
7 7
7 7
7 7
7 7
7 7
7 7
7 7
7 7
7 7
7 7
7 7
7 7
7 7
7 7
7 7
7 7
7 7
7 7
7 7
7 7
7 7
7 7
7 7
7 7
7 7
7 7
7 7
7 7
7 7
7 7
7 7
7 7
7 7
7 7
7 7
7 7
7 7
7 7
7 7
7 7
7 7
7 7
7 7
7 7
7 7
7 7
7 7
7 7
7 7
7 7
7 7
7 7
7 7
7 7
7 7
7 7
7 7
7 7
7 7
7 7
7 7
7 7
7 7
7 7
7 7
7 7
7 7
7 7
7 7
7 7
7 7
7 7
7 7
7 7
7 7
7 7
7 7
7 7
7 7
7 7
7 7
7 7
7 7
7 7
7 7
7 7
7 7
7 7
7 7
7 7
7 7
7 7
7 7
7 7
7 7
7 7
7 7
7 7
7 7
7 7
7 7
7 7
7 7
7 7
7 7
7 7
7 7
7 7
7 7
7 7
7 7
7 7
7 7
7 7
7 7
7 7
7 7
7 7
7 7
7 7
7 7
7 7
7 7
7 7
7 7
7 7
7 7
7 7
7 7
7 7
7 7
7 7
7 7
7 7
7 7
7 7
7 7
7 7
7 7
7 7
7 7
7 7
7 7
7 7
7 7
7 7
7 7
7 7
7 7
6 7
6 7
7 7
7 7
7 7
7 7
7 7
7 7
7 7
7 7
7 7
7 7
7 7
7 7
6 7
7 7
7 7
7 7
7 7
7 7
6 7
7 7
7 7
7 7
6 15
6 7
6 7
6 7
7 7
0 0
0 0
0 0
0 0
0 0
0 0
0 0
0 0
0 0
0 0
0 0
0 0
0 0
17 0
0 0
0 0
0 0
0 0
0 0
0 0
0 0
0 0
0 0
0 0
0 0
0 0
0 0
0 0
0 0
0 0
0 0
0 0
12 9
0 0
0 0
0 9
0 9
0 9
0 0
0 0
0 0
0 0
0 0
0 0
0 0
0 0
0 0
0 9
0 0
0 0
0 0
12 9
12 9
12 9
12 9
12 9
12 9
12 9
12 9
12 9
12 9
12 9
12 9
12 9
12 9
12 9
12 9
12 9
12 9
12 9
12 9
12 9
12 9
12 9
12 9
12 9
12 9
12 9
12 9
12 9
12 9
12 9
12 9
12 9
12 9
12 9
12 9
12 9
12 9
12 9
12 9
12 9
12 9
12 9
12 9
12 9
12 9
12 9
12 9
12 9
12 9
12 9
12 9
12 9
12 9
12 9
12 9
12 9
12 9
12 9
12 9
12 9
12 9
12 9
12 9
12 9
12 9
12 9
12 9
12 9
12 9
12 9
12 9
12 9
12 9
12 9
12 9
12 9
12 9
12 9
12 9
12 9
12 9
12 9
12 9
12 9
12 9
12 9
12 9
12 9
12 9
12 9
12 9
12 9
12 9
12 9
0 0
12 9
12 9
12 9
12 9
12 9
12 9
12 9
12 9
12 9
12 9
12 9
12 9
12 9
12 9
12 9
12 9
12 9
12 9
12 9
12 9
12 9
12 9
12 9
12 9
12 9
12 9
12 9
12 9
12 0
12 9
12 9
0 9
12 9
0 9
12 9
9 9
12 9
9 9
12 9
12 9
12 9
12 9
12 9
12 9
12 9
12 9
12 9
12 9
12 9
12 9
12 9
12 9
12 9
11 10
11 10
31 10
31 10
11 10
11 10
11 10
11 10
11 10
11 10
11 10
11 10
11 10
11 10
11 10
11 10
11 10
11 10
11 10
11 10
11 10
11 10
11 10
11 10
11 10
11 10
11 10
11 10
11 10
11 10
22 10
11 10
11 10
11 10
11 10
22 10
11 10
22 10
19 19
11 19
6 19
6 10
22 10
22 10
22 10
22 10
22 10
22 10
22 10
22 10
22 10
22 10
22 10
22 10
11 10
22 10
22 10
22 10
22 10
22 10
22 10
6 10
11 10
6 10
6 10
6 10
11 10
11 10
6 10
6 10
22 10
22 10
6 10
6 10
6 10
6 7
6 7
6 7
6 7
6 10
19 10
22 10
22 10
22 10
22 10
6 10
6 10
6 10
22 10
6 10
6 10
6 10
6 10
6 10
6 10
6 10
6 10
22 10
6 7
6 7
6 7
6 10
6 7
11 7
22 10
6 7
22 10
11 7
6 7
11 7
6 7
6 7
6 7
6 7
6 7
22 10
6 10
6 10
6 10
22 7
22 10
22 7
22 7
6 7
6 7
22 10
6 10
6 7
6 10
19 10
19 10
11 10
11 7
11 7
19 10
11 10
6 10
6 7
6 10
6 10
6 10
6 10
19 7
6 7
6 10
6 7
6 7
6 7
11 7
6 7
11 7
6 7
6 7
6 7
11 7
7 7
6 7
6 7
6 7
6 7
6 7
6 7
6 7
6 7
6 7
6 7
6 7
6 7
6 7
6 7
6 7
6 7
6 7
6 10
6 10
6 7
6 10
6 7
6 10
6 10
6 10
6 10
11 10
6 7
6 10
6 7
6 10
6 10
6 7
6 10
6 7
19 10
6 10
6 7
6 7
6 7
6 7
6 7
6 7
6 7
10 10
19 19
10 10
10 10
10 10
10 10
10 10
10 10
10 10
10 10
10 10
10 10
10 0
0 0
0 0
0 0
0 0
0 0
0 0
0 0
0 0
0 0
0 0
0 0
0 0
0 0
0 0
0 0
0 0
0 0
0 0
0 0
0 0
0 0
0 0
0 0
0 0
0 0
0 0
0 0
0 0
0 0
0 0
0 0
0 0
0 0
0 0
0 0
0 0
0 0
0 0
0 0
0 0
0 0
0 0
0 0
0 0
0 0
0 11
0 11
0 12
0 12
0 11
0 12
0 12
0 12
0 12
0 12
0 12
0 12
0 12
0 12
0 12
0 12
0 12
0 11
0 11
0 11
0 12
0 11
0 12
0 12
0 12
0 11
0 12
0 11
0 11
0 11
0 0
0 11
0 11
0 11
0 11
0 11
0 11
0 11
0 0
0 11
0 11
0 12
0 11
0 11
0 11
0 11
0 11
0 11
0 12
0 11
0 11
0 11
0 11
0 11
0 11
0 11
0 11
0 11
0 11
0 11
0 12
0 12
0 11
0 11
0 11
0 11
0 11
0 11
0 11
0 11
0 11
0 11
0 11
0 11
0 11
0 11
0 11
0 11
0 11
0 11
0 0
0 0
0 11
0 11
0 11
0 11
0 11
0 11
0 11
0 11
0 11
0 11
0 11
0 11
0 11
0 11
0 11
0 11
0 11
0 11
0 12
0 11
0 11
0 11
0 0
0 11
0 0
0 0
0 0
0 0
0 0
0 0
0 0
0 0
0 0
0 0
0 0
0 0
0 0
0 0
0 0
0 0
0 0
0 0
0 11
0 0
0 0
0 0
0 11
0 11
0 11
0 0
0 0
0 11
0 11
0 11
0 0
0 0
0 0
0 0
0 0
0 0
13 12
13 12
13 12
13 12
13 12
13 12
13 12
13 12
13 12
13 12
13 12
13 12
13 12
13 12
13 12
13 12
13 12
13 12
13 12
13 12
13 12
13 12
13 12
13 12
13 12
13 12
13 12
13 12
13 12
13 12
13 12
13 12
13 12
13 12
13 12
13 12
13 12
13 12
13 12
13 12
13 12
13 12
13 12
13 12
13 12
13 12
13 12
13 12
13 12
13 12
13 12
13 12
13 12
13 12
13 12
13 12
13 12
13 12
13 12
13 12
13 12
13 12
13 12
13 12
13 12
13 12
13 12
13 12
13 12
13 12
13 12
13 12
13 12
13 12
13 12
13 12
13 12
13 12
13 13
13 13
13 12
13 12
13 13
13 12
13 12
13 12
13 12
13 12
13 12
13 12
13 12
13 12
13 13
13 13
13 13
13 12
13 13
13 13
13 13
13 13
13 12
13 13
13 12
13 13
13 12
13 13
13 13
13 13
13 12
13 12
13 13
13 12
13 12
13 12
13 13
13 13
13 12
13 12
13 12
13 12
13 12
13 13
13 12
13 12
13 12
13 13
13 12
13 13
13 13
13 13
13 13
13 12
13 12
13 12
13 12
13 12
13 12
13 12
13 12
13 12
13 12
13 12
13 12
13 12
13 12
13 12
13 12
13 12
13 13
13 12
13 12
13 13
13 13
13 13
13 13
13 13
13 13
13 12
13 12
13 12
13 13
13 12
13 12
13 12
13 12
13 12
13 12
13 12
13 13
13 13
13 13
13 13
13 13
13 13
13 12
13 12
13 12
13 12
13 12
13 12
13 12
13 13
13 12
13 12
13 12
13 12
13 12
13 12
13 12
13 13
13 13
13 13
13 13
13 12
13 13
13 13
13 13
13 13
13 13
13 12
12 22
6 13
6 8
6 8
6 8
12 13
6 22
6 8
6 8
12 8
12 8
12 8
12 8
12 8
12 8
12 8
12 8
12 8
12 22
12 22
12 8
12 8
12 8
12 8
12 8
12 8
12 8
12 8
12 8
12 8
12 8
12 8
12 8
12 8
12 8
12 8
12 8
12 8
12 8
12 8
12 13
12 8
12 13
12 8
12 8
12 8
12 8
12 8
12 8
12 22
12 8
12 8
12 8
12 22
12 8
12 13
12 13
12 13
12 13
12 22
12 22
6 22
12 22
12 22
12 22
12 22
12 8
12 8
12 8
12 8
12 22
12 22
12 22
12 22
12 22
12 22
12 22
12 22
12 22
12 13
12 22
12 22
12 22
12 22
12 22
6 22
12 13
24 25
24 22
24 25
24 25
24 22
24 22
24 25
24 22
24 22
24 22
24 22
24 22
24 22
24 22
24 22
24 22
24 22
24 22
24 22
24 25
24 25
24 22
24 22
24 22
24 22
24 25
24 22
24 25
24 22
24 25
24 22
24 22
24 22
24 22
24 22
24 22
24 22
24 22
24 22
24 22
24 22
24 22
24 22
24 22
24 22
24 22
24 22
24 22
24 22
24 22
24 22
24 22
24 25
24 22
24 25
24 22
24 22
24 22
24 22
24 22
24 22
24 22
24 25
24 22
24 22
24 22
24 22
24 22
24 22
24 22
24 22
24 22
24 25
24 22
24 25
24 22
24 22
24 22
24 22
24 22
24 22
24 22
24 22
24 22
24 22
24 22
24 22
24 22
24 22
24 25
24 25
24 22
24 25
24 25
24 22
24 25
24 25
24 22
24 22
24 22
24 22
24 22
24 22
24 22
24 22
24 22
24 25
24 25
24 25
24 25
24 25
24 25
24 25
13 9
13 16
13 16
13 16
13 9
13 16
13 16
13 9
13 16
13 9
13 9
13 16
13 16
13 16
13 16
13 9
13 16
13 9
13 16
13 21
13 9
13 16
13 16
13 16
13 16
13 16
13 16
13 16
13 16
13 16
13 16
13 16
13 16
13 16
13 21
13 16
13 16
13 16
13 16
13 16
13 16
13 16
13 16
13 9
13 9
13 16
13 9
13 16
13 16
19 16
19 16
13 16
13 9
13 16
13 16
13 16
13 16
13 16
13 16
13 16
13 16
13 16
13 9
13 16
13 16
13 16
13 16
13 16
13 9
13 9
13 16
13 16
13 16
13 16
13 16
13 16
19 9
19 9
19 9
19 9
13 16
13 9
13 21
13 21
13 16
13 16
13 16
13 9
13 16
13 16
13 16
13 16
13 16
13 16
13 16
13 16
13 16
13 16
13 16
13 16
13 16
13 16
13 16
13 16
13 16
13 16
13 16
13 16
13 16
13 16
13 16
13 16
13 16
13 16
13 16
13 16
13 16
13 16
13 16
13 16
13 16
13 16
13 16
13 16
13 16
13 16
13 16
13 16
13 16
13 16
13 16
13 16
13 16
13 16
13 16
13 16
13 16
13 16
13 16
13 16
13 16
13 16
13 16
13 16
13 16
13 13
13 13
13 13
13 7
13 16
13 16
13 16
19 16
19 16
19 16
29 22
29 22
29 22
29 22
29 22
29 22
29 22
29 22
29 22
29 22
29 22
29 22
29 22
29 22
29 22
29 22
29 22
29 22
29 22
29 22
29 22
29 22
29 22
29 22
29 22
29 22
29 22
29 22
29 22
29 22
29 22
29 22
29 22
29 22
29 22
29 22
29 22
29 22
29 22
29 22
29 22
29 22
29 22
29 22
29 22
26 10
26 8
26 8
26 8
26 8
26 8
26 8
26 8
26 8
26 8
26 10
26 8
26 8
26 8
26 8
26 8
0 8
0 0
17 8
26 8
34 8
10 8
26 8
26 8
10 8
26 8
26 8
26 8
26 8
26 8
26 8
26 8
8 8
26 8
26 8
26 8
26 8
26 8
26 8
26 8
26 8
26 31
26 31
26 31
26 31
26 10
26 10
26 10
26 10
26 10
26 10
26 31
26 31
26 31
34 31
26 31
17 10
17 10
17 8
17 8
17 8
17 8
17 10
17 8
17 8
17 8
17 8
17 8
17 8
17 8
17 8
17 8
17 8
17 8
17 8
17 10
17 8
17 8
17 8
17 8
17 8
17 8
17 8
17 8
17 8
17 8
10 8
17 8
17 8
8 8
17 8
17 10
17 10
17 10
17 10
17 10
17 10
17 10
17 8
17 8
17 8
17 8
17 8
17 8
17 8
17 8
17 8
17 8
17 8
17 10
17 10
17 8
17 8
17 8
17 8
17 8
17 10
17 10
17 8
8 8
17 8
17 8
8 8
8 8
17 8
17 8
17 8
17 10
17 10
17 10
17 10
17 10
17 10
17 8
17 10
17 10
17 10
17 10
17 8
17 8
17 8
17 8
17 10
17 8
17 10
17 10
17 10
17 10
17 10
17 10
17 10
17 10
17 10
17 10
17 10
17 10
17 10
17 10
17 10
17 10
17 10
17 10
17 10
17 10
17 10
17 10
17 10
8 8
17 8
17 10
17 10
17 8
0 8
0 8
17 10
17 10
0 10
17 10
17 8
8 8
10 8
17 8
17 8
8 8
8 8
8 8
8 8
8 8
17 10
17 8
17 8
8 8
8 8
8 8
17 8
17 8
17 8
17 8
10 8
17 8
27 27
27 27
27 27
27 32
37 27
37 27
37 27
37 27
19 27
19 27
19 27
27 27
27 32
27 32
27 27
27 27
27 27
37 27
19 27
19 27
19 27
37 27
32 27
32 27
19 27
19 9
19 0
32 27
19 27
32 27
32 27
10 0
0 0
10 0
0 9
0 0
10 0
0 0
10 0
10 0
10 9
0 0
0 0
10 0
0 0
10 0
10 0
0 0
0 0
10 0
10 0
10 9
10 0
0 0
0 0
10 0
10 0
10 0
10 9
10 9
10 0
0 0
0 0
0 0
10 0
10 9
10 0
0 0
0 0
0 0
0 0
0 0
0 0
0 0
0 0
0 0
0 0
0 0
0 0
0 0
0 0
0 0
10 0
10 0
0 0
0 0
0 0
0 0
0 0
10 0
0 0
0 0
10 0
10 0
10 0
10 0
0 0
0 0
0 0
0 0
10 0
10 0
10 10
10 0
10 0
10 0
10 0
0 0
10 0
10 0
10 9
10 9
0 0
10 9
10 9
10 0
0 0
0 0
0 0
0 0
8 8
0 0
0 0
8 0
10 9
8 15
8 15
8 15
10 15
8 0
8 9
8 9
0 9
0 9
8 0
10 9
10 9
10 9
10 0
10 9
18 0
10 9
10 9
10 15
10 15
10 9
10 9
10 9
10 0
8 0
8 0
0 0
8 0
10 9
10 9
10 9
10 9
10 9
8 9
10 9
10 0
10 0
0 0
10 9
10 0
10 0
10 0
10 0
10 9
10 9
10 15
10 9
10 15
10 9
10 15
10 9
10 15
10 15
10 15
10 9
10 9
10 9
10 15
10 15
10 9
18 15
10 15
10 9
10 9
10 9
10 15
10 15
10 15
10 15
10 15
10 9
10 0
10 0
10 9
10 9
21 12
21 21
21 12
21 21
21 21
21 12
21 12
21 21
21 21
21 21
21 21
21 21
21 21
21 21
21 21
21 21
21 21
21 21
21 21
11 0
11 0
11 0
11 0
11 0
11 0
11 0
11 0
11 0
11 0
11 0
11 0
9 0
9 9
9 9
9 9
9 9
9 0
9 0
11 9
9 9
9 0
9 0
10 9
9 9
11 0
9 9
11 0
11 9
24 21
24 21
24 21
24 21
24 21
24 21
24 21
24 21
24 21
24 21
10 9
11 9
11 9
11 9
11 9
11 9
11 0
11 0
9 9
9 9
9 9
10 9
9 9
9 9
11 9
11 9
18 9
18 9
11 9
18 9
11 0
11 0
10 9
10 9
9 9
10 9
10 9
10 9
11 9
10 9
10 9
10 9
11 9
11 9
11 9
11 9
11 9
11 9
11 0
11 12
18 12
11 12
11 9
11 0
11 12
11 0
11 0
11 0
11 9
11 0
11 0
10 9
9 9
11 0
9 9
9 9
9 9
9 9
11 0
9 9
11 9
11 0
10 9
11 0
11 12
10 10
9 9
9 9
9 9
11 9
11 9
11 9
9 9
11 9
11 0
9 9
9 9
18 12
18 12
18 9
10 9
9 9
9 9
9 0
9 9
10 9
10 9
10 10
10 9
10 9
11 0
11 0
11 9
10 12
10 12
10 12
10 12
11 12
18 12
10 12
11 12
11 12
10 12
10 12
10 9
11 9
10 9
9 9
10 9
10 9
11 12
11 9
11 9
11 9
18 12
18 12
10 9
10 0
10 9
11 0
11 0
11 0
10 9
9 9
9 9
10 9
11 0
11 12
11 0
11 0
11 0
11 0
11 0
11 9
11 9
11 9
11 9
11 9
11 9
11 9
11 9
11 0
32 13
32 13
32 13
18 18
18 18
32 13
18 18
18 18
32 18
18 18
18 18
32 19
32 13
32 13
32 13
32 13
32 13
32 13
32 13
32 13
15 13
15 13
15 13
15 13
15 13
32 13
32 13
18 13
18 13
18 6
18 18
18 19
18 6
18 6
18 6
18 13
18 6
18 6
18 19
18 13
18 13
18 19
15 13
15 13
15 13
18 13
18 6
18 13
18 6
15 13
15 13
15 13
15 13
15 13
15 13
15 13
15 13
15 13
15 13
15 13
15 13
15 20
15 13
15 13
15 13
15 13
15 13
15 13
15 13
15 13
15 13
15 13
15 13
15 13
15 13
15 13
15 13
15 13
15 13
15 13
15 13
15 13
15 13
15 13
15 13
15 13
15 13
15 13
15 13
15 13
15 13
15 13
15 13
15 13
15 13
15 13
15 13
15 13
15 13
13 13
13 13
13 13
13 13
13 13
13 13
13 13
13 13
13 13
19 13
13 13
13 13
13 13
13 13
19 13
8 13
8 13
8 13
8 13
26 13
26 13
8 13
8 13
8 13
8 13
8 13
8 13
8 13
8 13
8 13
8 13
8 8
8 13
8 13
8 8
8 8
8 8
8 13
8 13
8 13
8 8
8 13
8 13
8 8
8 8
8 8
8 8
8 8
8 8
8 8
8 8
8 8
8 8
8 8
8 8
8 8
8 8
8 8
8 8
8 8
8 8
8 13
15 8
8 8
8 8
8 8
8 8
8 8
8 8
8 8
8 8
8 8
8 8
8 8
8 8
8 8
8 8
8 8
8 8
8 8
8 8
8 8
8 8
8 8
8 8
8 8
8 8
8 8
8 8
8 8
8 8
8 8
8 8
8 8
8 8
8 8
8 8
8 8
8 8
8 8
8 8
21 11
21 11
21 11
11 11
13 11
13 11
13 11
13 11
13 11
11 11
11 11
11 11
11 11
11 11
11 11
13 11
11 11
11 11
11 11
11 11
11 11
11 11
11 11
11 11
11 11
11 11
11 11
11 11
11 11
13 11
11 11
11 11
11 11
13 11
11 11
11 11
11 11
11 11
11 11
11 11
11 11
11 11
11 11
11 11
11 11
13 11
15 11
15 19
15 19
15 19
15 11
15 15
15 15
15 15
15 15
15 15
15 15
15 19
15 19
15 19
15 19
15 19
15 19
15 19
15 19
15 19
15 19
15 11
15 15
15 15
15 15
15 15
15 15
15 15
15 15
15 19
15 19
15 19
15 19
15 11
15 19
15 11
15 11
15 19
11 15
15 15
11 15
15 15
15 15
15 15
15 11
15 11
15 11
15 11
15 11
15 11
15 11
15 11
15 15
15 15
15 15
15 15
15 15
15 11
15 15
15 15
15 11
15 11
15 11
15 11
15 11
15 11
19 11
15 11
15 11
15 12
15 11
15 11
15 11
15 11
15 11
15 11
15 11
15 11
15 19
15 11
15 11
15 11
15 11
15 11
15 11
15 19
15 19
15 19
15 19
15 11
15 11
15 11
15 19
15 19
15 19
15 19
15 19
15 19
15 19
15 19
15 19
15 11
15 15
15 11
15 15
15 15
11 15
15 15
15 11
15 11
15 15
15 19
15 19
15 19
15 19
15 19
15 11
15 11
15 11
15 19
15 19
15 19
15 19
15 19
15 19
15 19
15 15
15 15
15 11
15 15
15 11
15 11
15 11
15 19
15 15
15 15
15 15
15 11
15 11
15 11
15 15
15 15
15 15
15 15
15 15
15 15
15 15
15 15
15 15
15 15
15 15
15 15
15 15
15 11
20 8
20 8
9 5
9 5
9 5
5 5
5 5
9 5
5 5
5 5
5 5
5 5
5 5
5 5
5 5
5 5
5 5
5 5
5 5
5 5
5 5
5 5
9 5
9 5
9 5
9 5
9 5
9 5
9 5
9 5
9 5
5 5
5 5
5 5
5 5
5 5
5 5
5 5
5 5
5 5
5 5
9 5
9 5
9 5
5 5
9 5
9 5
9 5
5 5
5 5
9 5
9 5
9 5
9 5
5 5
9 5
9 5
9 5
9 5
9 5
9 5
9 5
5 5
5 5
9 5
9 5
9 5
5 5
5 5
9 5
9 5
9 5
5 5
5 5
9 5
9 5
9 5
9 5
5 5
9 5
5 5
5 5
5 5
5 5
5 5
5 5
5 5
9 5
9 5
9 5
9 5
9 5
9 5
9 5
9 5
9 5
9 5
9 5
9 5
17 23
17 23
17 23
17 23
17 23
17 17
17 16
17 16
17 17
17 17
17 17
17 23
17 23
17 23
17 23
17 23
17 23
17 17
17 17
17 17
17 17
17 6
17 6
17 6
17 6
17 6
17 23
17 17
17 6
17 23
17 6
17 23
17 23
17 23
17 23
17 23
17 23
17 23
17 16
17 16
17 16
17 16
17 23
17 23
17 16
17 16
17 23
17 23
17 23
17 23
17 23
17 23
17 6
17 23
17 23
17 23
17 16
17 16
17 16
17 16
17 16
17 16
17 16
17 16
17 16
17 16
17 16
17 16
17 16
17 16
17 16
17 16
20 16
17 16
17 16
17 16
17 16
17 23
17 23
17 16
17 17
17 16
17 17
17 16
17 16
17 16
17 16
17 16
17 16
17 16
17 16
17 17
17 16
17 16
17 16
17 16
17 16
17 16
17 16
17 16
17 16
16 13
7 13
7 13
7 13
7 13
7 13
16 13
16 13
16 13
16 13
16 13
16 13
16 13
16 13
16 13
16 13
16 13
16 13
16 13
16 13
16 13
16 13
16 13
16 13
16 13
16 13
16 13
16 13
16 13
16 13
16 13
16 13
16 13
16 13
16 13
16 13
16 13
16 13
16 13
16 13
16 13
16 13
16 13
16 13
16 13
16 13
16 13
16 13
16 13
16 13
16 13
16 16
16 16
16 16
16 13
16 13
16 13
16 13
16 13
16 13
16 13
16 13
16 13
16 13
16 13
16 13
16 13
16 13
16 13
16 13
16 13
16 13
16 16
16 16
16 13
16 13
16 13
16 13
16 13
16 13
16 13
16 13
16 16
16 13
16 13
16 13
16 13
16 13
16 13
16 13
16 13
16 13
16 13
16 13
16 13
16 13
16 13
16 13
16 13
16 13
16 13
16 13
16 13
16 13
16 13
16 13
16 13
16 13
16 13
16 13
16 13
16 13
16 13
16 13
16 13
16 13
7 13
16 13
16 13
7 13
7 13
7 13
7 13
7 13
7 13
16 13
16 13
16 13
7 13
16 13
7 13
7 13
16 13
7 13
7 13
7 13
7 13
7 13
7 13
16 13
16 13
7 13
7 13
7 13
7 13
7 13
7 13
7 13
7 13
7 13
7 13
7 13
7 13
7 13
7 13
7 13
16 13
16 13
16 13
7 13
7 13
7 13
7 13
7 13
7 13
16 13
16 13
16 13
7 13
16 13
7 13
7 13
7 13
16 13
16 13
7 13
7 13
7 13
7 13
7 13
7 13
7 13
7 13
7 13
7 13
7 13
7 13
7 13
16 13
16 13
7 13
16 16
16 13
7 13
7 13
7 13
7 13
7 13
7 13
7 13
6 6
6 6
6 6
12 6
6 6
6 6
6 6
6 12
6 6
6 12
6 12
6 12
6 12
6 12
6 12
6 6
6 12
6 12
6 12
6 12
6 6
6 12
6 12
6 12
6 12
6 6
6 12
6 12
6 12
6 12
6 12
6 12
6 12
6 12
6 12
6 12
6 12
6 12
6 12
6 6
6 6
6 6
6 6
6 6
6 6
6 6
6 12
6 12
6 12
6 6
12 12
12 12
6 12
6 12
6 12
6 12
6 12
6 12
6 6
12 6
6 6
6 6
6 6
6 6
6 6
12 12
6 6
6 6
6 6
6 6
6 6
12 6
6 6
6 12
6 12
6 6
6 6
6 6
6 12
6 12
6 6
6 12
6 6
12 12
12 12
12 12
12 12
12 6
12 12
12 6
12 6
6 6
12 6
12 6
12 12
12 6
12 6
12 12
12 6
12 12
12 6
12 6
6 6
12 6
12 6
12 6
12 6
12 6
12 6
12 6
12 6
6 6
12 12
6 12
6 12
6 12
12 12
12 12
6 12
6 12
6 12
6 12
12 12
6 12
6 12
6 12
6 12
6 12
12 12
6 12
6 12
6 12
6 12
6 12
12 12
12 12
6 12
12 12
12 12
12 12
12 12
12 12
12 12
12 12
12 12
12 12
6 12
12 12
6 12
6 12
12 12
12 12
12 12
12 12
12 12
12 12
6 12
6 12
12 12
6 12
6 12
6 12
6 12
12 12
12 12
12 12
12 12
12 12
6 12
6 12
12 12
6 12
6 12
12 12
12 12
6 12
6 12
6 12
6 12
12 12
12 12
6 12
12 12
12 12
12 12
6 12
12 12
12 12
6 12
6 12
6 12
6 12
6 12
6 12
12 12
6 12
6 12
6 12
6 6
6 6
0 6
0 6
6 6
0 6
6 6
0 6
0 6
6 6
6 6
0 6
6 6
6 6
6 6
6 6
6 6
0 6
6 6
6 6
6 6
6 6
0 6
6 6
0 6
0 6
6 6
0 6
0 6
0 6
6 6
6 6
6 6
6 6
6 6
6 6
6 6
0 0
6 6
6 6
6 6
6 6
6 6
0 6
0 6
6 6
6 6
6 6
6 6
6 6
6 6
6 6
6 6
0 6
6 6
0 6
0 6
0 6
0 6
6 6
0 0
0 6
6 6
0 6
6 6
6 6
6 6
0 6
6 6
6 6
0 6
0 6
0 6
0 6
0 6
6 6
0 6
6 6
6 6
0 6
6 6
6 6
6 6
0 0
0 6
6 6
0 6
0 6
0 6
0 6
6 6
0 6
6 6
0 6
0 0
0 6
0 6
0 6
0 6
6 6
6 6
0 6
0 6
0 6
0 6
0 6
0 6
0 0
0 0
0 0
0 0
0 6
0 0
0 0
0 0
0 6
0 6
0 0
0 0
0 6
0 6
0 6
0 6
6 6
0 6
0 0
6 6
6 6
6 6
0 6
0 6
0 0
0 6
0 0
0 0
0 0
0 0
0 0
0 0
0 6
0 6
0 6
0 0
0 0
0 0
0 0
0 0
0 0
0 0
0 0
6 6
0 0
0 0
0 0
0 0
0 0
0 0
0 0
0 0
0 0
0 0
0 6
0 0
0 0
0 6
0 6
0 6
0 6
6 6
6 6
6 6
6 6
6 6
6 6
6 6
0 0
0 0
0 0
0 0
0 0
0 0
0 0
0 0
0 0
0 0
0 0
0 0
0 0
0 0
0 0
0 0
0 0
0 0
0 0
0 0
0 0
0 0
0 0
0 0
0 6
0 6
0 0
6 0
6 6
6 6
6 6
6 0
6 6
6 0
6 0
6 0
6 6
6 0
6 0
6 0
6 6
6 0
6 0
6 0
6 0
6 0
6 0
6 0
6 0
6 0
6 0
6 0
6 0
6 6
6 0
6 0
6 0
6 0
6 0
6 0
6 0
6 0
6 0
6 0
6 0
6 0
6 6
6 0
6 6
6 6
6 6
6 6
6 0
6 6
6 0
6 0
6 6
6 0
6 6
6 6
6 0
6 6
6 6
6 0
6 0
6 0
6 6
6 0
6 0
6 6
6 0
6 6
6 0
6 0
6 0
6 0
6 6
6 0
6 0
6 6
6 0
6 0
6 0
6 6
6 0
6 0
6 0
6 0
6 0
6 0
6 6
6 0
6 6
6 0
6 0
6 0
6 0
6 6
6 6
6 6
6 6
6 6
6 6
6 6
6 6
6 6
6 6
6 0
6 6
6 0
6 0
6 0
6 6
6 0
6 6
6 6
6 0
6 0
6 6
6 0
6 6
6 6
6 0
6 0
6 0
6 0
6 0
6 0
6 0
6 0
6 6
6 6
6 6
6 6
6 0
6 6
6 6
6 0
6 0
6 0
6 6
6 0
6 0
6 0
6 0
6 6
6 6
6 6
6 6
6 6
6 6
6 6
6 6
6 6
6 6
0 6
0 6
0 0
6 0
6 6
6 6
6 6
6 0
6 6
6 6
6 6
6 6
6 6
6 6
6 0
6 6
6 6
6 6
6 6
6 6
6 6
6 6
6 6
6 6
6 6
6 6
6 6
6 6
6 6
6 6
6 6
6 6
6 6
6 6
6 6
6 6
6 6
6 6
6 6
6 6
6 6
6 6
6 6
6 6
6 6
6 6
6 6
6 6
6 6
6 6
6 6
6 6
