33 33
33 33
33 33
33 32
33 32
33 32
33 16
33 32
16 16
16 16
16 6
6 16
16 16
16 16
6 6
6 6
16 16
16 6
16 6
16 6
16 16
16 16
16 16
16 6
16 16
16 16
16 16
16 16
16 16
6 6
6 10
6 6
10 16
16 16
16 16
6 16
16 16
16 16
10 10
16 16
10 10
10 10
10 10
10 10
10 10
10 10
10 10
10 10
10 10
16 10
10 10
16 10
10 10
10 10
10 10
6 10
10 10
10 10
10 10
10 10
10 10
10 10
10 10
10 10
10 16
10 10
10 10
10 16
16 16
10 10
10 10
10 10
10 16
10 16
10 10
10 16
10 10
10 10
10 10
10 16
10 16
10 16
10 16
10 16
16 16
10 10
10 10
16 16
16 16
10 16
16 16
16 16
16 16
10 16
16 16
10 16
10 16
10 16
16 16
10 16
10 16
10 16
16 16
16 16
10 16
16 16
10 16
16 16
10 16
16 16
16 16
16 16
16 16
10 16
16 16
16 16
16 16
10 16
16 16
10 16
10 16
10 16
10 16
16 16
16 16
10 10
10 10
10 10
10 10
16 16
16 10
16 10
16 16
6 16
16 16
16 16
16 16
10 10
16 10
10 16
10 16
16 16
10 16
16 16
10 16
16 16
10 16
16 10
16 10
16 16
10 16
10 16
6 10
10 10
10 10
10 10
6 6
6 6
10 10
10 10
6 16
10 10
6 16
16 10
16 10
16 10
16 16
16 10
16 10
16 16
16 6
10 10
10 10
10 10
10 10
16 16
10 16
10 10
16 10
16 10
16 10
6 10
6 10
6 10
10 10
6 6
6 6
6 6
6 6
6 6
6 6
6 6
6 6
6 6
6 6
6 6
6 6
6 6
6 6
6 6
0 10
0 59
0 0
0 10
10 10
10 10
10 10
10 10
0 40
10 10
10 10
10 10
10 10
0 40
0 40
0 10
0 0
10 10
0 10
0 40
27 40
27 40
0 10
10 40
0 10
10 10
0 0
10 0
0 0
0 10
0 0
0 0
0 10
10 10
10 10
0 0
0 0
0 0
0 0
0 0
0 40
0 10
0 40
0 10
0 10
0 0
0 0
0 0
0 0
0 0
0 0
0 0
0 0
0 40
0 0
0 0
0 0
0 0
0 0
0 0
0 0
0 0
0 10
0 0
0 0
0 0
0 10
0 0
0 0
0 0
0 0
0 0
0 0
0 0
0 0
0 0
0 0
0 0
0 0
0 0
0 0
0 0
0 0
0 0
0 0
0 0
0 0
0 0
0 0
0 0
0 0
0 0
0 0
0 10
0 0
0 0
0 10
0 0
0 0
0 0
0 0
0 10
0 0
0 0
0 0
0 0
10 0
0 0
10 10
0 0
0 0
0 0
0 0
0 0
0 0
0 0
0 0
0 0
0 0
0 0
0 0
0 0
0 0
0 10
0 10
0 10
0 0
0 0
0 0
0 0
0 0
0 0
0 0
0 0
0 0
0 0
0 0
0 0
0 0
0 0
10 0
10 0
10 0
0 0
0 0
0 0
10 0
0 0
10 0
10 0
0 0
0 10
0 0
0 0
0 0
10 0
10 10
10 10
0 0
0 0
0 0
0 0
0 0
0 0
0 0
0 0
0 0
0 10
0 0
0 0
0 0
0 0
0 0
10 10
0 10
0 0
0 0
0 40
0 0
0 0
0 0
0 0
0 10
0 0
0 0
0 0
0 0
0 0
0 0
0 0
0 0
0 0
0 10
0 0
0 0
0 0
0 0
0 0
10 10
10 10
18 26
18 30
18 30
0 10
0 10
10 10
0 10
0 10
0 10
0 10
10 10
0 10
0 10
0 10
10 10
10 10
10 10
10 10
10 10
10 10
10 10
10 0
10 10
10 10
10 10
10 10
10 10
10 10
10 10
0 10
10 10
10 10
10 10
0 10
0 10
0 0
0 10
0 10
0 10
10 10
0 10
0 10
0 10
0 0
10 10
0 10
10 0
0 0
0 0
0 0
0 0
0 10
0 0
0 0
0 0
0 0
0 0
0 0
10 0
10 10
10 10
0 10
0 10
10 10
0 0
0 0
0 0
0 0
0 30
0 0
10 10
10 10
10 10
0 0
0 0
0 0
0 0
0 0
0 0
0 0
0 0
0 0
0 0
0 0
0 0
0 0
0 0
0 0
0 0
0 0
0 0
0 0
0 0
0 10
0 0
0 0
0 0
0 0
0 0
0 0
0 0
0 0
0 0
0 0
0 0
0 0
0 0
0 0
0 0
0 0
0 0
0 0
0 0
0 0
0 0
0 0
0 0
0 0
0 0
0 0
0 0
0 0
0 0
0 0
0 0
0 0
0 0
0 0
0 0
0 0
0 0
0 0
0 0
0 0
0 0
0 0
0 0
0 0
0 0
0 0
0 0
0 0
0 0
0 0
0 0
0 0
0 0
0 0
0 0
0 0
0 0
0 0
0 0
0 0
0 0
0 0
0 0
0 0
0 0
0 0
0 0
0 0
0 0
0 0
0 0
0 0
0 0
0 0
0 0
0 0
0 0
0 0
0 0
0 0
0 0
0 0
0 0
0 0
0 0
0 0
0 0
0 0
0 0
0 0
0 0
0 0
0 0
0 0
0 0
0 0
0 0
0 0
0 0
0 0
0 0
0 0
0 0
0 0
0 0
0 0
6 6
6 6
6 6
12 21
12 19
6 19
6 21
12 19
12 19
6 6
6 6
6 6
9 19
9 19
9 19
9 9
9 19
9 9
9 9
9 9
9 6
9 9
9 6
9 9
9 9
9 9
9 6
9 9
9 9
9 9
9 9
9 6
9 6
9 9
9 9
9 6
9 9
9 9
9 6
9 9
9 9
9 9
9 9
9 9
9 9
9 9
9 9
9 9
9 9
9 9
9 9
9 9
9 9
9 9
9 9
9 9
9 9
9 9
9 9
9 9
9 9
9 9
9 9
9 9
9 9
9 9
9 9
9 9
9 9
9 9
9 9
9 9
9 9
9 9
9 9
9 9
9 9
9 9
9 9
9 9
9 9
9 9
9 9
9 9
9 9
9 9
9 9
9 9
9 9
9 9
9 9
9 9
9 9
9 9
9 9
9 9
9 9
9 9
9 9
9 9
9 6
9 9
9 9
9 9
9 6
9 6
9 6
9 9
9 9
9 9
9 9
9 9
9 9
9 9
9 6
9 9
9 9
9 6
9 6
9 9
9 9
9 9
9 9
9 9
9 9
9 9
9 9
9 6
9 6
9 9
9 9
9 9
9 9
9 9
9 6
9 9
9 9
9 9
9 9
9 9
9 9
9 9
9 6
9 6
9 6
9 9
9 9
9 9
9 9
9 9
9 9
9 9
9 9
9 9
9 9
9 9
9 6
9 6
9 9
9 6
9 9
9 9
9 9
9 9
9 9
9 9
9 9
9 9
9 9
9 9
9 9
9 9
9 9
9 9
9 9
9 9
9 9
9 9
9 9
9 9
9 9
9 9
9 6
9 9
9 9
9 9
9 9
9 9
9 6
9 6
9 9
9 9
9 9
9 9
9 9
9 9
9 6
9 6
9 9
9 9
17 9
17 22
17 22
17 22
17 22
17 22
17 9
9 9
17 22
17 22
17 9
9 9
9 9
9 9
9 9
9 9
9 9
9 9
9 9
9 9
9 9
9 9
9 9
9 9
9 9
9 9
9 9
11 11
11 11
11 11
11 11
11 11
11 11
11 11
11 11
11 11
11 11
11 11
11 11
7 11
7 11
7 11
11 11
7 11
11 11
7 11
7 11
11 11
7 11
7 11
7 11
7 11
7 11
7 11
7 11
11 11
7 11
7 11
7 11
11 11
7 11
7 11
7 11
11 11
11 11
7 11
7 11
7 9
7 11
7 11
7 11
7 11
7 11
7 9
7 11
7 11
7 11
7 11
7 11
7 11
7 11
7 11
7 11
7 11
7 11
7 9
7 11
7 11
7 11
7 11
7 11
7 11
7 11
7 11
7 9
7 11
7 9
7 9
7 11
7 11
7 11
7 11
7 11
7 9
7 11
7 9
7 9
7 9
7 11
7 11
7 9
7 9
7 11
7 11
7 9
7 11
7 11
7 11
7 9
7 9
7 9
7 11
7 11
7 9
7 11
7 11
7 11
7 11
7 11
7 11
7 11
7 11
7 11
7 11
7 11
7 11
7 11
7 11
7 11
7 11
7 11
7 11
7 11
7 11
7 11
7 11
7 11
7 11
7 11
7 11
7 11
7 11
7 11
7 11
7 11
7 11
7 11
7 11
7 11
7 11
7 11
7 11
7 11
7 11
7 11
7 11
7 11
17 9
7 11
7 11
7 9
7 11
7 11
7 11
7 11
7 11
7 11
7 11
7 11
7 11
7 11
7 11
7 11
7 11
7 11
7 11
7 11
7 11
7 11
7 11
7 11
7 11
7 11
7 11
7 11
7 11
7 11
7 11
7 11
7 11
17 0
26 17
6 0
6 6
6 6
6 6
6 6
6 6
6 0
6 0
6 6
6 0
6 0
6 6
6 6
6 6
6 0
6 0
6 0
6 0
0 0
0 0
0 0
0 0
0 0
0 0
0 0
0 0
0 0
0 0
0 0
0 0
0 0
0 0
0 0
0 0
0 0
0 0
0 0
0 0
0 0
0 0
0 0
0 0
0 0
0 0
0 0
0 0
0 0
0 0
0 0
0 0
0 0
0 0
0 0
0 0
0 0
0 0
0 0
0 0
0 0
0 0
0 0
0 0
0 0
0 0
0 0
0 0
0 0
0 0
0 0
0 0
0 0
0 0
0 0
0 0
0 0
0 0
0 0
0 0
0 0
0 0
0 0
0 0
0 0
0 0
0 0
0 0
0 0
0 0
0 0
0 0
0 0
0 0
0 0
0 0
0 0
0 0
0 0
0 0
0 0
0 0
0 0
0 0
0 0
0 0
0 0
0 0
0 0
0 0
0 0
0 0
0 0
0 0
0 0
0 0
0 0
0 0
0 0
0 0
0 0
0 0
0 0
0 0
0 0
0 0
0 0
0 0
0 0
0 0
0 0
0 0
0 0
0 0
0 0
0 0
0 26
0 0
0 0
0 0
0 0
0 0
0 6
0 17
0 0
0 0
0 0
0 0
0 0
0 0
0 0
0 0
0 0
0 0
0 0
0 0
0 0
0 0
0 0
0 0
0 0
0 0
0 0
0 0
0 0
0 0
0 0
0 0
0 0
0 0
0 0
0 0
0 0
0 0
0 0
0 0
0 0
0 0
0 0
0 0
0 0
0 0
0 0
0 0
0 0
0 0
0 0
0 0
0 0
0 0
0 0
0 0
0 0
0 0
0 0
0 0
0 0
0 0
0 0
0 0
10 13
10 13
16 16
16 16
16 16
16 15
16 15
16 15
10 15
10 15
10 15
10 15
10 0
16 16
16 16
16 16
0 0
0 0
0 0
0 0
0 0
0 0
0 0
0 0
0 0
0 0
0 0
0 0
0 0
0 0
0 0
0 0
0 0
0 0
0 0
0 0
0 0
0 0
0 0
0 0
0 0
0 0
0 0
0 0
0 0
0 0
0 0
0 0
0 0
0 0
0 0
0 0
0 0
0 0
0 0
0 0
0 0
0 0
0 0
0 0
0 0
0 0
0 0
0 0
0 0
0 0
0 0
0 0
0 0
0 0
0 0
0 0
0 0
0 0
0 0
0 0
0 0
0 0
0 0
0 0
0 0
0 0
0 0
0 0
0 0
0 0
0 0
0 0
0 0
0 0
0 0
0 0
0 0
0 0
0 0
0 0
0 0
0 0
0 0
0 0
0 0
0 0
0 0
0 0
0 0
0 0
0 0
0 0
0 0
0 0
0 0
0 0
0 0
0 0
0 0
0 0
0 0
0 0
0 0
0 0
0 0
0 0
0 0
0 0
0 0
0 0
0 0
0 0
0 0
0 0
0 0
0 0
6 6
0 0
0 0
0 0
0 0
0 0
0 0
0 0
0 0
0 0
0 0
0 0
0 0
0 0
0 0
0 0
0 0
0 0
0 0
0 0
0 0
0 0
0 0
0 0
0 0
0 0
0 0
0 0
0 0
0 0
0 0
0 0
0 0
0 0
0 0
0 0
0 0
0 0
0 0
0 0
0 0
0 0
0 0
0 0
0 0
6 0
0 0
0 0
6 0
0 0
0 0
6 0
6 0
0 0
0 0
6 0
0 0
0 0
0 0
6 0
0 0
0 0
0 0
0 0
0 0
0 0
0 0
0 0
0 10
0 10
10 10
0 10
0 10
0 12
0 0
0 0
0 0
0 0
0 0
0 0
0 0
0 0
0 0
0 12
0 0
0 0
0 12
0 0
0 0
0 0
0 0
0 0
0 0
0 0
0 0
0 0
0 0
0 0
0 0
0 0
0 0
0 0
0 0
0 0
0 0
0 0
0 0
0 0
0 0
0 0
0 0
0 0
0 0
0 0
0 0
0 0
0 0
0 0
0 0
0 0
0 0
0 0
0 0
0 0
0 0
0 0
0 0
0 0
0 0
0 0
0 0
0 0
0 0
0 0
0 0
0 0
0 0
0 0
0 12
0 0
0 0
0 0
0 0
0 0
0 0
0 0
0 0
0 0
0 0
0 12
0 12
0 0
0 0
0 0
0 0
0 0
0 0
0 0
0 0
0 0
0 0
0 0
0 0
0 0
0 0
0 0
0 0
0 0
0 0
0 0
0 0
0 0
0 0
0 0
0 0
0 0
0 0
0 0
0 0
0 0
0 0
0 0
0 0
0 0
0 0
0 0
0 0
0 0
0 0
0 0
0 0
0 0
0 0
0 0
0 0
0 0
0 0
0 0
0 0
0 0
0 0
0 0
0 0
0 0
0 0
0 0
0 0
0 0
0 0
0 0
0 0
0 0
0 0
0 0
0 0
0 0
0 0
0 0
0 0
0 0
0 0
0 0
0 0
0 0
0 0
0 0
0 0
0 0
0 0
0 0
0 0
0 0
0 0
0 0
0 0
0 0
0 0
0 0
0 0
0 0
0 0
0 0
0 0
0 0
0 0
0 0
0 0
0 0
0 0
0 0
0 0
0 0
0 0
0 0
0 0
0 0
0 0
0 0
0 0
0 0
0 0
0 0
0 0
0 0
0 0
0 0
0 0
0 0
12 12
12 12
12 12
12 12
12 12
12 12
12 12
12 12
12 12
12 12
12 12
12 12
12 12
12 12
12 12
12 12
12 12
12 12
12 12
12 12
12 12
12 12
12 12
12 12
12 12
12 12
12 12
12 12
12 12
12 12
12 12
12 12
12 12
12 12
12 12
12 12
12 12
12 12
12 12
12 12
12 12
12 12
12 12
12 12
12 12
12 12
12 12
12 12
12 12
12 12
12 12
12 12
12 12
12 12
12 12
12 12
12 12
12 12
12 12
12 12
12 12
12 12
12 12
12 12
12 12
12 12
12 12
12 12
12 12
12 12
12 12
12 12
12 12
12 12
12 12
12 12
12 12
12 12
12 12
12 12
12 12
12 12
12 12
12 12
12 12
12 12
12 12
12 12
12 12
12 12
12 16
12 12
12 12
12 12
12 12
12 12
12 12
12 12
12 12
12 12
12 12
12 12
12 12
12 12
12 12
12 12
12 12
12 12
12 12
12 12
12 12
12 12
12 12
12 12
12 12
12 12
12 12
12 12
12 12
12 12
12 12
12 12
12 12
12 12
12 12
12 12
12 12
12 12
12 12
12 12
12 12
12 12
12 12
12 12
12 12
12 12
12 12
12 12
12 12
12 12
12 12
12 12
12 12
12 12
12 12
12 12
12 12
12 12
12 12
12 12
12 12
12 12
12 12
12 12
12 12
12 12
12 12
12 12
12 12
12 12
12 12
12 12
12 12
12 12
12 12
12 12
12 12
12 12
12 12
12 12
12 12
12 12
12 12
12 12
12 12
12 12
12 12
12 12
12 12
12 12
12 12
12 12
12 12
12 12
12 12
12 12
12 12
12 12
12 12
12 12
12 12
12 12
12 12
12 12
12 12
12 12
12 12
12 12
12 12
12 12
12 0
12 0
0 0
0 0
0 0
0 0
0 0
0 0
0 0
0 0
0 0
0 0
0 0
0 0
0 0
0 0
0 0
0 0
0 0
0 0
0 0
0 0
0 0
0 0
0 0
0 0
0 0
0 0
0 0
0 0
0 0
0 0
0 0
0 0
0 0
0 0
0 0
0 0
0 0
0 0
0 0
0 0
0 0
0 0
0 0
0 0
0 0
0 0
0 0
0 0
0 0
0 0
0 0
0 0
0 0
0 0
0 0
0 0
0 0
0 0
0 0
0 0
0 0
0 0
0 0
0 0
0 0
0 0
0 0
0 0
0 0
0 0
0 0
0 0
0 0
0 0
0 0
0 0
0 0
0 0
0 0
0 0
0 0
0 0
0 0
0 0
0 0
0 0
0 0
0 0
0 0
0 0
0 0
0 0
0 0
0 0
0 0
0 0
0 0
0 0
0 0
0 0
0 0
0 0
0 0
0 0
0 0
0 0
0 0
0 0
0 0
0 0
0 0
0 0
0 0
0 0
0 0
0 0
0 0
0 0
0 0
0 0
0 0
0 0
0 0
0 0
0 0
0 0
0 0
0 0
0 0
0 0
0 0
0 0
0 0
0 0
0 0
0 0
0 0
0 0
0 0
0 0
0 0
0 0
0 0
0 0
0 0
0 0
0 0
12 29
0 0
0 0
0 0
0 0
0 0
0 0
0 0
0 0
0 0
0 0
0 0
0 0
0 0
0 0
0 0
0 0
0 0
0 0
0 0
0 0
0 0
0 0
0 0
0 0
0 0
0 0
0 0
0 0
0 0
0 0
0 0
12 0
0 0
0 0
0 0
0 0
0 0
0 0
0 0
0 0
0 0
0 0
0 0
0 0
12 0
12 0
12 0
12 0
12 0
12 0
18 6
18 6
18 6
18 6
18 6
35 29
35 6
35 6
35 29
35 6
35 6
35 6
35 6
35 29
35 29
35 29
35 29
35 29
35 6
35 29
35 29
35 29
35 29
35 29
35 6
35 6
35 6
35 29
35 29
35 29
35 29
35 29
35 29
35 29
35 29
35 6
35 29
35 29
35 29
35 29
35 29
35 29
35 6
35 6
35 6
35 6
35 6
35 6
35 6
35 6
35 6
35 29
35 29
35 29
35 29
35 6
35 29
35 29
35 6
35 6
35 6
35 6
35 29
35 6
35 6
35 29
35 6
35 29
35 29
35 6
35 6
35 6
35 29
35 6
35 29
35 6
35 6
35 6
35 6
35 6
35 6
35 6
35 6
35 6
35 6
35 6
35 6
35 6
35 6
35 6
35 6
35 6
35 6
35 6
35 29
35 6
35 6
35 6
35 6
35 6
35 6
35 6
35 6
35 6
35 6
35 6
35 6
35 6
35 6
35 6
35 6
35 6
35 6
35 6
35 6
35 6
35 6
35 6
35 6
35 6
35 6
35 6
35 6
35 6
35 6
35 6
35 6
35 6
35 6
35 6
35 6
35 6
35 6
35 6
35 6
35 6
35 6
35 6
35 6
35 6
35 6
35 6
35 6
35 6
35 6
35 6
35 6
35 6
35 6
35 6
35 6
35 6
18 6
18 6
35 6
35 6
35 6
35 6
35 6
35 6
35 6
35 6
35 6
35 6
35 6
35 29
35 29
35 6
35 29
35 29
35 29
35 6
35 29
35 29
35 29
35 29
35 29
35 29
35 29
35 6
35 6
35 6
35 6
35 29
35 29
35 29
35 6
35 29
35 29
35 29
35 6
35 29
35 6
35 29
35 29
35 29
35 6
35 6
35 29
35 6
16 5
16 31
16 31
16 38
16 38
26 26
26 5
16 5
16 5
26 22
16 5
16 5
26 5
26 22
26 22
16 5
16 5
16 5
16 5
16 5
16 5
16 31
16 5
16 5
16 31
16 5
16 5
16 5
16 5
16 5
16 5
16 5
16 5
16 5
16 5
16 5
16 5
16 5
16 5
16 5
16 5
16 5
16 5
16 5
16 5
16 5
16 5
16 5
16 5
16 5
16 5
16 5
16 5
16 22
16 22
16 5
16 22
16 5
16 5
16 22
16 22
16 5
16 5
16 5
12 5
16 5
12 5
12 5
16 5
16 5
16 5
16 5
16 5
16 5
12 5
16 5
12 5
16 5
12 5
16 5
16 5
12 5
16 5
16 5
16 5
16 5
16 5
16 5
12 5
16 5
16 5
16 5
16 5
16 5
16 5
16 5
16 5
16 5
16 5
16 5
12 5
12 5
16 5
16 5
16 5
16 5
16 5
16 5
16 5
16 5
16 5
16 5
16 5
16 5
16 5
16 5
16 5
16 5
16 5
16 5
16 5
16 5
16 5
16 5
16 5
16 5
16 5
16 5
16 5
16 5
16 5
16 5
16 5
16 5
16 5
16 5
12 5
16 5
16 5
16 5
16 5
16 5
16 5
16 5
16 5
5 5
16 5
16 5
16 5
12 5
12 5
16 5
16 5
16 5
16 5
16 5
16 5
16 5
16 5
16 5
16 5
16 5
16 5
5 5
16 5
16 5
16 5
16 5
16 5
16 5
16 5
16 5
16 5
16 5
16 5
12 5
16 5
16 5
16 5
16 5
16 5
16 5
16 5
16 5
16 5
16 5
16 5
16 5
16 5
16 5
16 5
16 5
16 5
16 5
16 5
16 5
16 5
16 5
16 5
16 5
5 5
5 12
5 12
5 5
32 21
5 21
5 12
5 12
5 12
5 12
5 9
5 12
5 12
5 12
5 12
5 12
5 12
5 12
5 12
5 12
5 12
5 12
5 12
5 12
5 12
5 12
5 12
5 12
5 12
5 12
5 12
5 12
5 12
5 12
5 12
14 12
5 12
5 12
5 12
5 12
5 12
5 12
5 12
5 12
5 12
5 12
5 12
5 12
5 12
5 12
5 12
5 12
5 12
12 12
12 12
5 12
5 12
5 12
5 12
12 12
5 12
5 12
5 12
12 12
5 12
5 12
5 12
5 12
5 12
5 12
5 12
5 12
5 12
5 12
5 12
5 12
5 12
5 12
5 12
5 12
5 12
5 12
5 12
5 12
5 12
5 12
5 12
5 12
5 12
5 12
5 12
5 12
5 12
5 12
5 12
5 12
5 12
5 12
5 12
5 12
5 12
5 12
5 9
5 12
5 9
5 12
5 12
5 9
5 9
5 9
5 9
5 9
5 9
6 9
6 9
6 9
6 9
5 9
6 6
5 9
5 9
5 9
5 9
5 9
5 9
5 9
5 9
5 9
5 9
5 9
5 9
5 9
5 9
5 9
5 9
5 9
5 9
5 5
5 5
5 5
5 5
5 5
5 5
5 5
5 5
5 5
5 5
5 5
5 5
5 5
5 5
5 5
5 5
5 5
5 5
5 5
5 5
5 5
5 5
5 5
5 5
5 5
5 5
5 5
5 5
5 5
5 5
5 5
5 5
5 5
5 5
5 5
5 5
5 5
5 5
5 5
5 5
5 5
5 5
5 5
5 5
5 5
5 5
5 5
5 5
5 5
5 5
5 5
5 5
5 5
5 5
5 5
5 5
5 5
5 5
5 5
5 5
5 5
5 5
5 5
23 22
14 22
23 14
23 22
23 20
23 20
14 14
14 22
14 22
14 22
14 22
14 22
14 22
14 22
14 22
14 22
14 22
14 22
14 22
14 22
14 22
14 22
14 22
14 14
14 14
14 14
14 22
14 22
14 22
23 22
14 22
14 12
22 22
22 22
22 22
14 12
14 12
23 12
23 22
23 22
23 22
23 12
23 12
23 12
14 20
23 12
23 12
23 12
14 12
14 12
14 12
17 12
23 22
14 20
14 20
14 20
23 20
23 20
17 22
23 12
23 12
23 12
23 14
14 14
14 14
23 12
23 12
23 12
23 12
23 22
23 22
23 22
23 22
23 20
32 22
32 22
32 22
32 22
32 22
32 22
32 22
32 22
32 22
32 22
32 22
32 22
32 22
32 22
32 22
32 22
32 22
32 22
32 22
32 22
32 22
32 22
32 22
32 22
32 22
32 22
32 22
32 22
32 22
32 22
32 22
32 22
32 22
32 22
32 22
32 22
32 22
32 22
32 22
32 22
32 22
32 22
32 22
32 22
32 22
32 22
32 22
32 22
32 22
32 22
32 22
32 22
32 22
32 22
32 22
32 22
32 22
32 22
32 22
32 22
32 22
32 22
32 22
32 22
32 22
32 22
32 22
32 22
32 22
32 22
32 22
32 22
32 22
32 22
32 22
32 22
32 22
32 22
32 22
32 22
32 22
32 22
32 22
32 22
32 22
32 22
32 22
32 22
32 22
32 22
32 22
32 22
32 22
32 22
32 22
32 22
32 22
32 22
32 22
32 22
32 22
32 22
32 22
32 22
32 22
32 22
32 22
32 22
32 22
32 22
32 22
32 22
32 22
32 22
32 22
32 22
32 22
32 22
32 22
32 22
32 22
32 22
32 22
32 22
32 22
32 22
27 9
27 9
27 9
27 9
27 9
27 9
27 9
27 16
27 16
27 9
27 16
27 9
27 16
27 9
27 16
27 16
27 16
27 16
27 16
27 16
27 16
27 16
27 16
27 16
27 16
27 16
27 9
16 16
27 16
27 16
27 16
27 16
27 16
27 16
16 16
27 16
27 16
27 9
27 16
27 16
27 16
27 16
27 16
27 16
9 16
27 16
27 9
16 16
27 9
27 9
16 16
27 9
27 16
27 16
27 16
27 16
27 16
27 16
27 16
27 16
27 16
27 16
27 16
27 16
27 16
16 16
27 16
27 16
27 16
27 16
27 16
27 16
27 16
27 16
27 16
27 16
27 16
27 16
27 16
27 16
27 16
27 16
27 16
27 16
29 16
29 16
27 16
29 16
27 16
27 16
27 16
29 16
27 16
27 16
27 16
27 16
27 16
27 16
29 16
27 16
29 16
29 16
27 16
27 16
27 16
27 16
27 16
27 16
27 16
27 16
27 16
27 16
27 16
27 16
27 16
27 16
19 16
19 16
19 16
19 16
19 16
19 16
19 16
19 16
27 16
19 16
27 16
29 16
19 16
19 16
19 16
27 16
19 16
19 16
19 16
29 16
19 16
19 16
19 16
19 16
19 16
19 16
19 16
19 16
19 16
19 16
19 16
19 16
19 16
19 16
9 16
19 16
19 16
19 16
9 16
19 16
19 16
19 16
19 16
19 16
9 16
19 16
19 16
9 16
9 16
19 16
19 16
19 16
19 16
9 16
9 16
19 16
9 16
9 16
19 16
9 16
9 16
9 16
19 16
9 16
9 16
19 16
9 16
19 16
9 16
9 16
9 16
9 16
9 16
29 14
29 14
29 14
29 14
29 14
29 14
29 14
29 14
29 14
29 14
29 14
24 11
27 11
33 11
24 11
33 11
33 11
8 11
33 11
33 11
33 11
33 11
33 11
33 11
33 11
33 11
33 11
33 11
33 11
33 11
24 11
24 11
33 11
11 11
24 11
33 11
11 11
11 11
11 11
11 11
33 11
8 11
11 11
11 11
33 11
11 11
11 11
11 11
11 11
11 11
33 11
33 11
33 11
33 11
33 11
11 11
33 11
33 11
11 11
11 11
11 11
11 11
11 6
11 11
11 11
11 11
11 6
6 6
6 6
6 6
6 6
6 6
11 6
6 6
11 6
11 6
11 6
27 6
11 6
11 11
11 11
11 6
11 6
11 6
27 6
27 11
27 11
11 11
11 11
11 6
11 6
27 6
11 6
11 11
11 11
24 11
11 11
11 11
11 11
11 11
11 11
24 11
8 8
8 8
8 8
8 8
11 11
8 11
27 6
8 11
8 11
8 8
33 11
33 11
8 11
8 11
8 11
8 11
8 11
8 11
8 11
11 11
27 6
27 6
27 6
27 6
27 6
27 6
27 6
27 6
27 6
27 6
27 6
27 6
11 6
11 6
11 6
11 6
27 6
27 6
27 6
11 6
27 6
27 6
27 6
27 6
27 6
27 6
27 6
27 6
27 6
27 6
27 6
27 6
27 6
27 6
27 6
27 6
27 6
27 6
27 6
27 6
27 6
27 6
27 6
27 6
27 6
27 6
27 6
27 6
27 6
27 6
27 6
27 11
27 11
27 6
27 6
27 6
27 6
27 6
27 11
27 6
27 6
27 6
27 6
27 6
27 6
27 6
27 6
27 6
27 6
27 11
27 6
27 6
27 6
27 6
27 6
27 6
27 6
27 11
27 6
27 11
27 6
27 11
27 6
27 6
27 6
27 6
27 6
27 6
27 6
4 4
4 4
4 4
4 4
4 7
4 4
4 15
4 4
4 4
4 4
4 7
4 7
4 15
4 7
4 4
32 7
32 7
32 7
32 7
4 7
32 7
32 7
32 15
32 15
32 15
32 4
32 15
15 15
32 15
32 7
32 7
32 7
32 15
32 7
37 7
4 7
37 15
32 7
37 7
32 15
4 15
15 15
37 15
37 7
37 7
32 15
4 7
4 7
4 4
32 15
32 15
32 7
32 7
32 7
37 15
15 15
32 15
32 15
32 7
32 15
32 15
32 7
32 7
15 15
37 7
32 7
32 15
4 15
32 4
15 4
37 15
32 7
32 7
32 7
32 7
32 7
32 15
4 4
4 15
32 7
32 7
32 15
32 7
32 4
4 7
32 7
32 7
32 7
32 15
32 7
32 7
4 7
15 4
4 4
4 15
4 15
4 7
15 7
4 15
7 7
7 7
7 7
15 15
4 7
4 15
4 15
4 7
4 4
4 7
4 7
15 15
4 4
4 7
4 7
32 15
4 4
4 15
15 15
4 7
32 15
32 15
32 7
32 15
4 15
4 15
32 15
4 15
32 15
32 15
32 15
32 15
32 15
15 15
15 15
4 15
32 15
32 7
32 4
32 15
32 4
32 15
32 15
32 15
4 4
15 4
4 4
32 15
32 15
32 7
32 4
4 4
4 4
4 4
4 4
4 4
4 4
32 4
32 4
32 15
4 4
4 7
15 15
32 7
7 7
4 7
4 7
7 7
32 7
32 4
32 7
32 7
32 4
32 7
32 4
32 7
7 15
32 15
37 15
37 7
37 7
32 7
37 7
37 7
37 15
4 7
4 7
4 7
4 7
4 7
4 7
4 7
4 7
15 7
4 7
4 7
4 7
4 7
4 7
4 4
4 4
0 0
0 0
0 0
0 0
0 0
0 17
0 0
0 0
0 0
0 0
0 0
0 0
0 0
0 0
0 0
0 0
0 0
0 0
0 0
0 0
0 0
0 7
0 17
0 7
0 17
0 0
0 0
0 0
0 0
0 0
0 0
0 0
0 0
0 0
0 0
0 0
0 0
0 0
0 0
0 0
0 0
0 0
0 0
0 0
0 0
0 0
0 0
0 0
0 0
7 17
0 0
0 0
0 0
0 17
0 17
0 0
0 0
0 0
0 0
0 7
0 0
0 17
0 0
0 0
0 7
0 0
0 0
0 0
0 7
0 7
0 7
0 7
0 17
0 7
0 7
7 7
0 7
0 7
0 7
0 17
0 7
0 7
0 0
0 7
0 7
0 7
0 0
0 0
0 0
0 0
0 0
0 0
0 0
0 0
0 0
0 0
0 0
0 0
0 0
0 0
0 0
0 0
0 0
0 0
0 0
0 0
0 0
0 0
0 0
0 0
0 0
0 0
0 0
0 0
0 0
0 0
0 0
0 0
0 0
0 0
0 0
0 0
0 0
0 0
0 0
0 0
0 0
0 0
0 0
0 0
0 0
0 0
0 0
0 0
0 0
0 0
0 0
0 0
0 0
0 0
0 0
0 0
0 0
0 0
0 0
0 0
0 0
0 0
0 0
0 0
0 0
0 0
0 0
0 0
0 0
0 0
0 0
0 0
0 0
0 0
0 0
0 0
0 0
0 0
0 0
0 0
0 0
0 0
0 0
0 0
0 0
0 0
0 0
0 0
0 0
0 0
0 0
0 0
0 0
0 0
0 0
0 0
0 0
0 0
0 0
0 0
0 0
0 0
0 0
0 0
0 0
0 0
0 0
0 0
0 0
0 0
0 0
0 0
0 0
0 0
0 7
0 0
0 0
0 0
0 0
0 0
0 0
0 7
0 0
0 7
0 7
0 7
0 0
0 7
0 0
0 7
0 0
0 0
0 7
0 0
0 0
0 0
0 0
0 0
0 0
0 0
0 0
0 0
0 0
0 0
0 0
0 7
0 7
0 7
0 0
0 0
0 0
0 0
0 0
0 0
0 0
0 0
0 0
0 0
0 0
0 0
0 0
0 0
0 0
0 0
0 0
0 0
0 7
0 0
0 0
0 0
0 0
0 0
0 0
0 0
0 0
0 0
0 0
0 0
0 0
0 0
0 0
0 0
0 0
0 0
0 0
0 0
0 0
0 0
0 0
0 0
0 0
0 0
0 0
0 0
0 0
0 0
0 0
0 0
0 0
0 0
0 0
0 0
0 0
0 0
0 0
0 0
0 0
0 0
0 0
0 0
0 0
0 0
0 0
0 0
0 0
0 0
0 0
0 0
0 0
0 0
0 0
0 0
0 0
0 0
0 0
0 0
0 0
0 0
0 0
0 0
0 0
0 0
0 0
0 0
0 0
0 0
0 0
0 0
0 0
0 0
0 0
0 0
0 0
0 0
0 0
0 0
0 0
0 0
0 0
0 0
0 0
0 0
0 0
0 0
0 7
0 0
0 0
0 0
0 0
0 0
0 0
0 0
0 0
0 0
0 0
0 0
0 0
0 0
0 0
0 0
0 0
0 0
0 0
0 0
0 0
0 0
0 0
0 0
0 0
0 0
0 0
0 0
0 0
0 0
0 0
0 0
0 0
0 0
0 0
0 0
0 0
0 0
0 0
0 0
0 0
0 0
0 0
0 0
0 0
0 0
0 0
0 0
0 0
0 0
0 0
0 0
0 0
0 0
0 0
0 0
0 0
0 0
0 0
0 0
0 0
0 17
0 0
0 0
0 0
0 0
0 17
0 0
0 0
0 0
0 0
0 0
0 0
0 0
0 0
0 17
0 0
0 0
0 0
0 0
0 0
0 0
0 0
0 0
0 0
0 0
0 0
0 0
0 0
0 0
0 0
0 0
23 0
0 0
0 10
0 0
0 0
0 0
0 10
0 17
0 0
0 0
0 0
0 0
0 0
0 0
0 0
0 0
0 0
0 0
0 0
0 0
0 0
0 0
0 0
0 0
0 0
0 0
0 0
0 0
0 0
0 0
0 0
0 0
0 0
0 0
0 0
0 0
0 0
0 0
0 0
0 0
0 0
0 0
0 0
0 0
0 0
0 0
0 0
0 0
0 0
0 0
0 0
0 0
0 0
0 0
0 0
0 0
0 0
0 0
0 0
0 0
0 0
0 0
0 0
0 0
0 0
0 0
0 0
0 0
0 0
0 0
0 0
0 0
0 0
0 0
0 0
0 0
0 0
0 0
0 0
0 0
0 0
0 0
0 0
0 17
0 0
0 0
0 0
0 0
0 0
0 0
0 0
0 0
0 0
0 0
0 0
0 0
0 0
0 0
0 0
0 0
0 0
0 0
0 0
0 0
0 0
0 17
0 0
0 0
0 0
0 0
0 0
0 0
0 0
0 0
0 0
0 0
0 0
0 0
0 0
0 0
0 0
0 0
0 0
0 0
0 0
0 0
0 0
0 0
0 0
0 0
0 0
0 0
0 0
0 0
0 0
0 0
0 0
0 0
0 0
0 0
0 0
0 0
0 0
0 0
0 0
0 0
0 0
0 0
0 0
0 0
0 0
0 0
0 0
0 0
0 0
0 0
0 0
0 0
0 17
0 0
0 0
0 0
0 0
0 0
0 0
0 17
0 17
0 17
28 21
28 32
0 0
0 25
0 0
0 0
0 0
0 0
0 0
0 0
0 0
0 0
0 0
0 0
0 0
0 0
0 0
0 0
0 0
0 0
0 0
0 0
0 0
0 0
0 0
0 0
0 0
0 0
0 0
0 0
0 0
0 0
0 0
0 0
0 0
0 0
0 0
0 0
0 0
0 0
0 0
0 25
0 0
0 0
0 0
0 0
0 0
0 0
0 0
0 0
0 0
0 25
0 0
0 0
0 0
0 0
0 0
0 0
0 0
0 0
0 0
0 0
0 25
0 0
0 0
0 0
0 0
0 0
0 0
0 0
0 0
0 0
0 0
0 0
0 0
0 0
0 0
0 0
0 0
0 0
0 0
0 0
0 0
0 0
0 0
0 0
0 0
0 0
0 0
0 0
0 0
0 0
0 0
0 0
0 0
0 0
0 0
0 0
0 0
0 0
0 0
0 0
0 0
0 0
0 0
0 0
0 0
0 0
0 0
0 0
0 0
0 0
0 0
0 0
0 0
0 0
0 0
0 0
0 0
0 0
0 0
0 0
0 0
0 0
0 0
0 0
0 0
0 0
0 0
0 0
0 0
0 0
0 0
0 0
0 0
0 0
0 0
0 0
0 0
0 0
0 0
0 0
0 0
0 0
0 0
0 0
0 0
0 0
0 0
0 0
0 0
0 0
0 0
0 0
0 0
0 0
0 0
0 0
0 0
0 0
0 0
0 0
0 0
0 0
0 0
0 0
0 0
0 0
0 0
0 0
0 0
0 0
0 0
0 0
0 0
0 0
0 0
0 0
0 0
0 0
0 0
0 0
0 0
0 0
0 0
0 0
0 0
0 0
0 0
0 0
0 0
0 0
0 0
0 0
0 0
0 0
0 0
0 0
0 0
0 0
25 24
26 24
25 24
26 24
25 24
25 24
26 15
26 24
25 24
25 24
26 24
25 24
25 8
25 9
26 12
25 12
25 9
25 12
25 12
25 12
25 12
25 12
25 12
25 12
25 12
25 12
25 12
25 12
25 12
25 9
25 12
25 12
25 13
25 12
25 12
25 12
25 12
25 12
25 12
25 12
9 12
16 12
15 12
15 12
15 5
16 13
12 12
15 12
15 13
15 12
15 8
15 12
16 12
9 12
15 12
9 12
13 13
9 12
15 12
9 12
9 13
9 13
12 12
15 12
9 13
9 15
9 12
9 12
9 13
9 12
15 12
9 12
9 12
9 12
13 12
13 13
9 13
9 13
12 12
15 12
9 13
16 13
9 12
15 12
15 13
13 13
15 12
15 12
15 12
9 12
15 12
15 12
9 9
15 9
12 12
8 15
9 12
9 9
9 9
9 9
9 9
12 12
9 9
15 12
9 12
9 12
9 12
9 12
9 12
9 12
9 12
15 8
9 12
9 12
9 13
9 13
12 12
9 12
12 12
12 12
12 12
12 12
12 12
12 12
12 12
12 12
12 12
12 12
12 12
12 12
12 12
12 12
12 12
12 12
12 12
12 12
12 12
12 12
12 12
12 12
12 12
12 12
12 12
12 12
12 12
12 12
12 12
12 12
12 12
12 12
12 12
12 12
12 12
12 12
12 12
12 12
12 12
12 12
12 12
12 12
12 12
12 12
12 12
12 12
12 12
12 12
12 12
12 12
12 12
12 12
12 12
12 12
12 12
12 12
12 12
12 12
12 12
12 12
12 12
12 12
12 12
12 12
12 12
12 12
12 12
12 12
12 12
12 12
12 12
12 12
12 12
12 12
12 12
12 12
12 12
12 12
12 12
12 12
12 15
12 12
8 8
8 8
8 8
8 8
8 8
8 8
8 8
8 8
8 8
8 8
8 8
8 8
8 8
8 8
8 8
8 8
8 8
8 8
8 8
8 8
8 8
8 8
8 8
8 8
8 8
8 8
8 8
8 8
8 8
8 8
8 8
8 8
8 8
8 8
8 8
8 8
8 10
8 8
8 8
8 8
8 8
8 8
8 8
8 8
8 8
8 8
8 10
8 10
8 8
8 8
8 8
8 8
8 8
8 26
8 25
8 8
8 10
8 26
8 26
8 26
8 26
8 26
8 26
8 26
8 26
8 26
8 8
8 26
8 8
8 8
8 8
8 8
8 8
8 8
8 26
8 8
8 8
8 8
8 8
8 8
8 8
8 8
8 8
8 8
8 8
8 8
8 8
8 8
8 8
8 8
8 8
8 8
8 8
8 8
8 25
8 8
8 8
8 8
8 8
8 8
8 8
8 26
8 26
8 26
8 5
8 5
8 5
8 5
8 25
8 25
8 5
8 5
8 8
8 8
8 8
8 8
8 8
8 8
8 5
8 8
8 5
8 8
8 8
8 5
8 5
8 8
8 8
8 26
8 26
8 8
8 5
8 8
8 8
8 8
8 8
8 8
8 5
8 8
8 8
8 5
8 5
8 25
8 5
8 8
8 5
8 15
25 25
8 26
25 25
8 8
8 8
8 8
8 15
8 15
8 26
8 8
8 8
8 8
8 10
8 8
8 15
8 15
25 32
8 8
8 8
8 8
8 15
8 8
8 8
8 15
8 15
8 15
8 15
8 15
8 15
25 25
8 8
8 15
8 15
8 8
8 15
8 15
8 15
8 15
8 15
8 15
8 15
25 25
8 15
8 15
8 15
8 15
8 5
8 15
8 15
8 15
8 15
8 8
8 25
8 26
11 13
11 11
11 11
11 11
11 13
11 11
11 11
11 11
11 11
11 11
11 11
11 11
11 11
11 11
11 11
11 11
11 11
11 11
11 11
11 11
11 11
11 11
11 11
11 11
11 11
11 11
11 11
11 11
11 11
11 11
11 11
11 11
11 11
11 11
11 11
11 11
11 11
11 11
11 11
11 11
11 11
11 11
11 11
11 11
11 11
11 11
11 11
11 11
11 11
11 11
11 11
11 11
11 11
11 11
11 11
11 11
11 11
11 11
11 11
11 11
11 11
11 11
11 11
11 11
11 11
11 11
11 11
11 11
11 11
11 11
11 11
11 11
11 13
11 11
11 11
11 11
11 11
11 11
11 11
11 11
11 11
11 11
11 11
11 11
11 11
11 11
11 11
11 11
11 11
11 11
11 11
11 11
11 11
11 11
11 11
11 11
11 11
11 11
11 11
11 11
11 11
11 11
11 11
11 13
11 11
11 11
11 11
11 11
11 11
11 11
11 11
11 11
11 11
11 11
11 11
11 11
11 11
11 11
11 11
11 11
11 13
11 11
11 11
11 11
11 11
11 11
11 11
11 11
11 11
11 13
11 11
11 11
11 11
11 11
11 11
11 11
11 11
11 11
11 11
11 11
11 11
11 11
11 11
11 11
11 11
11 11
11 11
11 11
11 11
11 11
11 11
11 11
11 11
11 11
11 11
11 11
11 11
11 11
11 11
11 11
11 11
11 11
11 11
11 11
11 11
11 11
11 11
11 11
11 13
11 11
11 11
11 11
11 13
11 11
11 11
11 11
11 11
11 11
11 11
11 11
11 11
11 11
11 11
11 11
11 11
11 11
11 11
11 13
11 11
11 11
11 11
11 11
11 11
11 11
11 11
11 11
11 11
11 11
10 13
10 13
40 0
0 0
0 0
0 0
0 0
0 0
0 0
0 0
0 0
0 0
0 0
0 0
0 0
0 0
0 0
0 0
0 10
0 10
0 10
10 10
0 10
0 0
0 0
0 0
0 0
0 0
0 0
0 0
0 0
0 0
0 0
0 0
0 0
0 0
0 0
0 0
0 0
0 0
0 0
0 0
0 0
0 0
0 0
0 0
0 0
0 0
0 0
0 0
0 0
0 0
0 0
0 0
0 0
0 0
0 0
0 0
0 0
0 0
0 0
0 0
0 0
0 0
0 0
0 0
0 0
0 0
0 0
0 0
0 0
0 0
0 0
0 0
0 0
0 0
0 0
0 0
0 0
0 0
0 0
0 0
0 0
0 0
0 0
0 0
0 0
0 0
0 0
0 0
0 0
0 0
0 0
0 0
0 0
0 0
0 0
0 0
0 0
0 0
0 0
0 0
0 0
0 0
0 0
0 0
0 0
0 0
0 0
0 0
0 0
0 0
0 0
0 0
0 0
0 0
0 0
0 0
0 0
0 0
0 0
0 0
0 0
0 0
0 0
0 0
0 0
0 0
0 0
0 0
0 0
0 0
0 0
0 0
0 0
0 0
0 0
0 0
0 0
0 0
0 0
0 0
0 0
0 0
0 0
0 32
0 0
0 0
0 0
0 0
0 0
0 0
0 0
0 0
0 0
0 0
0 0
0 0
0 0
0 10
0 0
0 0
0 0
0 0
0 0
0 0
0 0
0 0
0 0
0 0
0 0
0 0
0 0
0 0
0 0
0 0
0 0
0 0
0 0
0 0
0 0
0 0
0 0
0 0
0 0
0 0
0 0
0 0
0 0
0 0
0 0
0 0
0 0
0 0
0 0
0 0
0 0
0 0
0 0
0 0
0 0
0 0
0 0
0 0
0 0
0 0
0 0
0 0
0 0
0 0
0 0
0 0
0 0
0 0
0 0
0 0
0 0
0 0
0 0
0 0
0 0
0 0
0 0
0 0
0 0
0 0
0 0
0 0
0 0
0 0
0 0
0 0
0 0
0 0
0 0
0 0
0 0
0 0
0 0
0 0
0 0
0 0
0 0
0 0
0 0
0 0
0 0
0 0
0 0
0 0
0 0
0 0
0 0
0 0
0 0
0 0
0 0
0 0
0 0
0 0
0 0
0 0
0 0
0 0
0 0
0 0
0 0
0 0
0 0
0 0
0 0
0 0
0 0
0 0
0 0
0 0
0 0
0 0
0 0
0 0
0 0
0 0
0 0
0 0
0 0
0 0
0 0
0 0
0 0
0 0
0 0
0 0
0 0
0 0
0 0
0 0
0 0
0 0
0 0
0 0
0 0
0 0
0 0
0 0
0 0
0 0
0 0
0 0
0 0
0 0
0 0
0 0
0 0
0 0
0 0
0 0
0 0
0 0
0 0
0 0
0 0
0 0
0 0
0 0
0 0
0 0
0 0
0 0
0 0
0 0
0 0
0 0
0 0
0 0
0 0
0 0
0 0
0 0
0 0
0 0
0 0
0 0
0 0
0 0
0 0
0 0
0 0
0 0
0 0
0 0
0 0
0 0
0 0
0 0
0 0
0 0
0 0
0 0
0 0
0 0
0 0
0 0
0 0
0 0
0 0
0 0
0 0
0 0
0 0
0 0
0 0
0 0
0 0
0 0
0 0
0 0
0 0
0 0
0 0
0 0
0 0
0 0
0 0
0 0
0 0
0 0
0 0
0 0
0 0
0 0
0 0
0 0
0 0
0 0
0 0
0 0
0 0
0 0
0 0
0 0
0 0
0 0
7 4
7 4
7 4
7 4
7 4
7 4
7 4
7 4
7 4
7 4
7 4
7 4
7 4
7 4
7 4
7 4
7 4
7 4
7 4
7 4
7 4
7 4
7 4
7 4
7 4
7 4
7 4
7 4
7 4
7 4
7 4
7 4
7 4
7 4
7 4
7 4
7 4
7 4
7 4
7 4
7 4
7 4
7 4
7 4
7 4
7 4
7 4
7 4
7 4
7 4
7 4
7 4
7 4
7 4
7 4
7 4
7 4
7 4
7 4
7 4
7 4
7 4
7 4
7 4
7 4
7 4
7 4
33 4
7 4
7 4
7 4
7 4
7 4
7 4
7 4
7 4
7 4
7 4
7 4
7 4
7 4
7 4
43 4
7 4
7 4
7 4
7 4
7 4
7 4
7 4
33 4
7 4
33 4
7 4
7 4
7 4
7 4
7 4
7 4
7 4
7 4
7 4
7 4
7 4
7 4
7 4
7 4
7 4
7 4
43 4
7 4
7 4
7 4
7 4
7 4
7 4
7 4
7 4
7 4
7 4
7 4
7 4
7 4
7 4
7 4
7 4
7 4
7 4
7 4
7 4
7 4
7 4
33 4
7 4
7 4
7 4
7 4
7 4
7 4
33 4
7 4
7 4
7 4
7 4
7 4
7 4
7 4
7 4
7 4
7 4
7 4
7 4
7 4
7 4
7 4
7 4
7 4
7 4
7 4
7 4
43 4
7 4
7 4
7 4
7 4
7 4
7 4
7 4
7 4
7 4
7 4
7 4
7 4
7 4
7 4
7 4
7 4
7 4
7 4
7 4
7 4
7 4
7 4
7 4
7 4
7 4
7 4
7 4
7 4
7 4
7 4
7 4
7 4
7 4
7 4
7 4
7 4
7 4
7 4
7 4
9 9
9 9
9 9
9 9
9 9
9 9
9 9
9 9
9 9
9 9
9 9
9 9
9 9
9 9
9 9
9 9
9 9
9 9
9 9
9 9
9 9
9 9
9 9
9 9
9 9
9 9
9 9
9 9
9 9
9 9
9 9
9 9
9 9
9 9
9 10
9 9
9 9
9 9
9 9
9 9
9 9
9 9
9 9
9 9
9 9
9 9
9 9
9 9
9 9
9 9
9 9
9 9
17 10
9 9
9 9
9 10
9 10
9 9
9 10
9 9
9 9
9 9
9 9
9 9
9 9
9 10
9 9
9 10
9 10
9 10
9 10
9 10
9 10
9 10
9 10
18 10
18 10
18 10
18 10
18 10
18 10
18 10
18 10
18 10
18 10
18 10
18 10
18 10
18 10
18 10
18 10
18 18
18 10
18 10
18 10
22 10
18 10
18 10
18 10
18 10
18 10
18 10
18 10
18 10
18 10
18 10
18 10
18 10
18 10
18 10
18 10
9 10
18 10
9 10
18 10
18 10
18 10
18 10
18 10
18 10
18 10
18 10
18 10
18 10
18 10
22 10
18 10
18 10
18 10
18 10
18 10
18 10
18 10
18 10
18 10
18 10
18 10
9 10
18 10
18 10
18 10
18 10
18 10
18 10
18 10
9 10
9 18
9 10
18 10
18 10
9 10
18 10
9 10
18 10
18 10
18 10
18 10
18 10
18 10
18 10
18 10
18 10
18 10
18 10
18 10
18 10
18 10
18 10
18 10
18 10
18 10
18 10
18 10
18 18
18 10
18 18
18 10
18 10
18 18
18 10
18 10
18 10
18 10
18 10
18 10
18 10
18 10
18 10
22 10
18 10
18 18
18 10
18 10
18 10
18 10
18 10
18 10
18 10
18 10
18 10
6 6
6 6
6 6
6 7
6 7
6 7
6 7
6 15
6 15
6 15
6 15
6 15
6 15
6 7
7 7
6 15
6 14
7 7
7 7
24 15
24 15
7 7
7 7
7 7
7 7
7 7
7 7
7 7
7 7
7 7
7 7
7 7
7 7
7 7
7 7
7 7
7 7
7 7
7 7
7 7
7 7
7 7
7 7
7 7
7 7
7 7
7 7
7 7
7 7
7 7
7 7
7 7
7 7
7 7
7 7
7 7
7 7
7 7
7 7
7 7
7 7
7 7
7 7
7 7
7 7
7 7
7 7
7 7
7 7
7 7
7 7
7 7
7 7
7 7
7 7
7 7
7 7
7 7
7 7
7 7
7 7
7 7
7 7
7 7
7 7
7 7
7 7
7 7
7 7
7 7
7 7
7 7
7 7
7 7
7 7
7 15
7 7
7 7
7 7
7 7
7 7
7 7
7 7
7 7
7 7
7 7
7 7
7 7
7 7
7 7
7 7
7 7
7 7
7 7
7 7
7 7
7 7
7 7
7 7
7 7
7 7
7 7
7 7
7 7
7 7
7 7
7 7
7 7
7 7
7 7
7 7
7 7
7 7
7 7
7 7
7 7
7 7
7 7
7 7
7 7
7 7
7 7
7 7
7 7
7 7
7 7
7 7
7 7
7 7
7 7
7 7
7 7
7 7
7 7
7 7
7 7
7 7
7 7
7 7
7 7
7 7
7 7
7 7
7 7
7 7
7 7
7 7
7 7
7 7
7 7
7 7
7 7
7 7
7 7
7 7
7 7
7 7
7 7
7 7
7 7
7 7
7 7
7 7
7 7
7 7
7 7
7 7
7 7
7 7
7 7
7 7
7 7
7 7
7 7
7 7
7 7
7 7
7 7
7 7
7 7
0 0
0 0
0 0
0 0
0 0
0 0
0 0
0 0
0 0
0 0
0 0
0 0
0 0
0 0
0 0
0 0
0 0
0 0
0 0
0 0
0 0
0 0
0 0
0 0
0 0
0 0
0 0
0 0
0 0
0 0
0 0
0 0
0 0
0 0
0 0
0 0
0 0
0 0
0 0
12 0
0 0
0 0
0 0
0 0
0 0
0 0
0 0
0 0
0 0
0 0
0 0
0 0
0 0
0 0
0 0
0 0
0 0
0 0
0 0
0 0
0 0
0 0
0 0
0 0
0 0
0 0
0 0
0 0
0 0
0 0
0 0
0 0
0 0
0 0
0 0
0 0
0 0
0 0
0 0
0 0
0 0
0 0
0 0
0 0
0 0
0 0
0 0
0 0
0 0
0 0
0 0
0 0
0 0
0 0
0 0
0 0
0 0
0 0
0 0
0 0
0 0
0 0
0 0
0 0
0 0
0 0
0 0
0 0
0 0
0 0
0 0
0 0
0 0
0 0
0 0
0 0
0 0
0 0
0 0
0 0
0 0
0 0
0 0
0 0
0 0
0 0
0 0
0 0
0 0
0 0
0 0
0 0
0 0
0 0
0 0
0 0
0 0
0 0
0 0
0 0
0 0
0 0
0 0
0 0
0 0
0 0
0 0
0 0
0 0
0 0
0 0
0 0
0 0
0 0
0 0
0 0
0 0
0 0
0 0
0 0
0 0
0 0
0 0
0 0
0 0
0 0
0 0
0 0
0 0
0 0
0 0
0 0
0 0
0 0
0 0
0 0
0 0
0 0
0 0
0 0
0 0
0 0
0 0
0 0
0 0
0 0
0 0
0 0
0 0
0 0
0 0
0 0
0 0
0 0
0 0
0 0
0 0
0 0
0 0
0 0
11 7
6 7
11 7
11 7
22 7
11 7
11 7
19 7
11 7
11 7
11 7
11 7
11 7
11 7
11 7
11 7
11 7
6 7
11 7
6 7
6 7
6 7
6 7
6 7
6 7
6 7
11 7
6 7
11 7
6 7
11 7
11 7
11 7
11 7
11 7
11 7
11 7
6 7
11 7
6 7
11 7
19 7
11 7
6 7
11 7
11 7
11 7
11 7
6 7
11 7
11 7
6 7
6 7
6 7
11 7
11 7
11 7
11 7
11 7
6 7
6 7
11 7
11 7
11 7
6 7
11 7
11 7
11 7
11 7
7 7
7 7
7 7
11 7
7 7
19 7
19 7
11 7
19 7
11 7
7 7
7 7
7 7
7 7
19 7
7 7
7 7
7 7
7 7
7 7
19 7
7 7
7 7
7 7
7 7
19 7
19 19
19 7
19 7
7 7
19 7
19 7
19 7
19 7
19 7
19 19
19 7
19 7
19 7
19 7
19 7
19 19
19 7
11 7
7 7
19 7
19 7
19 19
19 19
11 7
19 7
19 7
19 7
11 7
11 7
11 7
11 7
19 7
19 7
19 7
11 7
7 7
19 7
19 7
19 7
19 7
19 7
7 7
19 7
19 7
19 7
7 7
19 7
19 7
19 7
19 7
19 7
19 7
19 7
19 7
19 7
19 7
19 7
19 7
19 7
19 7
19 7
19 7
19 7
19 7
19 7
19 7
19 7
19 19
19 7
19 7
19 7
19 7
19 7
19 19
19 19
19 7
19 7
19 19
19 7
7 7
19 7
7 7
7 7
19 7
7 7
7 7
7 7
19 7
11 7
11 7
11 7
11 7
11 7
11 7
11 7
11 7
11 7
11 7
11 7
11 7
11 7
11 7
11 7
11 7
11 7
10 10
10 10
10 19
10 10
10 10
10 10
10 10
10 10
10 10
10 10
10 10
10 10
10 10
10 10
10 10
10 10
10 10
10 11
10 10
10 10
10 10
10 10
10 10
10 10
10 10
10 10
10 10
10 10
10 10
10 10
10 10
10 10
10 10
10 10
10 10
10 10
10 10
10 10
10 10
10 10
10 10
10 10
10 10
10 10
10 10
10 10
10 10
10 10
10 0
10 0
0 0
0 0
0 0
0 0
0 0
0 0
0 0
0 0
0 0
0 0
0 0
0 0
0 0
0 0
0 0
0 0
0 0
0 0
0 0
0 0
0 0
0 0
0 0
0 0
0 0
0 0
0 0
0 0
0 0
0 0
0 0
0 0
0 0
0 0
0 0
0 0
0 0
0 0
0 0
0 0
0 0
0 0
0 0
0 0
0 0
0 0
0 0
0 0
0 0
0 0
0 0
0 0
0 0
0 0
0 0
0 0
0 0
0 0
0 0
0 0
0 0
0 0
0 0
0 0
0 0
0 11
0 11
0 0
0 0
0 0
0 0
0 0
0 0
0 0
0 0
0 0
0 0
0 0
0 11
11 11
0 0
0 0
0 0
0 0
0 0
0 0
0 0
0 0
0 0
0 0
0 0
11 0
0 0
0 0
0 0
0 0
0 0
0 0
0 0
0 0
0 0
0 0
0 0
0 0
0 0
0 0
0 0
0 0
0 0
0 0
0 0
0 0
0 0
0 0
0 0
0 0
0 0
0 0
0 0
0 11
0 11
0 0
0 0
0 0
0 0
0 0
0 0
0 0
0 0
0 0
0 0
0 0
0 0
0 0
0 0
0 0
0 0
0 0
0 0
0 0
0 0
0 0
0 0
0 0
0 0
0 10
0 0
0 0
0 11
0 10
13 13
13 13
13 13
13 12
13 13
13 12
13 12
13 12
13 12
13 12
13 13
13 12
13 13
13 13
13 12
13 12
13 12
13 13
13 12
13 12
13 12
13 12
13 12
13 13
13 13
13 13
13 12
13 13
13 13
13 13
13 12
13 13
13 12
13 12
13 12
13 12
13 12
13 13
13 12
13 12
13 12
13 12
13 12
13 12
13 13
13 12
13 12
13 12
13 12
13 12
13 13
13 12
13 13
13 12
13 13
13 13
13 13
13 13
13 13
13 13
13 13
13 13
13 13
13 13
13 13
13 13
13 13
13 12
13 13
13 13
13 13
13 13
13 13
13 13
13 13
13 13
13 13
13 13
13 13
13 13
13 13
13 13
13 13
13 13
13 13
12 13
12 13
12 13
12 13
12 13
12 13
12 13
12 13
12 13
12 13
12 13
12 13
12 13
12 13
12 13
12 13
12 13
12 13
12 13
12 13
12 13
12 13
12 13
12 13
12 13
13 13
12 13
13 13
12 13
12 13
12 13
12 13
12 13
12 13
12 13
13 13
13 13
12 13
12 13
12 13
12 13
12 13
13 13
13 13
13 13
12 13
12 13
12 13
12 13
12 13
13 13
12 13
12 13
12 13
12 13
12 13
12 13
12 13
12 13
12 13
12 13
12 13
12 13
12 13
12 13
12 13
12 13
12 13
12 13
12 13
12 13
12 13
12 13
12 13
12 13
12 13
12 13
12 13
12 13
12 13
12 13
12 13
12 13
12 13
12 13
13 13
12 13
12 13
12 13
12 13
12 13
12 13
12 13
12 13
12 13
12 13
12 13
12 13
12 13
12 13
12 13
12 13
13 13
13 13
12 13
12 13
12 13
12 13
12 13
12 13
12 13
12 13
12 13
12 13
12 13
12 13
12 16
12 16
12 6
12 13
12 13
12 16
12 16
12 13
12 13
12 16
12 16
12 13
12 16
12 13
12 13
12 13
12 13
12 13
12 13
12 16
12 16
12 8
12 13
12 13
12 13
12 13
12 13
12 13
12 13
12 13
12 16
12 13
12 13
12 24
12 16
12 24
12 24
12 16
12 16
6 13
6 13
6 13
6 13
6 13
6 13
6 13
6 13
6 13
6 13
6 13
6 13
6 13
6 13
6 13
6 13
6 13
6 13
6 13
6 13
6 13
6 13
6 13
6 13
6 13
6 13
6 13
6 13
6 13
6 13
6 13
6 13
6 13
6 13
6 13
6 13
6 13
6 13
6 13
6 6
6 13
6 13
6 13
6 13
13 13
6 13
6 13
6 13
13 13
13 13
13 13
6 13
6 13
6 13
13 13
13 13
6 13
6 13
6 13
6 13
6 13
6 13
13 13
6 13
6 13
6 13
6 13
6 13
6 13
6 13
13 13
6 13
6 13
6 13
7 13
7 13
6 13
13 13
6 13
6 13
6 13
6 13
6 13
6 13
6 13
13 13
6 13
6 13
6 13
6 13
6 13
6 13
6 13
6 13
6 13
6 13
6 13
13 13
12 13
13 13
6 13
13 13
6 13
6 13
13 13
6 13
13 13
6 13
13 13
6 13
6 13
6 13
6 13
6 13
6 13
6 13
13 13
13 13
13 13
6 13
6 13
6 13
6 13
6 13
6 13
6 13
6 13
12 13
13 13
6 13
6 13
6 13
6 13
6 13
6 13
6 6
6 13
6 6
6 6
6 6
6 13
6 6
6 6
6 13
6 6
6 13
6 6
6 13
6 13
6 13
6 13
6 13
6 6
6 6
6 13
6 13
6 13
6 13
6 13
6 13
19 7
19 7
19 7
19 7
19 7
19 7
19 7
19 16
19 16
19 16
19 16
19 16
19 16
19 16
19 16
19 16
19 16
19 16
19 16
19 16
19 16
19 16
19 16
13 16
13 16
13 16
13 16
13 16
13 16
13 16
13 16
13 16
13 16
13 16
13 16
13 16
13 16
13 16
13 16
13 16
13 16
13 16
13 16
13 16
13 16
13 16
13 16
13 16
13 16
13 16
13 16
13 16
13 16
13 16
13 16
13 16
13 16
13 16
13 16
13 16
13 16
13 16
13 16
13 16
13 16
13 16
13 16
13 16
13 16
13 16
13 16
13 16
13 16
13 16
13 16
13 16
13 16
13 16
13 16
13 16
13 16
13 16
13 16
13 16
13 16
13 16
13 16
13 16
13 16
13 16
13 16
13 16
13 16
13 16
13 16
13 16
13 16
13 16
13 16
13 16
13 16
13 16
13 16
13 16
13 16
13 16
13 16
13 16
13 16
13 16
13 16
13 16
13 16
13 16
13 16
13 16
13 16
13 16
13 16
13 16
13 16
13 16
13 16
13 16
13 16
13 16
13 16
13 16
13 16
13 16
13 16
13 16
13 16
13 16
13 16
13 16
13 16
13 16
13 16
13 16
13 16
13 16
13 16
13 16
13 16
13 16
13 16
13 16
13 16
13 16
13 16
13 16
13 16
13 16
13 16
13 16
13 16
13 16
13 16
13 16
13 16
13 16
13 16
13 16
13 16
13 16
13 16
13 16
13 16
13 16
13 16
13 16
13 16
13 16
13 16
13 16
13 16
13 16
13 16
13 16
13 16
13 16
13 16
13 16
13 16
13 16
13 16
13 16
13 16
13 16
13 16
13 16
13 16
13 16
13 16
13 16
13 16
13 16
13 16
13 16
26 0
26 8
26 8
26 8
26 0
26 0
26 0
26 0
34 34
34 0
34 0
34 0
26 0
34 0
34 0
34 0
26 0
34 0
34 0
34 0
34 0
34 0
34 0
26 0
34 0
34 0
26 0
26 0
34 0
0 0
0 0
0 0
0 0
0 0
0 0
0 0
0 0
0 0
0 0
17 10
0 0
0 0
0 0
0 0
0 0
0 0
0 0
0 0
0 0
0 0
0 0
0 0
0 0
0 0
0 0
0 0
0 0
0 0
0 0
0 0
0 0
0 0
0 0
0 0
0 0
0 0
0 0
0 0
0 0
0 0
0 0
0 0
0 0
0 0
0 0
0 0
0 0
0 0
0 0
0 0
0 0
0 0
0 0
0 0
0 0
0 0
0 0
0 0
0 0
0 0
0 0
0 0
0 0
0 0
0 0
0 0
0 0
0 0
0 0
0 0
0 0
0 0
0 0
0 0
0 0
0 0
0 0
0 0
0 0
0 0
0 0
0 0
0 0
0 0
0 0
0 0
0 0
0 0
0 0
0 0
0 0
0 0
0 0
0 0
0 0
0 0
0 8
0 8
0 0
0 0
0 0
0 0
0 0
0 0
0 0
0 0
0 0
0 0
0 0
0 0
0 0
0 0
0 0
0 0
0 0
0 0
0 0
0 0
0 0
0 0
0 0
0 0
0 0
0 0
0 0
0 0
0 0
0 0
0 0
0 0
0 0
0 0
0 0
0 0
0 0
0 0
0 0
0 0
0 0
0 0
0 0
0 0
0 0
0 0
0 0
0 0
0 0
0 0
0 0
0 0
0 0
0 0
0 0
0 0
0 0
0 0
0 0
0 0
0 0
0 0
0 0
0 0
0 0
0 8
0 0
0 0
0 0
0 0
0 8
0 0
19 0
19 0
19 0
19 0
19 0
19 0
19 0
19 0
19 0
19 0
19 0
19 0
19 0
19 0
19 0
19 0
19 0
19 0
32 0
32 0
19 0
19 0
19 0
19 0
19 0
0 0
0 0
0 0
0 0
0 0
10 9
0 0
0 0
0 0
0 0
0 0
0 0
0 0
0 0
0 0
0 0
0 0
0 0
0 0
0 0
0 0
0 0
0 0
0 0
0 0
0 0
0 0
0 0
0 0
0 0
0 0
0 0
0 0
0 0
0 0
0 0
0 0
0 0
0 0
0 0
9 10
0 0
0 0
0 0
0 0
0 0
0 0
0 0
0 0
0 0
0 0
8 0
0 0
0 0
0 0
0 0
0 0
0 0
0 0
0 0
0 0
0 0
0 0
0 0
0 0
0 0
0 0
0 0
0 0
0 0
0 0
0 0
0 0
0 0
9 9
0 0
0 0
0 0
0 0
0 0
0 0
0 0
9 9
0 0
0 0
9 0
0 0
0 0
0 0
9 0
0 0
9 9
0 9
0 0
0 0
0 0
9 9
9 0
0 0
0 0
0 0
0 0
9 9
0 0
0 0
0 0
0 0
9 9
9 9
9 9
0 0
9 0
9 0
0 0
9 0
0 0
0 0
0 0
0 0
0 0
9 0
0 0
0 0
0 0
0 0
0 0
9 0
9 0
0 0
0 0
0 9
0 0
0 9
0 0
0 0
0 0
0 0
0 0
9 0
0 9
0 0
0 0
0 0
9 0
0 0
9 8
9 8
9 0
0 0
9 0
9 0
9 0
0 0
9 8
9 0
0 0
9 8
0 0
0 0
9 0
0 0
9 0
9 0
0 0
9 0
0 0
0 8
0 0
9 0
9 0
9 0
0 8
9 0
9 8
9 0
21 21
24 21
21 0
21 21
21 0
21 14
21 0
21 21
21 0
21 0
21 0
21 14
21 21
21 0
21 0
21 14
21 0
21 21
21 0
21 14
21 21
21 21
21 0
21 0
21 0
21 0
21 0
21 9
21 0
21 9
21 9
21 21
21 21
21 0
21 21
21 14
21 14
21 21
21 21
24 21
24 21
21 14
24 14
21 14
21 14
21 21
21 21
21 21
21 0
9 0
9 0
9 0
0 0
0 0
0 0
9 0
9 0
9 0
9 0
9 0
0 0
9 0
9 0
0 0
0 0
9 0
9 0
0 0
0 0
0 0
0 0
0 0
0 0
0 0
0 0
0 0
0 0
0 0
0 0
0 0
0 0
0 0
0 0
0 0
0 0
0 0
0 0
0 0
0 0
0 0
0 0
0 0
0 0
0 0
0 0
0 0
0 0
0 0
0 0
0 0
0 0
0 0
0 0
0 0
0 0
0 0
0 0
0 0
0 0
0 0
0 0
0 0
0 0
0 0
0 0
0 0
0 0
0 0
0 0
0 0
0 0
0 9
0 9
0 9
0 9
0 9
0 9
0 9
0 9
0 9
0 9
0 9
0 9
0 9
0 9
0 9
0 9
0 9
0 9
0 9
0 9
0 9
0 9
0 9
0 9
0 9
0 9
0 9
0 9
0 9
0 9
9 9
0 9
0 9
0 9
0 9
9 9
9 0
0 0
9 0
9 0
9 0
9 0
9 0
9 0
9 9
9 0
11 0
9 0
9 9
9 0
9 0
9 0
9 0
9 0
9 0
9 0
0 0
0 0
9 0
9 0
9 0
9 0
9 0
9 0
0 0
9 0
0 0
0 0
9 0
9 9
9 0
9 0
0 0
0 0
9 0
9 0
9 0
9 0
9 0
6 6
19 6
15 6
15 6
15 6
15 6
13 8
13 8
13 13
13 8
13 13
13 13
13 13
13 13
13 13
13 8
13 8
13 13
13 13
13 13
13 8
13 13
13 13
13 13
13 13
13 13
13 13
13 8
13 13
13 13
13 13
13 8
13 13
13 8
13 8
13 13
13 13
13 13
13 13
13 13
13 13
13 13
13 13
13 13
13 13
13 8
13 8
13 13
13 13
13 13
13 13
13 8
13 13
13 8
13 13
13 13
13 13
13 13
13 13
13 13
13 13
13 13
13 13
13 13
13 8
13 13
13 8
8 8
13 13
13 8
13 13
13 13
13 13
13 13
13 13
13 13
13 13
13 13
13 13
13 13
13 13
13 13
13 13
13 13
13 13
13 13
13 13
13 13
13 13
13 13
13 13
13 13
13 13
13 13
13 13
13 13
13 13
13 13
13 13
13 13
13 13
13 13
13 13
13 13
13 13
13 13
13 13
13 13
13 13
13 13
13 13
13 13
13 13
13 13
13 13
13 13
13 13
13 13
13 13
13 13
13 13
13 13
13 13
13 13
13 13
13 13
13 13
13 13
13 13
13 13
13 13
13 13
13 13
13 13
13 13
13 13
13 13
13 13
13 13
13 13
13 13
13 13
13 13
13 13
13 13
13 13
13 13
13 13
13 13
13 13
13 13
13 13
13 13
13 13
13 13
13 13
13 13
13 13
13 13
13 13
13 13
13 13
13 13
13 13
13 13
13 13
13 13
13 13
13 13
8 8
13 13
13 13
13 8
13 8
13 13
8 8
13 8
13 8
13 13
8 8
8 13
8 13
8 13
8 8
13 13
13 13
8 13
13 13
13 13
13 13
8 13
13 13
8 8
13 13
8 8
8 8
8 13
8 8
8 8
8 8
0 0
0 0
0 0
0 0
0 0
0 0
0 0
0 0
0 0
0 0
0 0
0 0
0 0
0 0
0 0
0 0
0 0
0 0
0 0
0 0
0 0
0 0
0 0
0 0
0 0
0 0
0 0
0 0
0 0
0 0
0 0
0 0
0 0
0 0
0 0
0 0
0 0
0 0
0 0
0 0
0 0
0 0
0 0
0 0
15 0
0 0
0 0
0 0
0 0
0 0
0 0
0 0
0 0
0 0
0 0
0 0
0 0
0 0
0 0
0 0
0 0
0 0
0 0
0 0
0 0
0 0
0 0
0 0
0 0
0 0
0 0
0 0
0 0
0 0
0 0
0 0
0 0
0 0
0 0
0 0
0 0
0 0
0 0
0 0
0 0
0 0
0 0
0 0
0 0
0 0
0 0
0 0
0 0
0 0
0 0
0 0
0 0
0 0
0 0
0 0
0 0
0 0
0 0
0 0
0 0
0 0
0 0
0 0
0 0
0 0
0 0
0 0
0 0
0 0
0 0
0 0
0 0
0 0
0 0
0 0
0 0
0 0
0 0
0 0
0 0
0 0
0 0
0 0
0 0
0 0
0 0
0 0
0 0
0 0
0 0
0 0
0 0
0 0
0 0
0 0
0 0
0 0
0 0
0 0
0 0
0 0
0 0
0 0
0 0
0 0
0 0
0 0
0 0
0 0
0 0
0 0
0 0
0 0
0 0
0 0
19 19
19 19
0 0
0 0
0 0
0 0
0 0
0 0
19 19
0 0
0 0
0 0
0 0
0 0
0 0
0 0
0 0
0 0
0 0
0 0
0 0
0 0
0 0
0 0
0 0
0 0
0 0
0 0
0 0
0 0
0 0
0 0
0 0
0 0
0 0
0 0
0 0
0 0
0 0
0 0
8 5
8 5
8 5
8 5
8 5
8 5
8 5
8 8
8 5
8 8
8 5
8 5
8 5
8 8
8 8
8 8
5 5
5 5
5 5
5 5
5 5
5 5
5 5
5 5
5 5
8 5
5 5
8 8
8 8
8 8
8 8
8 8
8 8
8 5
8 8
8 8
8 8
8 8
8 8
8 8
17 17
17 17
17 17
17 17
17 17
17 17
17 17
17 17
17 17
17 17
17 17
17 17
17 17
17 17
17 17
17 17
17 17
17 17
17 17
17 17
17 17
17 17
17 17
17 17
17 17
17 17
17 17
17 17
17 17
17 17
17 17
17 17
17 17
17 17
17 17
17 17
17 17
17 17
17 17
17 17
17 17
17 17
17 17
17 17
17 17
17 17
17 17
17 17
17 17
17 17
17 17
17 17
17 17
17 17
17 17
17 17
17 17
17 17
17 17
17 17
17 17
17 17
17 17
17 17
17 17
17 17
17 17
17 17
17 17
17 17
17 17
17 17
17 17
17 17
17 17
17 17
17 17
17 23
17 23
17 17
17 17
17 17
17 17
17 17
17 17
17 17
17 17
17 23
17 17
17 17
17 17
17 17
17 17
17 17
17 17
17 17
17 17
17 17
17 17
17 17
17 17
17 17
17 17
17 17
17 17
17 17
17 17
17 17
17 17
17 17
17 17
17 17
17 17
17 17
17 17
17 17
17 17
17 17
17 17
17 17
17 17
17 17
17 17
17 17
17 17
17 17
17 17
17 17
17 17
17 17
17 17
17 17
17 17
17 17
17 17
17 17
17 17
17 17
17 17
17 17
17 17
17 17
17 17
17 17
17 17
17 17
17 17
17 17
17 17
17 17
17 17
17 17
17 17
17 17
17 17
17 17
17 17
17 17
17 17
17 17
16 16
16 16
16 16
16 13
16 16
16 16
16 13
16 13
16 13
16 16
16 16
16 13
16 16
16 13
16 16
16 13
16 16
16 16
16 13
16 13
16 13
16 13
16 16
16 13
16 13
16 13
16 13
16 13
16 13
16 13
16 13
16 13
16 13
16 13
16 16
16 16
16 16
16 13
16 13
16 13
16 13
16 16
16 13
16 13
16 13
16 16
16 13
16 13
16 13
16 13
16 13
16 16
16 16
16 16
16 16
16 16
16 16
16 16
16 16
16 16
16 16
16 16
16 16
16 16
16 16
16 16
16 16
16 16
16 16
16 16
16 16
16 16
16 16
16 16
16 16
16 16
16 16
16 16
16 16
16 16
16 16
16 16
16 16
16 16
16 16
16 16
16 16
16 16
16 16
16 16
16 16
16 16
16 16
16 16
16 13
16 13
16 16
16 16
16 16
16 16
16 16
16 16
16 16
16 16
16 16
16 16
16 16
16 16
16 16
16 16
16 16
16 16
16 16
16 16
16 16
16 13
16 13
16 16
16 13
16 16
16 13
16 16
16 13
16 13
16 16
16 13
16 13
16 13
16 13
16 13
16 13
16 13
16 13
16 16
16 13
16 13
16 13
16 13
16 13
16 13
16 13
16 13
16 13
16 13
16 13
16 13
16 13
16 13
16 13
16 13
16 13
16 13
16 13
16 13
16 13
16 13
16 13
16 13
16 13
16 13
16 13
16 13
16 13
16 13
16 13
16 13
16 13
16 13
16 13
16 13
16 13
16 13
16 13
16 16
16 13
16 13
16 13
16 16
16 13
16 13
16 13
16 13
16 16
16 13
16 16
16 16
16 16
16 13
16 13
16 13
16 13
16 13
16 13
16 16
16 13
16 13
16 13
16 16
13 16
13 16
12 12
12 12
12 12
12 12
12 12
12 12
12 12
12 12
12 12
12 12
12 12
12 12
12 12
12 12
12 12
12 12
12 12
12 12
6 12
6 6
6 6
6 6
6 6
6 6
6 6
6 6
12 6
6 6
6 6
6 6
6 6
6 6
6 6
6 6
6 6
6 6
6 6
6 6
6 6
6 6
6 6
6 6
6 6
6 6
6 6
6 6
6 6
6 6
6 6
6 6
6 6
6 6
6 6
6 6
6 6
15 12
15 12
6 6
6 6
6 6
6 6
6 6
6 6
6 6
6 12
15 12
6 12
6 12
6 6
6 12
6 6
6 12
6 6
6 12
6 12
6 12
6 12
6 12
6 12
6 12
6 12
6 12
6 12
6 12
6 12
6 12
6 12
6 12
6 12
6 12
6 12
6 12
6 12
6 12
6 12
6 12
6 12
6 12
6 12
6 12
6 12
6 12
6 12
6 12
6 12
6 12
6 12
6 12
6 12
6 12
6 12
6 12
6 12
6 12
6 12
6 12
6 12
6 12
6 12
6 12
6 12
6 12
6 12
6 12
6 12
6 12
6 12
6 12
6 12
6 12
6 12
6 12
6 6
6 12
6 12
6 12
6 12
6 12
6 12
6 12
6 12
6 12
6 6
6 12
6 12
6 12
6 12
6 12
6 12
6 12
6 12
6 12
6 12
6 12
6 12
6 12
6 12
6 12
6 12
6 12
6 12
6 12
6 12
6 12
6 12
6 12
6 12
6 12
6 12
6 12
6 12
6 12
6 12
6 12
6 12
6 12
6 12
6 12
6 6
6 12
6 12
6 12
6 12
6 12
6 12
6 12
6 12
6 12
6 12
6 12
6 12
6 12
6 12
6 12
6 12
6 12
6 12
6 12
6 12
6 12
0 0
0 0
0 0
0 0
0 0
0 0
0 0
0 0
0 0
6 6
0 0
0 0
0 0
0 0
0 0
0 0
0 0
0 0
0 0
0 0
0 0
0 0
0 0
0 0
0 0
0 0
0 0
0 0
0 0
0 0
0 0
0 0
0 0
0 0
0 0
0 0
0 0
0 0
0 0
0 0
0 0
0 0
0 0
0 0
0 0
0 0
0 0
0 0
0 0
0 0
0 0
0 0
6 0
0 0
0 0
0 0
0 0
0 0
0 0
0 0
0 0
0 0
0 0
0 0
0 0
0 0
0 0
0 0
0 0
0 0
0 0
0 0
0 0
0 0
0 0
0 0
0 0
0 0
0 0
0 0
0 0
0 0
0 0
0 0
0 0
0 0
0 0
0 0
0 0
0 0
0 0
0 0
0 0
0 6
0 0
0 0
0 0
0 6
0 0
0 0
0 6
0 0
0 0
0 0
0 0
0 0
0 0
0 0
0 0
0 0
0 6
0 6
0 6
0 6
0 6
0 6
0 6
0 6
0 6
0 6
0 6
0 0
0 0
0 0
0 0
0 0
0 0
0 0
0 0
0 0
0 0
0 0
0 0
0 0
0 0
0 0
0 0
0 0
0 0
0 0
0 0
0 0
0 0
0 0
0 0
0 0
0 0
0 0
0 0
0 0
0 0
0 0
0 0
0 0
0 0
0 0
0 0
0 0
0 0
0 0
0 0
0 0
0 0
0 0
0 6
0 6
0 0
0 6
0 0
0 0
0 0
0 0
0 6
0 6
0 6
0 0
0 0
0 0
0 6
0 0
0 0
0 6
0 0
0 6
0 0
0 6
0 6
0 6
0 0
0 6
0 6
0 0
0 6
0 0
0 0
0 6
0 0
0 0
0 0
0 0
0 0
0 0
0 0
0 0
0 0
0 0
0 0
0 0
0 0
0 0
0 0
0 0
0 0
0 0
0 0
0 0
0 0
0 0
0 0
0 0
0 0
0 0
0 0
0 0
0 0
0 0
0 0
0 0
0 0
0 0
0 0
0 0
0 0
0 0
0 0
0 0
0 0
0 0
0 0
0 0
0 0
0 0
0 0
0 0
0 0
0 0
0 0
0 0
0 0
0 0
0 0
0 0
0 0
0 0
0 0
0 0
0 0
0 0
0 0
0 0
0 0
0 0
0 0
0 6
0 0
0 0
0 0
6 0
0 0
0 0
0 0
0 0
0 0
0 0
0 0
6 6
0 0
0 0
0 0
0 0
0 0
0 0
0 0
0 0
0 0
0 0
0 0
0 0
0 0
0 0
0 0
0 0
0 0
0 0
0 0
0 0
0 0
0 0
0 0
0 0
0 0
0 0
0 0
0 0
0 0
0 0
0 0
0 0
6 0
0 0
0 0
0 0
0 0
0 0
0 0
0 0
0 0
0 0
0 0
0 0
0 0
0 0
0 0
0 0
0 0
0 0
0 0
0 0
0 0
0 0
0 0
0 0
0 0
0 0
6 0
0 0
0 0
0 0
0 0
0 0
0 0
0 0
0 0
0 0
0 0
0 0
6 0
6 6
0 0
0 0
0 0
0 0
6 0
0 0
0 6
6 0
0 0
0 0
0 0
0 0
0 0
6 0
6 0
6 0
6 0
6 0
6 0
6 0
6 0
6 0
0 0
0 0
0 0
6 0
6 0
6 0
6 0
6 0
6 0
6 0
6 0
6 0
6 0
6 0
6 0
6 0
6 6
6 0
6 0
6 0
0 0
0 0
0 0
6 0
6 0
6 0
6 0
6 6
6 6
6 6
