2700
0 0 37 23 26
0 0 41 24 31
0 0 29 15 24
0 0 28 16 24
0 0 28 16 22
0 0 27 19 22
0 0 29 17 22
0 0 28 18 22
0 0 28 18 20
0 0 30 16 22
0 0 33 17 22
0 0 31 17 26
0 0 31 16 26
0 0 35 27 25
0 0 35 25 23
0 0 38 0 22
0 0 35 0 23
0 0 35 0 18
0 0 35 0 22
0 0 27 0 23
0 0 27 0 26
0 0 27 0 26
0 0 31 0 25
0 0 27 0 25
0 0 28 0 27
0 0 29 0 27
0 0 26 0 27
0 0 24 0 27
0 0 26 0 26
0 0 28 0 25
0 0 25 0 25
0 0 25 0 25
0 0 26 0 26
0 0 30 0 26
0 0 29 0 26
0 0 27 0 26
0 0 28 0 26
0 0 27 0 25
0 0 28 0 26
0 0 29 0 25
0 0 27 0 25
0 0 29 0 21
0 0 28 0 21
0 0 29 0 20
0 0 31 0 21
0 0 31 0 21
0 0 30 0 27
0 0 33 0 25
0 0 32 0 23
0 0 31 0 23
0 0 30 0 23
0 0 30 0 22
0 0 31 0 21
0 0 30 0 22
0 0 29 0 22
0 0 29 0 23
0 0 26 0 23
0 0 27 0 23
0 0 22 0 23
0 0 26 0 24
0 0 26 0 24
0 0 26 0 24
0 0 22 0 23
0 0 27 0 23
0 0 25 0 24
0 0 23 0 24
0 0 23 0 24
0 0 25 0 24
0 0 25 0 23
0 0 26 0 24
0 0 26 0 23
0 0 28 0 23
0 0 28 0 23
0 0 29 0 22
0 0 28 0 24
0 0 27 0 23
0 0 26 0 23
0 0 29 0 22
0 0 29 0 23
0 0 28 0 21
0 0 29 0 19
0 0 28 0 19
0 0 28 0 20
0 0 28 0 21
0 0 29 0 20
0 0 27 0 21
0 0 27 0 23
0 0 27 0 22
0 0 27 0 21
0 0 28 0 21
0 0 27 0 22
0 0 28 0 22
0 0 28 0 23
0 0 29 0 22
0 0 30 0 22
0 0 29 0 22
0 0 29 0 22
0 0 28 0 25
0 0 28 0 20
0 0 29 0 20
26 23 21 50 36
26 23 21 50 35
26 23 21 50 36
26 23 21 50 34
26 23 20 50 35
26 22 21 50 35
26 22 22 50 35
26 23 22 50 34
26 22 21 50 34
26 23 21 49 35
26 23 21 49 34
26 21 21 51 35
26 23 21 49 33
26 22 21 50 35
26 22 21 49 34
26 23 22 50 34
26 22 21 51 35
26 22 22 50 34
26 22 22 50 35
26 22 22 51 36
26 23 21 50 35
26 23 21 51 34
26 22 21 50 33
26 23 20 51 35
26 22 21 50 35
26 23 22 50 34
26 22 21 50 33
26 23 21 50 34
26 23 22 51 34
26 22 21 50 35
26 22 20 50 34
26 22 23 51 36
26 22 23 50 36
26 22 23 50 35
26 22 24 51 34
26 23 23 50 35
26 22 23 51 34
26 23 23 51 34
26 23 22 51 34
26 22 24 50 35
26 23 23 50 35
26 23 23 50 34
26 23 22 50 35
26 22 23 50 35
26 22 23 50 36
26 22 22 50 35
26 22 23 49 36
26 23 23 49 35
26 22 23 50 36
26 23 23 50 34
26 22 23 50 35
26 23 23 49 35
26 22 23 50 36
26 23 23 49 35
26 23 23 50 35
26 22 24 50 35
26 22 24 50 36
26 23 23 50 34
26 22 23 49 35
26 22 23 50 35
26 22 23 50 36
26 23 24 50 35
26 23 24 49 36
26 22 24 50 36
26 23 23 50 36
26 22 22 50 36
26 23 23 50 35
26 23 23 50 35
26 23 22 49 34
26 23 23 49 36
26 22 23 50 35
26 23 24 50 36
26 23 23 50 33
26 23 23 50 35
26 23 23 50 34
26 23 23 49 36
26 22 22 50 34
26 22 24 50 35
26 22 24 50 35
26 23 22 49 35
26 23 24 50 36
26 22 24 50 35
26 23 24 50 35
26 23 23 50 35
26 22 24 50 34
26 22 24 50 36
26 23 24 50 35
26 23 24 50 35
26 23 23 50 35
26 23 23 49 36
26 23 23 49 35
26 23 23 50 35
26 22 22 50 36
26 23 23 50 35
26 22 23 50 34
26 23 23 50 35
26 23 22 50 35
26 23 23 49 34
26 23 23 50 35
26 23 23 49 34
27 0 18 36 45
27 0 15 37 44
27 0 17 35 45
27 0 16 36 44
27 0 17 36 44
27 0 18 36 44
27 0 18 36 45
27 0 17 36 44
27 0 17 36 45
27 0 16 36 45
27 0 18 36 46
27 0 17 36 43
27 0 18 36 44
27 0 17 37 44
27 0 17 37 44
27 0 16 36 44
27 0 16 37 45
27 0 17 36 44
27 0 18 36 44
27 0 18 36 45
27 0 19 36 44
27 0 19 37 44
27 0 19 35 44
27 0 19 36 44
27 0 19 36 45
27 0 18 36 44
27 0 18 36 45
27 0 17 36 44
27 0 17 37 44
27 0 18 36 44
27 0 18 37 44
27 0 17 36 44
27 0 17 36 45
27 0 16 37 44
27 0 18 36 45
27 0 17 36 45
27 0 17 37 44
27 0 17 36 45
27 0 18 37 44
27 0 17 35 43
27 0 18 36 44
27 0 17 37 43
27 0 18 36 44
27 0 18 37 43
27 0 16 36 43
27 0 17 36 44
27 0 18 36 43
27 0 18 36 43
27 0 19 36 43
27 0 19 36 43
27 0 19 37 44
27 0 21 37 43
27 0 20 36 44
27 0 20 35 43
27 0 21 37 44
27 0 21 35 43
27 0 19 36 43
27 0 22 37 44
27 0 21 37 43
27 0 21 36 44
27 0 24 36 43
27 0 24 36 44
27 0 23 36 43
27 0 21 36 44
27 0 24 37 44
27 0 21 37 43
27 0 21 37 45
27 0 21 36 43
27 0 22 36 43
27 0 21 36 44
27 0 22 37 43
27 0 21 36 43
27 0 22 35 44
27 0 21 36 45
27 0 23 37 43
27 0 22 36 43
27 0 21 37 43
27 0 21 36 44
27 0 18 36 44
27 0 20 36 43
27 0 20 37 44
27 0 20 37 43
27 0 19 36 44
27 0 19 37 44
27 0 21 37 43
27 0 21 37 44
27 0 20 37 45
27 0 18 36 45
27 0 19 36 44
27 0 20 36 43
27 0 19 36 43
27 0 18 35 44
27 0 17 36 44
27 0 17 36 44
27 0 16 37 43
27 0 16 36 43
27 0 17 35 44
27 0 14 36 43
27 0 17 36 42
27 0 17 36 43
28 0 32 42 41
28 0 32 40 40
28 0 32 41 41
28 0 32 42 42
28 0 31 42 41
28 0 33 42 42
28 0 31 42 41
28 0 32 40 41
28 0 32 42 41
28 0 32 41 40
28 0 31 40 41
28 0 32 42 41
28 0 32 41 41
28 0 31 41 41
28 0 31 41 40
28 0 31 41 40
28 0 32 41 41
28 0 33 42 41
28 0 33 42 40
28 0 32 41 40
28 0 31 42 40
28 0 32 40 40
28 0 33 40 41
28 0 33 40 40
28 0 31 40 40
28 0 32 41 41
28 0 32 40 41
28 0 33 41 41
28 0 31 40 40
28 0 32 41 41
28 0 32 40 40
28 0 32 41 41
28 0 32 42 40
28 0 32 42 41
28 0 32 42 40
28 0 32 40 41
28 0 32 40 41
28 0 31 40 41
28 0 32 40 41
28 0 33 41 41
28 0 32 40 40
28 0 34 41 41
28 0 34 41 41
28 0 32 40 42
28 0 32 41 41
28 0 33 41 41
28 0 32 41 40
28 0 33 39 40
28 0 32 41 41
28 0 32 42 41
28 0 32 40 40
28 0 33 41 41
28 0 32 41 40
28 0 34 40 41
28 0 33 40 41
28 0 32 40 40
28 0 31 41 42
28 0 32 40 41
28 0 30 42 41
28 0 30 41 41
28 0 28 41 40
28 0 29 41 41
28 0 31 42 42
28 0 31 41 41
28 0 32 41 40
28 0 31 40 42
28 0 34 41 40
28 0 25 41 40
28 0 26 41 38
28 0 29 41 39
28 0 28 41 39
28 0 29 42 40
28 0 31 40 39
28 0 32 41 40
28 0 32 41 40
28 0 31 41 40
28 0 31 40 40
28 0 30 40 39
28 0 30 41 41
28 0 32 42 40
28 0 30 42 41
28 0 28 41 39
28 0 27 41 38
28 0 28 42 40
28 0 29 40 38
28 0 29 41 38
28 0 25 42 36
28 0 30 41 37
28 0 30 40 36
28 0 29 41 35
28 0 30 41 46
28 0 31 41 45
28 0 31 42 45
28 0 32 42 36
28 0 34 40 36
28 0 33 41 36
28 0 34 41 37
28 0 33 40 34
28 0 33 39 43
28 0 33 42 43
29 20 26 44 42
29 19 26 44 41
29 17 28 45 41
29 19 26 45 40
29 19 28 45 39
29 19 27 45 40
29 18 26 45 39
29 17 26 45 42
29 17 28 44 41
29 16 26 45 40
29 17 27 45 41
29 18 26 45 40
29 18 27 45 41
29 18 27 46 41
29 17 28 45 40
29 18 26 45 39
29 18 27 45 40
29 19 26 45 40
29 19 26 46 40
29 18 28 44 40
29 15 26 45 39
29 15 27 44 41
29 16 26 45 40
29 15 26 45 39
29 13 26 45 40
29 18 27 44 40
29 18 28 44 40
29 18 26 45 40
29 19 26 44 40
29 19 28 45 41
29 19 28 45 40
29 17 28 45 41
29 17 26 44 40
29 16 26 43 40
29 19 26 44 40
29 19 28 45 41
29 17 25 44 41
29 19 28 44 40
29 19 27 45 40
29 18 26 45 41
29 20 28 46 41
29 21 29 45 41
29 20 29 44 41
29 20 27 44 40
29 19 27 45 41
29 19 27 45 41
29 19 27 45 42
29 19 26 45 41
29 20 26 44 40
29 20 26 45 41
29 19 26 44 41
29 19 25 44 41
29 20 25 46 40
29 19 27 45 41
29 21 25 44 41
29 20 25 45 40
29 20 26 45 40
29 20 27 44 42
29 20 26 45 41
29 21 28 44 41
29 20 27 44 41
29 22 30 45 40
29 22 29 44 41
29 21 29 45 41
29 22 29 45 40
29 19 29 45 41
29 23 30 44 40
29 23 27 46 41
29 22 29 44 41
29 27 28 45 41
29 26 25 44 41
29 25 24 44 41
29 26 24 46 41
29 26 23 44 41
29 27 24 46 41
29 26 23 44 42
29 27 24 46 40
29 26 22 44 40
29 27 26 44 41
29 27 24 44 40
29 27 24 45 41
29 26 24 46 41
29 27 22 46 41
29 26 24 44 40
29 26 24 44 40
29 26 24 44 41
29 26 24 45 41
29 26 22 46 41
29 26 24 45 39
29 26 24 46 39
29 26 23 45 41
29 26 21 44 39
29 26 21 46 41
29 27 22 46 41
29 27 23 46 40
29 26 22 46 39
29 26 22 45 40
29 26 24 45 40
29 27 24 44 40
29 25 23 45 40
30 27 26 61 39
30 26 26 59 39
30 27 26 61 39
30 27 27 59 39
30 26 26 61 39
30 26 26 61 37
30 26 26 62 38
30 27 26 59 38
30 26 27 60 38
30 26 27 60 38
30 26 27 62 38
30 26 26 60 38
30 25 26 61 38
30 26 26 60 39
30 27 26 60 39
30 26 27 59 40
30 26 26 61 39
30 26 27 61 39
30 25 26 60 38
30 26 27 62 38
30 27 27 63 39
30 27 27 64 39
30 27 26 61 39
30 26 26 64 39
30 26 26 63 38
30 27 26 64 39
30 26 26 63 38
30 26 27 62 39
30 25 27 63 39
30 27 27 63 39
30 27 27 62 39
30 25 27 59 38
30 25 27 62 39
30 27 27 59 39
30 27 27 60 39
30 25 27 61 39
30 28 27 39 39
30 28 26 62 38
30 29 27 59 38
30 29 27 59 38
30 29 27 62 39
30 28 26 59 39
30 27 27 60 38
30 27 26 58 39
30 28 27 59 38
30 28 27 61 39
30 28 27 60 38
30 27 27 62 39
30 28 27 59 39
30 28 27 61 39
30 28 26 60 39
30 28 26 60 39
30 28 26 60 39
30 29 26 59 39
30 28 27 60 39
30 29 27 60 39
30 28 26 59 39
30 28 28 60 39
30 28 28 60 39
30 29 27 60 38
30 28 27 61 39
30 28 27 60 38
30 28 26 61 38
30 29 27 59 38
30 28 27 64 38
30 28 29 61 40
30 28 29 62 38
30 28 27 63 38
30 28 28 61 39
30 28 28 59 39
30 28 28 60 39
30 29 28 63 38
30 29 29 62 39
30 28 26 60 39
30 29 23 60 39
30 28 27 59 39
30 28 27 60 39
30 29 28 59 39
30 28 27 61 40
30 28 27 58 39
30 28 28 63 38
30 28 25 60 39
30 28 25 60 39
30 27 28 59 39
30 28 28 60 39
30 28 26 60 36
30 28 27 61 38
30 29 27 61 38
30 27 27 61 39
30 28 27 60 38
30 28 29 62 39
30 28 28 61 40
30 28 28 59 40
30 28 29 60 39
30 29 29 64 38
30 28 28 60 38
30 29 28 60 39
30 28 29 59 38
30 28 28 64 39
30 28 28 62 40
31 21 27 51 36
31 21 27 53 36
31 22 28 54 36
31 21 27 53 37
31 22 28 53 36
31 22 28 53 37
31 21 27 51 38
31 21 28 52 38
31 22 27 52 37
31 21 28 52 36
31 21 28 52 37
31 21 28 52 36
31 21 28 52 36
31 21 27 52 37
31 22 27 52 38
31 22 27 50 38
31 21 26 50 36
31 22 25 50 36
31 21 27 51 37
31 21 26 50 36
31 21 27 52 37
31 21 26 51 36
31 22 27 52 38
31 21 27 49 37
31 21 26 49 37
31 20 27 50 37
31 21 26 53 37
31 21 27 46 36
31 22 27 45 37
31 22 27 46 37
31 22 27 46 37
31 22 27 45 36
31 23 27 46 37
31 22 27 45 37
31 22 27 43 37
31 23 28 46 36
31 21 26 49 37
31 22 28 49 36
31 21 27 49 38
31 22 26 48 36
31 22 26 49 36
31 22 27 48 37
31 19 27 50 36
31 22 26 48 36
31 22 27 48 36
31 22 27 48 36
31 22 27 47 37
31 22 27 47 38
31 21 27 48 38
31 21 27 47 37
31 21 27 47 36
31 21 27 46 37
31 20 27 47 37
31 21 27 47 37
31 22 27 47 37
31 21 27 47 38
31 21 27 46 38
31 21 26 46 37
31 22 26 46 38
31 21 27 47 37
31 22 27 48 38
31 22 26 48 37
31 22 25 45 38
31 22 26 47 38
31 21 25 46 39
31 21 26 47 37
31 22 26 46 37
31 22 27 47 37
31 22 28 47 38
31 21 27 48 37
31 21 28 47 38
31 21 28 47 39
31 22 28 46 36
31 22 28 48 38
31 22 28 51 36
31 21 28 52 37
31 21 27 51 37
31 22 28 51 37
31 22 28 51 37
31 22 28 51 36
31 22 28 51 35
31 21 27 50 35
31 20 28 51 37
31 19 27 49 38
31 19 27 49 38
31 19 28 49 37
31 21 27 48 39
31 21 26 47 38
31 21 27 49 38
31 22 27 48 37
31 21 28 48 38
31 20 27 49 39
31 20 27 46 38
31 20 28 46 38
31 20 28 47 36
31 20 27 50 36
31 20 28 50 35
31 20 27 51 37
31 21 28 52 37
31 22 27 53 37
32 15 15 29 19
32 14 14 29 19
32 14 15 29 20
32 14 15 30 20
32 14 15 29 19
32 15 14 29 20
32 14 15 29 19
32 15 15 29 19
32 15 15 29 19
32 15 14 29 20
32 14 15 29 19
32 14 14 30 19
32 14 16 30 20
32 15 14 28 19
32 14 13 28 20
32 14 14 29 21
32 14 16 29 20
32 15 15 30 20
32 15 16 30 20
32 14 16 28 20
32 15 15 30 20
32 15 17 29 20
32 14 13 29 20
32 15 16 29 19
32 15 17 29 19
32 14 15 29 20
32 14 13 27 20
32 13 14 28 19
32 13 16 28 20
32 17 13 29 20
32 14 13 27 20
32 14 14 27 19
32 14 14 27 19
32 13 16 29 20
32 13 14 28 20
32 13 13 29 19
32 14 16 29 19
32 14 14 28 19
32 14 13 28 19
32 14 17 28 20
32 14 13 29 19
32 13 14 29 20
32 13 12 28 19
32 13 13 28 19
32 14 13 27 20
32 14 15 28 19
32 15 16 28 19
32 15 14 27 19
32 13 15 28 20
32 13 15 27 19
32 13 14 28 20
32 14 14 28 19
32 13 16 27 19
32 15 13 27 20
32 14 13 27 18
32 15 16 29 20
32 15 14 31 19
32 15 12 30 19
32 15 17 31 19
32 15 16 27 18
32 15 14 30 19
32 15 13 29 19
32 15 12 31 19
32 16 15 29 19
32 15 14 29 19
32 15 13 28 18
32 15 13 36 18
32 15 14 31 19
32 15 14 31 18
32 15 15 31 19
32 16 12 31 19
32 16 14 32 19
32 16 13 30 19
32 16 13 28 19
32 14 14 27 19
32 15 14 26 18
32 14 13 26 20
32 15 13 26 19
32 15 14 26 19
32 14 13 27 19
32 15 13 30 19
32 14 15 30 19
32 15 13 28 19
32 14 14 30 19
32 14 14 28 19
32 15 14 29 18
32 15 13 29 19
32 15 12 28 20
32 16 14 29 20
32 15 14 29 19
32 16 13 29 20
32 15 14 30 19
32 16 13 31 19
32 15 13 30 19
32 15 13 31 19
32 15 13 29 20
32 17 12 30 20
32 18 13 30 19
32 19 14 30 19
32 18 11 30 20
33 8 8 30 16
33 9 7 28 16
33 9 8 28 17
33 8 8 29 15
33 9 7 28 15
33 9 10 29 15
33 9 4 30 16
33 8 6 27 16
33 8 7 29 17
33 8 8 28 18
33 9 8 28 17
33 9 7 29 17
33 10 5 29 17
33 8 8 29 16
33 8 6 29 17
33 9 8 28 17
33 11 6 30 17
33 9 6 29 17
33 8 7 30 18
33 9 8 28 16
33 11 8 28 18
33 8 5 28 17
33 10 6 28 18
33 7 6 28 16
33 8 6 29 16
33 10 3 30 17
33 11 8 29 17
33 11 7 28 19
33 11 7 28 15
33 9 9 28 16
33 9 8 29 15
33 11 7 29 15
33 9 10 29 15
33 7 8 29 14
33 10 8 29 15
33 8 5 30 16
33 8 9 28 16
33 8 4 29 17
33 9 6 30 15
33 8 7 28 15
33 8 9 30 14
33 9 5 29 14
33 10 7 28 18
33 7 5 30 15
33 9 3 29 14
33 11 6 29 13
33 9 4 31 15
33 9 5 29 14
33 9 6 29 14
33 11 7 29 14
33 9 6 30 15
33 10 8 31 15
33 7 7 30 14
33 10 4 30 14
33 8 8 29 14
33 7 7 29 15
33 9 7 28 15
33 9 5 29 14
33 8 6 29 14
33 9 7 29 15
33 8 7 30 15
33 8 4 29 16
33 8 4 28 16
33 8 8 29 15
33 9 8 27 16
33 8 8 29 16
33 9 8 27 15
33 8 8 29 16
33 9 7 28 16
33 10 10 27 17
33 9 5 28 17
33 9 5 28 17
33 10 7 28 16
33 12 5 29 17
33 10 6 27 20
33 8 9 27 20
33 9 8 28 19
33 8 9 28 18
33 11 8 27 18
33 9 9 29 17
33 8 9 29 18
33 9 7 29 18
33 11 4 29 19
33 9 8 28 17
33 8 7 29 18
33 8 6 29 18
33 9 8 29 18
33 8 9 28 17
33 8 9 29 17
33 9 8 28 18
33 9 8 29 17
33 10 9 28 18
33 10 6 27 17
33 8 5 27 17
33 11 3 28 18
33 9 9 27 19
33 8 5 28 18
33 11 7 28 14
33 11 4 28 15
33 9 8 28 14
1 0 37 0 26
1 0 35 0 24
1 0 40 0 24
1 0 39 0 25
1 0 41 0 25
1 0 41 0 26
1 0 41 0 26
1 0 41 0 27
1 0 39 0 24
1 0 42 0 24
1 0 42 0 24
1 0 42 0 28
1 0 40 0 27
1 0 40 0 26
1 0 41 0 28
1 0 40 0 28
1 0 40 0 25
1 0 41 0 25
1 0 41 0 25
1 0 41 0 25
1 0 37 0 27
1 0 42 0 27
1 0 42 0 26
1 0 41 0 26
1 0 43 0 26
1 0 42 0 24
1 0 43 0 28
1 0 42 0 27
1 0 41 0 27
1 0 40 0 26
1 0 40 0 26
1 0 41 0 27
1 0 40 0 25
1 0 40 0 25
1 0 37 0 25
1 0 39 0 26
1 0 40 0 26
1 0 41 0 25
1 0 40 0 25
1 0 40 0 25
1 0 40 0 27
1 0 41 0 25
1 0 42 0 25
1 0 42 0 26
1 0 44 0 26
1 0 44 0 27
1 0 43 0 26
1 0 42 0 27
1 0 43 0 26
1 0 41 0 26
1 0 42 0 27
1 0 43 0 27
1 0 41 0 27
1 0 43 0 26
1 0 41 0 27
1 0 43 0 27
1 0 43 0 26
1 0 43 0 27
1 0 44 0 27
1 0 41 0 26
1 0 42 0 27
1 0 43 0 26
1 0 43 0 26
1 0 43 0 26
1 0 43 0 27
1 0 44 0 26
1 0 43 0 26
1 0 43 0 27
1 0 43 0 26
1 0 43 0 26
1 0 43 0 26
1 0 44 0 26
1 0 44 0 26
1 0 43 0 26
1 0 42 0 26
1 0 43 0 27
1 0 43 0 27
1 0 44 0 26
1 0 43 0 26
1 0 43 0 26
1 0 43 0 26
1 0 43 0 26
1 0 43 0 26
1 0 44 0 27
1 0 43 0 26
1 0 44 0 26
1 0 41 0 26
1 0 41 0 27
1 0 42 0 27
1 0 43 0 26
1 0 43 0 26
1 0 41 0 26
1 0 43 0 26
1 0 42 0 26
1 0 42 0 26
1 0 43 0 26
1 0 43 0 26
1 0 42 0 26
1 0 43 0 26
1 0 41 0 26
2 0 34 0 26
2 0 35 0 27
2 0 35 0 27
2 0 34 0 25
2 0 33 0 25
2 0 35 0 26
2 0 33 0 26
2 0 33 0 26
2 0 33 0 26
2 0 34 0 25
2 0 33 0 26
2 0 33 0 24
2 0 33 0 27
2 0 33 0 26
2 0 35 0 26
2 0 35 0 26
2 0 34 0 24
2 0 35 0 25
2 0 33 0 26
2 0 34 0 25
2 0 37 0 25
2 0 36 0 24
2 0 35 0 27
2 0 33 0 26
2 0 32 0 24
2 0 32 0 26
2 0 35 0 27
2 0 33 0 25
2 0 35 0 25
2 0 35 0 25
2 0 34 0 26
2 0 34 0 26
2 0 35 0 24
2 0 33 0 26
2 0 36 0 24
2 0 35 0 26
2 0 35 0 25
2 0 35 0 26
2 0 35 0 26
2 0 35 0 26
2 0 35 0 24
2 0 34 0 26
2 0 34 0 23
2 0 34 0 26
2 0 34 0 26
2 0 33 0 27
2 0 35 0 26
2 0 33 0 25
2 0 35 0 24
2 0 35 0 25
2 0 34 0 26
2 0 34 0 26
2 0 34 0 26
2 0 34 0 26
2 0 35 0 27
2 0 34 0 27
2 0 34 0 26
2 0 35 0 27
2 0 33 0 27
2 0 34 0 27
2 0 33 0 26
2 0 36 0 26
2 0 35 0 26
2 0 37 0 27
2 0 35 0 27
2 0 35 0 27
2 0 36 0 26
2 0 35 0 27
2 0 35 0 26
2 0 38 0 27
2 0 37 0 27
2 0 37 0 26
2 0 37 0 26
2 0 37 0 26
2 0 36 0 26
2 0 37 0 25
2 0 36 0 27
2 0 36 0 26
2 0 36 0 27
2 0 36 0 27
2 0 37 0 26
2 0 36 0 27
2 0 37 0 27
2 0 36 0 25
2 0 37 0 25
2 0 35 0 25
2 0 35 0 26
2 0 36 0 25
2 0 36 0 25
2 0 37 0 26
2 0 37 0 26
2 0 38 0 27
2 0 38 0 27
2 0 36 0 28
2 0 35 0 27
2 0 35 0 27
2 0 34 0 27
2 0 37 0 26
2 0 35 0 27
2 0 36 0 24
9 32 67 29 26
9 32 65 30 25
9 31 61 31 25
9 32 60 31 24
9 32 58 31 25
9 32 60 31 24
9 32 61 30 25
9 33 58 31 25
9 31 58 31 25
9 31 61 29 24
9 32 66 30 24
9 33 64 30 24
9 33 65 30 25
9 33 61 31 26
9 33 60 31 26
9 33 65 30 26
9 32 57 30 26
9 33 65 31 28
9 33 58 32 28
9 33 65 29 27
9 33 57 30 24
9 34 64 30 27
9 34 61 29 25
9 33 65 29 25
9 32 61 29 25
9 33 58 31 25
9 33 71 31 26
9 33 61 31 25
9 33 56 30 26
9 32 60 31 24
9 33 65 31 26
9 34 60 29 26
9 32 61 30 26
9 33 65 29 25
9 33 57 30 26
9 33 65 30 27
9 34 58 30 27
9 33 67 30 27
9 33 58 31 26
9 32 57 29 25
9 32 61 29 27
9 33 60 29 27
9 32 61 29 27
9 32 57 30 26
9 34 71 29 27
9 34 65 29 26
9 35 69 30 27
9 32 64 29 26
9 32 61 29 26
9 32 61 29 26
9 32 61 30 25
9 33 63 29 25
9 32 64 29 27
9 34 63 31 25
9 33 70 31 26
9 31 60 28 25
9 33 58 27 25
9 33 61 28 26
9 33 59 28 26
9 33 58 28 26
9 33 60 29 26
9 33 70 29 24
9 33 64 30 26
9 31 64 30 26
9 31 69 29 25
9 32 69 29 24
9 32 68 30 27
9 33 61 30 25
9 32 68 31 25
9 33 68 29 26
9 34 75 31 25
9 33 61 31 24
9 33 62 31 26
9 32 65 30 25
9 31 75 30 25
9 32 64 30 26
9 33 62 30 24
9 32 62 29 26
9 32 61 30 25
9 33 60 30 28
9 32 50 30 25
9 32 57 30 28
9 33 57 30 26
9 32 60 31 27
9 33 59 30 26
9 33 58 30 24
9 34 58 29 26
9 32 57 30 26
9 32 64 31 26
9 31 60 32 26
9 34 58 31 26
9 34 61 31 25
9 34 60 31 27
9 32 58 31 27
9 32 61 31 26
9 32 67 32 27
9 32 65 31 26
9 32 61 31 28
9 32 60 30 26
9 32 57 30 26
10 32 46 26 30
10 32 46 26 30
10 32 47 25 30
10 30 48 27 29
10 30 48 27 30
10 31 47 27 29
10 32 47 27 29
10 34 46 28 29
10 32 47 27 30
10 31 47 27 30
10 31 47 27 30
10 32 46 26 29
10 31 47 26 30
10 31 46 24 30
10 32 47 27 30
10 31 47 27 30
10 32 46 27 30
10 31 46 27 31
10 33 47 26 29
10 33 47 26 30
10 32 47 25 30
10 34 47 25 30
10 32 47 27 30
10 32 47 27 30
10 30 48 27 30
10 30 47 27 30
10 31 47 26 30
10 31 47 26 30
10 32 47 27 29
10 32 47 26 29
10 30 47 26 30
10 30 46 27 29
10 31 48 27 30
10 31 48 26 30
10 31 46 26 29
10 32 47 26 29
10 31 47 25 30
10 32 48 25 30
10 31 47 26 30
10 32 46 27 30
10 32 47 27 30
10 33 47 26 29
10 32 47 25 29
10 30 48 26 29
10 31 47 24 30
10 31 47 24 30
10 31 47 24 30
10 32 47 26 30
10 32 46 25 29
10 32 47 25 29
10 32 48 26 31
10 29 47 27 30
10 28 47 27 29
10 28 47 26 29
10 33 46 26 29
10 32 47 25 29
10 31 48 25 30
10 32 47 27 30
10 31 46 26 29
10 32 46 26 30
10 31 47 27 30
10 32 46 26 29
10 32 47 26 30
10 32 47 24 29
10 32 47 24 29
10 32 47 25 29
10 32 47 25 30
10 31 46 25 30
10 33 47 25 30
10 32 46 24 30
10 31 46 26 30
10 31 46 26 29
10 31 46 27 30
10 32 46 23 29
10 32 47 25 29
10 31 47 24 30
10 31 47 26 30
10 32 47 26 30
10 32 47 27 29
10 32 47 27 29
10 30 48 26 30
10 32 47 25 30
10 32 46 26 29
10 32 46 26 31
10 31 46 27 30
10 31 46 27 30
10 31 47 26 30
10 32 47 25 30
10 30 47 27 30
10 31 46 27 30
10 32 47 26 29
10 31 47 27 30
10 32 47 27 30
10 32 48 27 30
10 31 46 26 31
10 32 47 26 31
10 31 46 26 31
10 32 46 24 32
10 32 46 26 31
10 33 46 27 31
11 61 41 42 25
11 60 41 42 25
11 60 41 41 24
11 60 39 41 25
11 60 42 41 24
11 60 39 42 25
11 61 40 41 25
11 60 41 41 25
11 61 41 42 23
11 61 41 42 24
11 63 40 42 24
11 60 40 43 24
11 60 40 43 22
11 58 40 42 25
11 61 41 42 25
11 61 41 42 22
11 61 41 42 25
11 61 40 42 25
11 61 40 42 24
11 60 41 41 25
11 62 40 42 24
11 62 41 42 24
11 60 41 43 24
11 62 41 42 24
11 62 40 41 25
11 62 41 43 25
11 64 42 42 24
11 61 40 42 25
11 64 41 42 25
11 61 42 42 24
11 60 40 42 25
11 61 40 41 24
11 60 41 42 25
11 60 40 43 25
11 60 41 42 25
11 60 41 44 25
11 61 41 42 25
11 61 41 42 23
11 61 40 41 25
11 61 40 43 24
11 61 41 43 25
11 60 40 41 25
11 61 42 42 25
11 63 41 42 26
11 61 41 41 26
11 62 40 42 25
11 61 41 42 25
11 61 42 41 25
11 61 41 44 25
11 61 40 42 24
11 61 41 43 23
11 61 40 41 24
11 60 40 41 25
11 60 41 40 24
11 59 41 42 24
11 61 42 42 25
11 61 40 43 25
11 61 40 41 25
11 61 41 41 25
11 61 40 42 25
11 61 41 41 25
11 62 40 42 24
11 62 40 43 23
11 62 40 42 25
11 58 42 41 24
11 59 41 42 23
11 59 41 41 23
11 61 42 42 26
11 61 43 41 25
11 61 40 41 25
11 60 40 43 26
11 62 41 42 24
11 63 40 40 25
11 60 41 42 26
11 60 42 43 23
11 61 41 41 26
11 60 40 43 25
11 61 41 43 25
11 61 41 41 25
11 61 40 40 26
11 60 41 40 25
11 61 42 41 25
11 61 41 42 26
11 61 41 41 25
11 61 40 41 26
11 61 41 42 25
11 60 42 42 23
11 60 41 40 25
11 62 40 43 25
11 62 39 43 26
11 61 40 43 25
11 61 41 42 26
11 61 41 42 25
11 62 40 43 24
11 61 43 41 25
11 61 40 41 25
11 60 40 43 25
11 60 40 43 25
11 62 40 42 25
11 62 41 42 23
12 19 50 25 32
12 19 50 25 32
12 25 53 24 31
12 26 51 25 31
12 27 49 25 31
12 25 51 25 33
12 23 51 25 33
12 23 55 25 32
12 29 51 23 32
12 25 49 24 32
12 25 50 23 32
12 27 49 23 31
12 29 61 24 32
12 29 51 24 32
12 29 50 25 32
12 31 49 25 32
12 31 50 25 31
12 29 50 24 32
12 29 50 24 32
12 27 50 26 32
12 23 50 26 31
12 22 55 23 32
12 33 50 25 32
12 33 49 25 32
12 35 55 24 31
12 27 61 25 32
12 27 51 24 31
12 29 61 25 32
12 30 50 24 31
12 29 51 25 31
12 30 60 24 33
12 30 50 25 32
12 31 67 24 32
12 32 57 24 32
12 32 50 24 32
12 32 50 25 31
12 30 51 24 31
12 29 55 24 32
12 30 50 24 31
12 30 50 25 31
12 31 51 26 32
12 31 50 26 32
12 31 50 26 31
12 31 62 24 32
12 31 50 26 32
12 31 53 27 31
12 31 51 26 32
12 31 55 25 32
12 31 50 26 32
12 30 49 27 33
12 30 49 26 33
12 31 49 26 31
12 31 50 26 31
12 32 50 26 32
12 30 49 27 33
12 29 49 27 33
12 28 50 27 32
12 30 49 26 32
12 31 49 26 32
12 30 50 26 33
12 30 49 27 31
12 31 50 27 33
12 31 49 27 32
12 30 49 26 32
12 32 50 26 31
12 30 56 25 32
12 31 51 25 32
12 31 50 26 33
12 31 49 25 32
12 31 49 24 32
12 31 49 26 32
12 32 49 27 33
12 31 49 25 32
12 31 49 26 33
12 31 50 26 32
12 31 55 25 32
12 31 49 24 32
12 30 49 27 33
12 30 50 24 32
12 30 49 25 32
12 31 55 24 32
12 32 49 26 32
12 31 48 24 33
12 30 48 24 32
12 31 54 25 33
12 31 49 26 32
12 31 48 26 33
12 31 49 26 33
12 31 49 24 32
12 31 48 24 32
12 32 49 25 33
12 31 48 24 33
12 31 49 24 32
12 31 49 25 32
12 31 48 26 32
12 31 49 26 33
12 31 48 25 32
12 31 49 26 33
12 31 49 26 32
12 31 48 26 33
13 21 52 29 34
13 22 53 28 34
13 22 53 29 35
13 21 53 27 35
13 20 54 27 34
13 21 52 28 34
13 19 52 28 34
13 20 60 27 34
13 21 48 26 35
13 20 50 27 36
13 21 51 27 37
13 19 50 26 36
13 19 50 26 36
13 22 51 27 36
13 22 50 26 37
13 22 50 28 37
13 22 49 28 36
13 22 50 27 37
13 21 48 26 34
13 22 47 28 35
13 23 47 28 35
13 22 47 26 35
13 22 47 28 35
13 22 47 28 34
13 22 47 26 35
13 22 47 28 35
13 19 48 24 35
13 20 47 27 34
13 20 47 28 35
13 20 47 27 35
13 20 47 24 35
13 20 47 25 35
13 20 48 26 35
13 19 47 27 36
13 20 50 26 36
13 16 50 25 35
13 20 50 27 35
13 21 49 27 35
13 22 49 26 35
13 21 50 25 35
13 21 49 24 35
13 21 50 26 36
13 20 50 27 35
13 22 50 26 35
13 20 50 29 35
13 21 49 28 35
13 21 46 29 35
13 21 46 27 35
13 21 47 27 35
13 21 52 26 34
13 20 50 27 34
13 19 51 28 36
13 20 51 27 35
13 21 53 27 37
13 21 53 28 37
13 21 54 28 37
13 21 52 27 36
13 19 52 27 36
13 21 51 29 35
13 18 51 29 33
13 19 53 28 36
13 19 51 28 36
13 20 49 29 35
13 21 49 29 37
13 20 50 28 37
13 18 48 29 36
13 17 50 27 36
13 19 49 27 36
13 19 50 27 35
13 18 50 27 34
13 19 51 28 36
13 19 51 29 36
13 19 52 28 36
13 21 52 28 36
13 20 51 28 36
13 20 52 27 36
13 19 52 28 36
13 20 51 28 36
13 20 52 26 36
13 20 52 28 37
13 20 51 28 36
13 20 52 28 35
13 19 51 28 35
13 20 51 27 36
13 19 51 29 35
13 19 52 28 36
13 21 52 29 36
13 19 53 27 35
13 19 51 28 36
13 19 51 26 35
13 18 54 27 36
13 18 51 28 36
13 18 51 28 35
13 19 52 27 36
13 20 51 27 36
13 20 51 28 35
13 21 58 27 36
13 20 52 28 35
13 20 52 29 35
13 20 51 27 36
14 43 36 33 25
14 43 36 32 26
14 43 36 32 27
14 42 37 32 27
14 42 36 32 27
14 42 37 32 26
14 42 37 31 26
14 43 37 31 26
14 43 36 31 27
14 41 37 32 26
14 41 37 31 27
14 40 37 31 26
14 41 38 30 27
14 41 38 31 26
14 41 37 30 27
14 41 38 31 27
14 41 38 30 27
14 43 37 30 26
14 43 38 30 27
14 43 38 34 26
14 43 38 34 25
14 44 37 33 27
14 44 38 30 27
14 41 37 30 27
14 40 37 30 27
14 40 37 33 27
14 43 37 33 26
14 43 38 32 27
14 43 36 31 24
14 43 37 32 27
14 42 36 31 27
14 42 37 32 27
14 44 37 31 26
14 44 37 31 27
14 43 36 32 26
14 44 37 31 27
14 43 37 31 27
14 44 37 31 27
14 42 37 32 27
14 41 36 33 26
14 43 38 33 26
14 43 37 33 26
14 43 38 31 27
14 43 37 31 27
14 44 37 31 27
14 44 39 33 27
14 41 38 34 27
14 40 37 33 27
14 41 37 33 27
14 45 36 32 27
14 44 36 32 27
14 44 36 31 24
14 43 38 30 26
14 43 37 31 26
14 43 36 33 26
14 41 36 32 27
14 41 36 32 27
14 40 36 31 27
14 43 37 31 26
14 42 37 30 26
14 42 37 33 27
14 41 38 33 25
14 41 37 33 27
14 41 37 31 26
14 40 38 31 27
14 41 38 31 27
14 44 37 33 27
14 44 38 33 26
14 44 38 33 26
14 42 36 31 27
14 42 37 31 27
14 42 37 31 26
14 44 36 31 26
14 43 37 31 25
14 44 37 32 27
14 43 37 32 26
14 44 37 33 26
14 44 37 32 27
14 42 38 33 26
14 43 38 33 26
14 41 38 33 26
14 42 37 32 26
14 43 36 30 25
14 42 37 32 26
14 42 37 32 26
14 43 36 32 26
14 42 37 32 26
14 41 37 31 25
14 43 37 31 27
14 41 37 31 26
14 42 37 31 28
14 42 37 31 27
14 42 36 32 26
14 41 36 33 25
14 42 37 34 27
14 42 37 29 27
14 42 37 28 26
14 42 36 31 26
14 41 36 34 27
14 41 36 33 24
16 18 32 17 29
16 18 31 18 30
16 18 32 18 30
16 18 31 19 30
16 17 31 20 30
16 19 32 22 29
16 18 31 21 29
16 18 32 21 30
16 18 31 22 30
16 18 32 22 30
16 18 29 22 30
16 17 29 20 25
16 19 29 20 25
16 18 29 22 25
16 18 29 22 24
16 21 29 21 26
16 20 28 21 27
16 20 30 21 27
16 20 30 21 27
16 20 30 22 27
16 21 30 21 28
16 23 30 21 28
16 22 29 20 28
16 23 30 20 29
16 21 31 21 28
16 21 31 21 28
16 21 30 22 29
16 19 30 22 28
16 21 30 22 29
16 18 30 22 28
16 16 30 23 28
16 16 30 22 28
16 18 30 22 28
16 18 31 22 28
16 19 31 21 27
16 18 31 23 27
16 17 30 23 28
16 19 31 22 27
16 20 29 22 27
16 18 29 19 27
16 19 30 22 27
16 19 31 21 27
16 20 29 21 27
16 19 29 21 27
16 18 31 21 27
16 19 32 22 27
16 21 30 20 25
16 19 30 21 26
16 18 29 21 27
16 18 30 21 26
16 18 29 21 26
16 20 29 21 26
16 21 31 22 26
16 19 29 22 26
16 21 29 20 26
16 21 31 19 27
16 20 31 21 26
16 20 31 21 26
16 20 30 22 26
16 21 27 22 26
16 20 27 22 26
16 19 27 22 27
16 20 27 22 26
16 21 26 22 27
16 20 26 22 27
16 21 29 21 27
16 20 33 22 26
16 20 34 22 26
16 18 33 22 26
16 19 34 22 25
16 17 33 22 25
16 16 33 21 25
16 17 30 23 25
16 19 34 22 26
16 18 30 22 26
16 18 32 22 26
16 18 31 21 26
16 20 31 24 25
16 20 31 24 24
16 17 31 24 24
16 17 32 24 27
16 17 32 24 26
16 19 33 24 27
16 17 32 24 26
16 20 33 23 27
16 19 33 24 28
16 19 25 24 29
16 18 29 24 29
16 17 29 23 29
16 20 28 24 31
16 19 29 24 30
16 19 29 24 30
16 18 30 24 30
16 19 28 24 30
16 18 30 24 30
16 18 27 25 30
16 14 23 24 30
16 14 24 23 30
16 20 24 24 30
16 21 25 24 30
17 26 50 40 37
17 27 50 40 39
17 27 49 41 41
17 27 50 41 40
17 27 49 40 40
17 27 50 41 40
17 26 50 39 41
17 26 50 39 40
17 25 50 39 40
17 25 50 39 40
17 25 49 40 40
17 25 50 39 40
17 25 49 39 40
17 24 50 39 40
17 25 50 39 40
17 25 49 40 41
17 26 50 39 40
17 26 50 39 41
17 26 51 39 40
17 26 50 39 41
17 26 50 38 39
17 25 49 38 40
17 25 50 39 41
17 25 50 38 40
17 26 50 38 41
17 27 51 41 40
17 27 51 40 39
17 26 49 40 40
17 27 49 40 40
17 26 50 39 40
17 26 50 38 41
17 27 50 40 41
17 26 51 39 41
17 26 50 39 40
17 27 50 39 40
17 26 55 40 40
17 26 50 39 39
17 26 50 39 40
17 26 50 39 40
17 24 54 39 40
17 23 50 39 39
17 23 50 38 40
17 23 51 38 40
17 24 50 39 40
17 23 50 39 40
17 27 50 39 39
17 28 65 39 40
17 27 50 39 40
17 28 49 39 40
17 26 50 39 40
17 25 50 39 40
17 26 50 38 40
17 26 49 37 40
17 26 50 38 40
17 26 50 37 40
17 27 49 37 40
17 23 50 38 40
17 23 50 38 39
17 23 54 40 39
17 24 50 39 40
17 27 49 38 40
17 26 62 38 40
17 27 54 38 40
17 26 49 38 39
17 27 49 38 41
17 24 49 38 39
17 25 49 38 40
17 25 50 38 41
17 26 50 38 40
17 27 49 38 40
17 27 48 38 40
17 27 49 39 39
17 27 49 39 41
17 27 50 39 40
17 27 50 39 39
17 25 49 39 39
17 26 48 38 40
17 26 48 38 40
17 25 47 39 40
17 24 47 38 40
17 24 49 38 40
17 24 49 39 40
17 23 49 40 40
17 23 46 39 40
17 23 45 40 40
17 25 44 40 40
17 25 44 40 40
17 25 49 40 41
17 25 46 39 40
17 24 48 38 40
17 25 49 40 40
17 24 49 39 40
17 24 49 39 40
17 23 49 39 40
17 23 50 38 40
17 22 50 39 40
17 23 48 39 40
17 24 48 39 39
17 21 48 39 40
17 20 50 37 40
18 30 42 37 42
18 31 42 37 42
18 31 42 37 42
18 31 43 40 42
18 31 43 39 44
18 30 42 39 42
18 30 43 37 44
18 30 42 36 44
18 30 41 37 42
18 30 43 38 44
18 29 43 38 42
18 29 42 38 43
18 30 43 40 42
18 30 41 39 44
18 31 43 39 44
18 31 43 38 44
18 30 41 39 42
18 30 42 39 42
18 30 41 39 42
18 31 42 38 42
18 30 42 39 42
18 30 42 38 42
18 30 42 37 42
18 30 42 37 42
18 30 42 38 43
18 29 42 38 43
18 30 42 38 42
18 30 43 38 44
18 30 43 39 44
18 30 43 39 42
18 30 42 39 42
18 30 43 38 43
18 30 42 38 44
18 31 42 39 42
18 30 42 38 44
18 28 41 39 42
18 28 42 38 43
18 27 43 39 43
18 30 41 39 42
18 30 43 39 42
18 30 43 40 44
18 27 42 39 42
18 27 42 38 42
18 27 41 39 43
18 30 41 38 42
18 30 41 38 42
18 29 43 38 42
18 29 41 39 44
18 29 42 39 42
18 29 42 39 42
18 28 44 37 42
18 29 41 37 42
18 29 42 37 42
18 29 43 39 43
18 28 42 38 42
18 29 42 39 42
18 30 43 39 43
18 30 40 38 43
18 29 40 39 43
18 30 40 38 42
18 30 40 38 41
18 30 40 38 42
18 30 41 39 43
18 30 41 40 43
18 30 40 38 43
18 29 42 36 42
18 30 42 36 42
18 30 43 36 43
18 30 41 33 43
18 31 40 32 42
18 31 40 32 43
18 31 41 39 42
18 30 41 37 42
18 30 41 38 43
18 30 41 38 43
18 30 43 38 44
18 29 42 38 42
18 29 43 39 43
18 29 42 41 44
18 29 42 40 43
18 32 42 40 42
18 31 41 39 43
18 31 43 38 44
18 28 42 38 42
18 27 42 38 44
18 28 43 37 44
18 28 42 37 44
18 28 41 41 44
18 28 42 40 44
18 27 43 41 45
18 28 43 40 44
18 28 43 39 45
18 28 42 39 43
18 31 42 39 45
18 31 42 37 45
18 31 40 38 44
18 28 40 38 44
18 28 41 38 44
18 30 40 38 44
18 28 41 38 44
19 40 36 39 28
19 40 36 39 28
19 39 36 39 27
19 38 35 38 30
19 38 34 38 31
19 37 35 38 29
19 40 35 39 27
19 39 34 39 27
19 41 36 39 28
19 41 37 40 27
19 38 36 40 29
19 40 35 35 30
19 40 35 34 30
19 40 36 34 28
19 40 35 33 27
19 39 37 39 29
19 37 37 38 30
19 37 37 40 29
19 37 36 39 28
19 37 37 39 28
19 40 35 38 28
19 39 36 37 28
19 39 36 37 28
19 39 35 37 28
19 38 35 38 28
19 40 35 38 29
19 39 32 37 28
19 39 35 38 28
19 40 33 38 29
19 40 36 38 29
19 41 36 39 29
19 43 35 39 29
19 43 36 38 29
19 42 37 39 31
19 38 38 39 30
19 38 36 39 29
19 38 36 38 29
19 39 36 37 28
19 39 37 38 29
19 39 37 38 28
19 38 38 38 29
19 37 38 38 29
19 37 37 38 28
19 40 37 38 29
19 39 38 39 28
19 38 38 39 29
19 38 38 39 29
19 38 34 37 28
19 38 37 37 28
19 38 37 37 29
19 39 36 38 28
19 38 36 37 29
19 38 36 38 29
19 38 37 37 29
19 38 37 37 29
19 37 35 37 29
19 36 36 38 29
19 38 37 38 29
19 39 36 37 29
19 38 36 37 29
19 38 36 37 29
19 39 37 36 29
19 39 37 37 29
19 39 37 38 28
19 36 37 37 29
19 36 36 38 28
19 38 37 37 29
19 38 37 38 29
19 39 36 38 28
19 39 36 37 29
19 39 37 37 28
19 39 38 37 29
19 40 38 37 29
19 38 38 38 29
19 38 37 35 29
19 41 37 37 30
19 39 37 36 28
19 41 37 39 29
19 38 36 38 30
19 38 37 37 29
19 38 38 39 30
19 38 37 38 29
19 38 37 38 28
19 38 38 37 29
19 39 37 37 29
19 39 37 37 29
19 38 37 36 29
19 39 37 36 29
19 38 37 36 29
19 38 37 36 29
19 39 36 37 29
19 39 38 36 29
19 38 37 37 29
19 38 37 36 29
19 38 38 36 29
19 39 37 38 29
19 39 37 38 29
19 37 38 38 29
19 38 38 38 29
19 38 37 37 29
20 29 27 41 25
20 29 27 41 25
20 29 27 42 25
20 28 28 42 25
20 29 27 41 25
20 29 28 41 25
20 29 28 42 25
20 28 27 41 25
20 30 28 41 24
20 29 28 42 25
20 28 28 41 25
20 30 28 40 26
20 31 28 41 27
20 31 28 41 28
20 31 28 41 27
20 30 28 41 27
20 30 28 41 25
20 31 28 41 26
20 30 28 41 26
20 29 28 42 29
20 32 27 42 29
20 35 28 41 29
20 36 28 42 30
20 35 27 42 29
20 35 27 42 29
20 34 27 41 30
20 36 27 42 30
20 36 27 42 30
20 36 27 42 31
20 36 27 40 30
20 36 27 41 32
20 36 27 42 24
20 37 27 40 23
20 36 27 32 23
20 37 27 32 25
20 36 26 32 24
20 35 28 32 25
20 35 28 32 25
20 37 28 32 25
20 36 28 31 25
20 37 27 32 25
20 38 27 32 25
20 38 27 31 24
20 39 27 29 25
20 39 27 36 24
20 39 27 38 25
20 38 28 37 24
20 39 26 38 24
20 39 27 38 25
20 39 26 38 24
20 38 26 37 24
20 38 26 39 24
20 38 27 37 23
20 38 27 38 24
20 39 27 39 23
20 39 27 38 24
20 39 26 38 25
20 39 27 39 25
20 39 27 39 25
20 39 26 39 23
20 39 29 40 24
20 39 24 40 23
20 38 23 40 23
20 39 23 39 23
20 37 24 40 23
20 38 24 39 24
20 38 23 40 23
20 37 23 40 24
20 39 24 40 24
20 38 23 39 24
20 39 24 40 23
20 37 23 39 24
20 33 23 40 23
20 34 24 35 23
20 33 24 28 24
20 34 24 27 23
20 33 23 28 24
20 34 22 28 24
20 34 24 29 24
20 33 21 28 24
20 34 20 28 23
20 38 21 27 24
20 38 22 28 24
20 37 23 28 24
20 38 23 25 25
20 39 23 31 24
20 39 24 32 24
20 39 30 34 24
20 39 30 36 25
20 39 29 37 24
20 38 29 36 25
20 39 29 38 24
20 39 30 37 25
20 39 29 41 24
20 38 29 41 24
20 39 30 41 24
20 39 30 40 25
20 39 29 40 23
20 39 30 40 24
20 40 30 40 22
21 25 17 20 19
21 24 18 24 19
21 25 17 24 22
21 26 19 24 22
21 26 23 17 22
21 21 22 18 22
21 21 24 21 22
21 21 22 22 22
21 21 22 22 23
21 21 21 18 22
21 20 23 18 21
21 21 23 18 22
21 21 23 18 21
21 20 24 17 21
21 22 24 17 23
21 21 24 17 23
21 22 23 18 22
21 19 23 17 22
21 19 23 21 23
21 18 23 22 22
21 16 24 22 22
21 18 24 22 23
21 18 23 21 22
21 19 26 23 22
21 18 26 22 22
21 20 26 22 22
21 20 26 23 22
21 17 26 22 21
21 18 26 21 22
21 18 26 23 22
21 19 26 22 22
21 19 26 22 21
21 19 25 21 22
21 20 26 22 23
21 19 26 23 24
21 19 25 21 24
21 20 26 21 23
21 19 25 22 24
21 19 25 22 24
21 20 26 22 23
21 20 26 22 24
21 19 25 22 23
21 19 25 22 23
21 19 26 22 24
21 19 25 22 23
21 19 25 22 23
21 20 26 22 24
21 19 26 22 24
21 19 26 21 23
21 20 26 22 24
21 19 25 20 23
21 20 25 21 24
21 19 25 20 24
21 18 25 22 24
21 19 25 22 24
21 19 25 23 24
21 18 25 22 24
21 18 25 23 23
21 19 25 23 23
21 18 26 23 23
21 14 25 23 24
21 23 25 23 23
21 23 25 23 23
21 23 25 24 24
21 23 25 23 23
21 23 25 22 24
21 24 25 23 24
21 24 25 24 24
21 24 25 23 24
21 24 25 23 23
21 24 25 23 23
21 23 25 22 24
21 24 25 16 23
21 24 25 15 24
21 24 25 16 24
21 26 25 18 23
21 21 25 18 20
21 21 24 18 19
21 21 24 19 19
21 20 24 18 18
21 20 23 21 20
21 21 24 20 19
21 20 25 23 20
21 20 24 23 20
21 19 24 23 20
21 19 24 23 20
21 20 24 23 20
21 20 24 24 20
21 19 24 23 20
21 19 24 24 20
21 20 23 23 20
21 18 24 22 21
21 17 24 22 21
21 23 24 24 20
21 23 24 23 21
21 22 24 24 21
21 23 24 23 21
21 23 23 24 23
21 23 23 24 24
21 23 23 23 23
22 0 25 32 47
22 0 27 33 47
22 0 27 31 46
22 0 27 33 47
22 0 27 32 47
22 0 25 32 47
22 0 25 33 46
22 0 26 32 46
22 0 25 32 46
22 0 27 32 47
22 0 26 32 46
22 0 26 32 46
22 0 27 33 47
22 0 27 33 47
22 0 27 32 46
22 0 27 32 46
22 0 26 32 46
22 0 26 33 47
22 0 27 32 47
22 0 27 33 46
22 0 26 32 46
22 0 27 32 47
22 0 28 32 47
22 0 27 33 46
22 0 26 33 46
22 0 26 32 46
22 0 26 32 46
22 0 25 32 46
22 0 27 33 46
22 0 27 32 46
22 0 27 32 46
22 0 26 33 46
22 0 27 32 46
22 0 27 32 46
22 0 27 32 46
22 0 27 33 45
22 0 27 33 47
22 0 26 32 46
22 0 27 33 46
22 0 26 32 47
22 0 26 32 45
22 0 26 33 46
22 0 26 32 46
22 0 27 33 47
22 0 27 32 47
22 0 26 32 46
22 0 28 32 46
22 0 27 33 47
22 0 27 33 46
22 0 26 32 47
22 0 25 33 46
22 0 27 33 46
22 0 26 32 45
22 0 26 33 46
22 0 27 33 46
22 0 27 32 45
22 0 26 33 46
22 0 27 33 46
22 0 27 33 47
22 0 26 32 46
22 0 26 33 46
22 0 27 31 46
22 0 26 32 46
22 0 27 32 47
22 0 26 33 45
22 0 25 32 46
22 0 30 32 45
22 0 28 32 46
22 0 27 32 46
22 0 30 30 45
22 0 29 31 46
22 0 29 31 46
22 0 28 30 46
22 0 28 31 46
22 0 29 31 46
22 0 28 31 46
22 0 30 31 46
22 0 29 31 45
22 0 28 31 46
22 0 28 31 46
22 0 29 30 46
22 0 29 31 46
22 0 30 30 46
22 0 30 30 46
22 0 29 31 46
22 0 29 31 47
22 0 28 30 46
22 0 30 31 46
22 0 28 31 46
22 0 27 30 45
22 0 29 30 46
22 0 29 31 45
22 0 29 30 46
22 0 29 31 46
22 0 29 31 46
22 0 30 31 46
22 0 30 31 46
22 0 28 31 46
22 0 30 31 45
22 0 30 31 46
23 22 34 36 44
23 22 36 37 45
23 21 37 36 46
23 21 35 37 44
23 21 33 36 45
23 22 32 36 45
23 21 32 36 45
23 22 32 36 45
23 21 32 36 44
23 21 33 36 45
23 21 32 35 46
23 22 32 37 46
23 21 32 36 46
23 21 32 37 45
23 21 33 35 44
23 21 32 36 46
23 21 33 36 46
23 22 33 36 46
23 21 32 35 46
23 21 33 35 46
23 22 34 36 44
23 22 35 36 46
23 21 35 36 45
23 21 34 36 46
23 22 33 36 45
23 21 33 37 45
23 21 32 37 45
23 22 33 37 45
23 21 33 35 46
23 22 32 36 44
23 21 32 36 47
23 21 33 36 46
23 22 32 37 45
23 21 33 37 46
23 22 33 35 45
23 21 33 37 44
23 22 34 36 45
23 22 34 37 47
23 21 33 36 44
23 21 34 37 45
23 21 33 37 46
23 21 34 36 44
23 22 33 36 45
23 22 32 37 45
23 21 33 35 46
23 22 33 36 45
23 22 34 37 46
23 21 33 37 46
23 21 34 36 44
23 22 34 36 46
23 21 33 37 47
23 21 35 37 46
23 21 34 35 46
23 22 34 37 46
23 21 33 36 46
23 21 32 35 46
23 22 32 37 45
23 21 33 37 46
23 22 32 37 46
23 22 33 36 44
23 22 33 37 45
23 22 32 36 45
23 21 33 37 46
23 22 34 36 46
23 22 34 36 46
23 21 34 37 46
23 22 34 37 45
23 21 33 35 46
23 22 34 35 45
23 21 34 37 45
23 21 34 37 46
23 21 34 37 46
23 22 33 36 47
23 22 34 37 44
23 22 35 37 45
23 21 35 36 45
23 21 33 37 46
23 21 34 37 46
23 21 34 37 46
23 21 34 35 47
23 21 35 38 44
23 21 33 38 45
23 20 34 37 45
23 21 34 35 45
23 21 35 38 46
23 21 34 36 46
23 22 33 37 46
23 21 33 38 46
23 21 33 37 45
23 22 34 38 45
23 21 34 38 45
23 21 34 38 46
23 21 33 37 45
23 21 33 38 45
23 21 32 37 46
23 21 31 37 44
23 22 33 38 46
23 20 32 37 46
23 21 33 38 47
23 20 32 38 46
24 24 37 48 46
24 24 38 48 45
24 24 37 48 45
24 24 34 48 45
24 24 34 48 46
24 24 34 47 46
24 24 34 48 45
24 24 33 48 46
24 24 34 48 46
24 24 33 48 46
24 24 33 48 46
24 24 34 48 46
24 23 34 49 46
24 24 33 48 46
24 24 33 48 46
24 23 33 49 45
24 24 34 48 45
24 24 34 48 46
24 24 34 48 46
24 23 33 48 45
24 24 33 49 46
24 24 34 49 47
24 24 34 48 46
24 24 34 48 47
24 23 34 48 45
24 24 34 48 45
24 24 34 47 45
24 24 34 48 47
24 23 34 48 45
24 24 34 48 46
24 24 34 48 45
24 24 34 49 46
24 24 34 49 46
24 24 34 48 46
24 24 33 48 46
24 24 34 48 46
24 24 34 48 45
24 24 34 48 46
24 24 34 48 46
24 23 35 48 46
24 24 34 48 46
24 24 34 49 46
24 24 35 48 46
24 24 34 48 46
24 24 34 48 46
24 24 34 49 45
24 24 33 51 46
24 24 34 48 46
24 23 34 48 45
24 24 34 49 46
24 24 34 49 47
24 24 34 48 46
24 24 34 48 45
24 25 34 48 46
24 24 34 48 46
24 24 33 48 45
24 24 34 49 45
24 24 33 48 46
24 24 34 48 46
24 24 34 49 45
24 24 34 49 46
24 24 34 48 46
24 24 34 48 46
24 24 34 49 46
24 24 33 49 46
24 24 34 49 45
24 24 34 49 46
24 24 34 49 46
24 24 33 49 46
24 24 34 48 45
24 24 33 49 47
24 24 34 49 46
24 24 34 48 46
24 24 34 49 47
24 24 34 49 46
24 23 33 48 45
24 24 34 49 46
24 24 34 48 45
24 24 34 48 45
24 24 34 49 46
24 24 34 49 46
24 24 34 48 46
24 24 34 49 46
24 25 33 48 46
24 24 33 49 45
24 25 33 49 45
24 24 34 49 45
24 25 34 48 45
24 25 34 50 45
24 25 34 49 45
24 24 34 49 45
24 24 34 48 46
24 23 34 49 46
24 24 33 50 45
24 24 33 48 45
24 25 36 49 45
24 24 29 48 45
24 24 30 48 45
24 24 34 49 45
24 24 37 48 45
25 28 29 44 36
25 28 29 45 36
25 27 29 45 35
25 28 29 44 35
25 27 30 46 36
25 28 28 45 35
25 27 30 44 36
25 28 30 45 35
25 28 29 45 36
25 28 29 45 36
25 28 29 45 36
25 28 28 45 36
25 28 29 46 36
25 27 29 45 35
25 28 29 45 36
25 28 29 47 36
25 27 29 46 36
25 27 29 45 36
25 27 28 45 35
25 28 29 45 36
25 28 28 45 36
25 28 28 45 36
25 28 29 45 36
25 27 29 45 36
25 27 29 46 36
25 26 29 45 36
25 25 29 45 36
25 26 30 45 36
25 26 29 45 35
25 27 28 45 35
25 27 29 46 36
25 27 28 47 36
25 27 29 45 36
25 27 29 45 37
25 28 29 45 36
25 27 29 45 36
25 27 29 47 35
25 26 29 46 35
25 28 30 45 35
25 27 29 45 36
25 27 29 46 35
25 27 29 45 35
25 27 29 46 35
25 28 30 45 36
25 27 30 46 36
25 28 29 45 36
25 27 29 45 36
25 28 29 45 35
25 28 29 45 36
25 27 30 45 36
25 27 29 45 36
25 27 28 46 35
25 27 28 45 35
25 27 28 46 36
25 27 28 45 35
25 27 28 47 36
25 27 28 47 36
25 27 28 45 35
25 27 28 46 35
25 27 28 47 36
25 27 28 45 35
25 27 28 45 36
25 27 28 48 35
25 27 28 45 35
25 27 29 47 36
25 27 28 46 35
25 27 28 45 37
25 27 28 45 35
25 27 29 45 36
25 26 29 46 36
25 26 28 45 35
25 27 28 45 36
25 26 30 46 36
25 27 31 46 36
25 27 30 45 36
25 27 28 45 35
25 27 28 45 36
25 27 27 45 36
25 27 30 45 36
25 26 30 45 36
25 26 30 47 36
25 26 29 45 35
25 26 29 45 36
25 27 29 45 36
25 27 31 45 36
25 27 30 46 36
25 27 29 45 36
25 27 28 45 36
25 27 28 45 36
25 27 28 46 35
25 27 29 47 36
25 26 29 45 35
25 27 29 45 36
25 27 28 46 35
25 27 29 47 35
25 26 28 45 35
25 27 28 47 36
25 27 28 45 36
25 27 28 45 36
25 27 27 45 37
