2700
0 16 21 24 18
0 17 22 23 15
0 17 23 23 18
0 15 24 19 18
0 17 23 20 17
0 17 22 20 20
0 16 24 21 20
0 17 24 22 18
0 17 24 24 33
0 18 23 24 32
0 17 23 26 33
0 18 23 25 33
0 17 23 25 33
0 17 24 28 33
0 17 24 28 34
0 16 24 29 31
0 16 23 28 31
0 0 24 29 31
0 0 23 29 31
0 0 23 29 30
0 0 24 29 30
0 0 23 28 30
0 0 23 28 23
0 0 23 26 22
0 0 23 27 24
0 0 22 27 23
0 0 22 26 24
0 0 22 26 22
0 0 24 25 23
0 0 24 26 21
0 0 23 27 21
0 0 24 27 21
0 0 22 27 25
0 0 22 27 24
0 0 23 26 25
0 0 23 24 24
0 0 23 24 24
0 0 23 24 26
0 0 23 23 26
0 0 24 24 25
0 0 22 22 26
0 0 23 0 25
0 0 22 0 26
0 0 23 0 27
0 0 24 0 29
0 0 26 0 29
0 0 25 0 28
0 0 25 0 29
0 0 25 0 29
0 0 25 0 32
0 0 24 0 16
0 0 25 0 15
0 0 24 0 17
0 0 25 0 17
0 0 25 0 18
0 0 26 0 18
0 0 26 0 19
0 0 25 0 19
0 0 25 0 20
0 0 26 0 20
0 0 26 0 20
0 0 26 0 19
0 0 26 0 19
0 0 26 0 20
0 0 26 0 20
0 0 26 0 20
0 0 24 0 20
0 0 24 0 20
0 0 24 0 21
0 0 24 0 20
0 0 22 0 20
0 0 23 0 20
0 0 23 0 20
0 0 24 0 20
0 0 29 0 20
0 0 29 0 20
0 0 29 0 19
0 0 30 0 20
0 0 29 0 19
0 0 29 0 19
0 0 29 0 19
0 0 29 0 20
0 0 30 0 19
0 0 30 0 19
0 0 30 0 20
0 0 30 0 18
0 0 30 0 18
0 0 31 0 19
0 0 30 0 18
0 0 30 0 18
0 0 31 0 17
0 0 29 0 17
0 0 30 0 20
0 0 30 0 20
0 0 30 0 19
0 0 29 0 20
0 0 30 0 18
0 0 29 0 18
0 0 28 0 19
0 0 29 0 20
26 17 23 34 21
26 16 25 34 22
26 20 24 34 19
26 21 25 41 38
26 23 25 43 36
26 19 24 46 37
26 20 25 46 37
26 20 24 45 36
26 20 24 45 35
26 24 24 44 34
26 23 24 45 36
26 24 24 46 36
26 24 24 46 35
26 24 23 35 27
26 25 25 35 28
26 24 24 35 27
26 24 24 34 28
26 24 23 35 28
26 24 22 35 28
26 24 22 34 29
26 24 24 38 32
26 23 23 35 31
26 23 23 37 31
26 22 21 36 32
26 23 23 40 31
26 23 23 40 31
26 23 24 43 32
26 22 22 44 31
26 23 23 44 31
26 24 23 46 30
26 25 25 44 31
26 23 25 45 32
26 24 23 45 32
26 23 22 45 32
26 19 22 45 32
26 18 21 47 32
26 18 21 48 31
26 19 22 46 31
26 20 22 46 31
26 20 21 46 32
26 20 20 44 32
26 22 20 43 33
26 23 20 43 32
26 23 20 44 34
26 17 23 43 34
26 17 23 44 34
26 17 22 45 35
26 18 22 45 32
26 24 24 45 33
26 23 24 45 34
26 24 23 46 31
26 22 21 46 31
26 24 21 47 29
26 23 21 47 29
26 24 17 44 30
26 24 18 44 31
26 24 16 46 31
26 24 15 45 32
26 24 16 46 23
26 24 15 46 26
26 23 15 46 23
26 24 15 45 22
26 24 15 48 25
26 23 16 47 27
26 23 16 47 31
26 23 15 46 32
26 23 15 43 31
26 18 16 40 33
26 17 16 40 38
26 18 17 41 37
26 17 16 41 37
26 17 17 40 38
26 17 16 41 38
26 16 17 41 39
26 16 16 39 40
26 16 16 44 37
26 17 19 43 37
26 18 19 44 37
26 18 16 41 37
26 18 15 40 27
26 17 15 41 27
26 18 15 41 26
26 18 19 40 27
26 19 19 41 27
26 19 19 41 26
26 19 19 41 27
26 19 19 41 25
26 19 19 38 21
26 19 20 39 20
26 20 19 40 21
26 19 19 38 19
26 19 20 36 20
26 20 19 37 19
26 20 20 37 20
26 19 20 40 20
26 18 17 41 19
26 19 17 41 20
26 19 18 41 20
26 19 17 42 20
26 18 17 41 20
27 0 25 22 31
27 0 25 27 32
27 0 23 25 43
27 0 23 25 42
27 0 23 28 43
27 0 24 28 43
27 0 23 26 44
27 0 22 28 43
27 0 23 28 43
27 0 24 27 44
27 0 22 26 42
27 0 23 28 42
27 0 23 27 42
27 0 23 28 43
27 0 23 29 43
27 0 23 26 43
27 0 23 28 42
27 0 23 26 44
27 0 23 27 43
27 0 23 28 43
27 0 23 26 44
27 0 23 28 42
27 0 22 27 43
27 0 21 25 43
27 0 21 28 43
27 0 21 26 44
27 0 22 27 42
27 0 24 27 43
27 0 23 29 41
27 0 23 30 42
27 0 23 30 42
27 0 23 29 43
27 0 24 29 43
27 0 24 30 44
27 0 23 29 42
27 0 24 29 44
27 0 23 29 43
27 0 24 29 43
27 0 23 29 44
27 0 24 29 44
27 0 24 28 44
27 0 19 26 42
27 0 24 25 44
27 0 24 25 43
27 0 24 25 42
27 0 24 28 43
27 0 23 27 42
27 0 22 28 42
27 0 24 28 41
27 0 24 29 43
27 0 22 29 41
27 0 22 29 42
27 0 24 30 41
27 0 22 30 42
27 0 22 30 41
27 0 23 31 41
27 0 23 31 43
27 0 23 32 43
27 0 22 31 42
27 0 23 30 43
27 0 22 30 43
27 0 22 30 42
27 0 24 30 42
27 0 22 30 42
27 0 22 30 42
27 0 22 30 42
27 0 24 29 41
27 0 22 30 41
27 0 22 30 42
27 0 22 30 43
27 0 24 30 43
27 0 22 29 43
27 0 22 30 43
27 0 22 30 43
27 0 23 30 41
27 0 23 29 43
27 0 24 29 43
27 0 23 30 42
27 0 23 29 43
27 0 23 29 42
27 0 23 29 43
27 0 23 30 43
27 0 23 29 43
27 0 24 29 42
27 0 22 29 42
27 0 20 29 42
27 0 22 29 41
27 0 22 29 42
27 0 21 29 43
27 0 22 28 41
27 0 21 29 43
27 0 21 29 43
27 0 21 29 41
27 0 21 30 43
27 0 20 29 41
27 0 21 29 43
27 0 20 30 43
27 0 21 28 43
27 0 22 29 41
27 0 21 28 42
28 16 25 38 48
28 15 26 37 47
28 16 27 39 50
28 16 26 39 49
28 16 27 38 50
28 16 27 38 51
28 16 26 38 51
28 16 26 39 51
28 16 26 38 51
28 16 27 38 52
28 17 27 38 52
28 15 27 38 51
28 15 27 38 51
28 16 26 37 52
28 20 26 39 51
28 16 26 38 52
28 15 26 39 52
28 19 27 39 52
28 18 27 38 52
28 17 27 37 51
28 20 26 37 51
28 20 27 38 52
28 20 26 37 51
28 21 27 37 50
28 21 27 37 50
28 22 28 36 50
28 22 28 37 49
28 23 28 36 48
28 23 28 37 47
28 24 28 38 50
28 23 27 38 51
28 23 28 37 51
28 23 27 38 51
28 23 27 36 52
28 23 28 37 51
28 23 28 36 51
28 23 29 36 51
28 22 28 36 52
28 23 28 34 51
28 22 28 35 52
28 22 27 33 51
28 22 28 33 51
28 22 28 33 50
28 22 27 32 50
28 21 28 33 50
28 22 29 32 50
28 22 28 32 50
28 23 29 32 50
28 23 29 32 51
28 22 28 32 51
28 19 29 31 50
28 17 29 31 49
28 19 28 31 49
28 18 29 30 50
28 18 29 30 50
28 15 29 30 50
28 0 30 30 50
28 0 28 29 49
28 0 29 30 50
28 0 30 29 50
28 0 28 29 48
28 0 29 30 49
28 0 28 33 50
28 0 27 33 49
28 0 27 34 49
28 0 28 34 49
28 0 27 36 48
28 0 28 37 49
28 0 28 37 50
28 0 27 37 50
28 0 28 37 49
28 0 28 37 48
28 0 27 37 49
28 0 27 37 50
28 0 28 37 49
28 0 27 36 48
28 0 28 37 49
28 0 26 37 47
28 0 26 36 48
28 0 26 33 49
28 0 27 34 46
28 0 27 33 46
28 0 27 32 47
28 0 28 38 47
28 0 25 40 47
28 0 26 39 47
28 0 25 39 47
28 0 26 40 47
28 0 26 39 47
28 0 26 38 47
28 0 26 39 47
28 0 27 40 48
28 0 26 39 47
28 0 27 40 48
28 0 27 39 47
28 0 26 39 47
28 0 27 39 48
28 0 27 40 48
28 0 27 40 47
28 0 28 40 48
29 16 29 44 22
29 16 30 44 23
29 15 30 44 22
29 13 30 43 39
29 14 30 43 38
29 14 31 44 42
29 15 30 44 39
29 15 30 43 39
29 15 31 44 39
29 17 30 44 39
29 16 30 43 40
29 16 31 43 40
29 16 30 43 40
29 16 30 43 40
29 14 30 43 40
29 16 30 44 39
29 15 31 41 39
29 14 30 40 40
29 16 30 41 39
29 15 30 41 38
29 15 29 41 38
29 13 29 41 39
29 14 29 41 40
29 12 29 41 40
29 13 29 43 39
29 15 28 43 39
29 17 29 42 38
29 17 28 41 39
29 13 28 43 39
29 10 28 43 39
29 15 28 43 38
29 14 29 44 37
29 15 29 43 39
29 17 29 45 39
29 17 30 43 40
29 17 28 44 40
29 17 29 43 38
29 18 28 44 39
29 18 30 43 38
29 18 29 45 38
29 18 29 42 39
29 16 29 43 38
29 17 28 44 40
29 17 28 43 38
29 14 29 44 38
29 15 28 44 37
29 18 30 43 38
29 17 29 42 38
29 17 29 43 37
29 15 29 42 37
29 17 29 43 38
29 16 30 41 36
29 16 28 43 36
29 18 29 41 38
29 6 29 43 38
29 9 27 41 38
29 10 29 41 37
29 12 29 42 39
29 12 29 41 37
29 14 29 41 38
29 11 29 40 39
29 18 28 41 40
29 18 28 40 37
29 19 29 40 36
29 18 29 42 36
29 18 29 42 37
29 12 29 42 36
29 18 28 40 38
29 17 29 41 36
29 18 28 41 37
29 18 29 39 37
29 18 29 40 38
29 21 29 40 37
29 19 30 40 36
29 19 30 42 37
29 19 29 41 38
29 18 29 41 37
29 19 29 41 38
29 18 28 41 37
29 20 29 39 38
29 19 29 40 37
29 20 28 40 38
29 14 30 38 38
29 16 28 39 38
29 14 29 40 38
29 17 29 38 38
29 18 29 39 37
29 17 29 38 38
29 18 29 39 37
29 16 29 39 39
29 15 29 40 39
29 17 29 39 38
29 17 29 39 37
29 17 29 39 37
29 15 29 38 37
29 17 30 40 37
29 16 30 39 38
29 18 28 37 38
29 17 29 38 37
29 17 29 37 38
30 14 44 53 31
30 20 45 52 31
30 20 45 54 33
30 22 24 56 29
30 23 23 52 32
30 20 25 52 33
30 20 26 54 32
30 24 23 55 29
30 21 24 53 33
30 22 25 53 34
30 20 26 53 32
30 24 24 56 28
30 20 25 52 31
30 21 24 51 32
30 21 27 53 33
30 21 24 52 32
30 19 24 52 33
30 19 25 52 32
30 18 24 50 33
30 18 25 51 33
30 18 25 50 33
30 17 24 50 33
30 18 25 50 33
30 18 25 51 34
30 18 24 50 33
30 17 24 51 32
30 18 25 50 32
30 19 24 50 31
30 18 24 50 33
30 18 24 50 32
30 16 24 50 32
30 18 24 51 31
30 17 24 52 32
30 18 24 52 32
30 18 25 51 31
30 19 24 52 31
30 18 25 52 32
30 19 25 52 32
30 18 25 53 31
30 18 26 52 31
30 18 26 52 31
30 17 25 52 31
30 17 26 53 32
30 16 26 54 33
30 16 26 53 31
30 15 26 52 32
30 18 26 53 31
30 17 27 53 33
30 17 27 53 31
30 17 26 51 32
30 17 26 52 32
30 16 26 52 31
30 17 26 53 32
30 16 26 53 31
30 17 26 52 33
30 16 27 52 32
30 15 27 53 32
30 17 26 53 33
30 18 26 52 33
30 19 26 54 32
30 18 27 53 33
30 18 26 52 34
30 17 26 53 32
30 17 26 52 33
30 17 26 52 31
30 18 27 51 33
30 17 27 51 34
30 18 26 51 33
30 18 27 51 33
30 20 26 51 33
30 21 27 52 33
30 21 26 51 33
30 21 26 50 33
30 21 26 50 34
30 21 26 51 34
30 21 26 50 33
30 21 26 50 34
30 21 27 50 34
30 21 27 51 34
30 21 27 50 34
30 21 26 51 34
30 22 27 50 33
30 21 26 51 33
30 21 28 50 33
30 22 26 51 34
30 21 27 51 34
30 21 26 51 33
30 20 27 51 34
30 21 26 50 33
30 21 27 50 33
30 20 26 50 33
30 21 26 51 33
30 21 26 51 32
30 21 27 50 33
30 20 27 51 33
30 20 26 51 34
30 20 26 50 34
30 20 26 51 34
30 19 27 51 35
30 20 26 50 34
31 21 20 48 28
31 21 21 48 28
31 22 22 48 29
31 22 22 49 30
31 22 21 50 29
31 22 21 49 30
31 22 21 48 29
31 22 22 48 30
31 21 22 48 30
31 20 21 44 30
31 20 21 45 31
31 20 22 46 31
31 20 22 45 31
31 20 21 45 31
31 20 21 46 31
31 20 21 47 30
31 20 21 47 31
31 20 20 47 31
31 20 20 47 30
31 20 21 47 30
31 20 21 47 30
31 20 21 47 31
31 20 21 47 30
31 20 20 46 31
31 20 20 47 30
31 20 20 47 31
31 20 21 47 31
31 20 22 47 31
31 20 22 48 31
31 20 22 48 31
31 20 23 47 30
31 20 23 48 30
31 20 22 47 31
31 21 22 48 31
31 20 22 48 31
31 21 19 48 31
31 21 19 49 30
31 21 18 49 31
31 21 17 49 32
31 21 17 48 31
31 21 18 49 31
31 21 17 51 31
31 21 17 50 31
31 21 18 50 31
31 21 18 49 31
31 22 16 50 31
31 22 18 49 31
31 22 18 49 32
31 22 17 49 32
31 21 17 49 32
31 22 17 51 32
31 22 16 51 33
31 21 18 51 32
31 20 18 52 33
31 20 17 53 33
31 21 18 53 32
31 20 17 53 33
31 19 17 53 33
31 19 19 53 33
31 20 20 52 34
31 20 19 52 34
31 19 19 53 34
31 20 19 51 34
31 20 19 50 34
31 21 20 51 34
31 21 20 51 34
31 21 20 51 33
31 21 20 52 34
31 20 19 51 32
31 21 19 52 34
31 21 20 52 33
31 21 20 52 33
31 21 19 52 33
31 21 20 52 33
31 21 19 52 34
31 21 20 52 34
31 20 20 52 32
31 20 19 52 33
31 20 20 51 33
31 21 19 51 32
31 20 20 52 34
31 21 20 52 33
31 20 19 53 33
31 21 20 53 33
31 20 18 51 33
31 20 19 52 33
31 21 20 52 33
31 21 20 52 32
31 21 20 52 33
31 21 19 52 33
31 21 20 52 33
31 21 20 52 34
31 21 21 52 34
31 21 18 52 34
31 21 20 52 34
31 22 20 52 33
31 21 20 52 33
31 22 20 52 33
31 21 21 51 33
31 21 21 51 32
32 16 6 31 14
32 18 5 31 14
32 18 5 33 15
32 18 4 36 16
32 16 5 31 14
32 16 3 31 15
32 17 5 32 17
32 16 6 36 16
32 17 7 31 17
32 18 6 30 16
32 18 9 36 14
32 18 8 32 16
32 18 9 31 13
32 17 6 31 16
32 18 5 33 15
32 18 6 31 19
32 17 4 31 15
32 16 7 32 15
32 17 5 36 20
32 18 7 29 14
32 16 4 29 16
32 16 5 30 11
32 17 6 32 16
32 17 6 29 14
32 17 5 28 16
32 16 6 30 17
32 15 6 31 17
32 16 6 28 15
32 15 6 29 15
32 16 6 29 15
32 15 5 34 16
32 15 6 28 16
32 17 6 29 16
32 17 6 29 16
32 17 4 33 18
32 17 5 30 16
32 18 7 31 15
32 16 7 29 15
32 17 6 32 16
32 18 7 28 15
32 17 7 29 14
32 18 7 30 16
32 17 6 33 15
32 14 8 29 16
32 15 6 30 16
32 15 7 30 17
32 15 6 35 16
32 15 7 31 15
32 17 7 29 15
32 15 6 30 16
32 17 8 33 15
32 18 7 31 16
32 17 7 32 15
32 15 7 32 18
32 16 4 35 15
32 16 8 33 16
32 17 7 33 16
32 17 7 34 16
32 16 8 32 15
32 16 7 32 17
32 16 7 34 14
32 16 8 29 15
32 16 6 28 17
32 16 7 28 18
32 16 7 31 16
32 16 8 29 17
32 15 7 29 18
32 16 5 30 15
32 16 7 33 18
32 16 7 30 18
32 15 7 28 17
32 16 6 29 19
32 16 8 29 18
32 15 8 29 15
32 15 7 30 18
32 16 7 32 19
32 15 7 31 19
32 16 7 35 15
32 17 6 35 17
32 16 6 36 18
32 16 7 35 18
32 16 7 35 19
32 17 7 36 18
32 16 8 34 18
32 16 7 33 17
32 17 7 35 18
32 17 7 34 18
32 16 8 34 19
32 16 5 33 18
32 17 7 34 19
32 17 6 33 20
32 17 6 31 19
32 17 7 35 19
32 16 7 34 18
32 16 6 33 20
32 17 8 34 19
32 17 7 33 20
32 17 7 32 18
32 17 8 31 18
32 18 8 34 20
33 7 1 26 21
33 8 0 27 21
33 8 2 26 21
33 8 5 25 26
33 9 4 26 23
33 9 5 26 22
33 9 6 27 21
33 8 4 25 26
33 11 6 26 21
33 9 7 25 26
33 10 7 26 21
33 10 7 26 21
33 10 5 27 22
33 11 6 24 24
33 12 6 26 22
33 10 5 27 22
33 11 2 24 21
33 10 6 24 26
33 11 5 26 24
33 9 3 27 24
33 9 5 25 24
33 7 10 27 26
33 8 9 26 25
33 6 9 26 24
33 7 9 26 23
33 6 9 26 25
33 6 8 26 25
33 6 8 27 25
33 5 8 25 24
33 4 10 26 25
33 5 7 26 26
33 11 6 27 24
33 10 8 27 25
33 11 6 28 26
33 8 8 26 25
33 9 7 26 24
33 10 8 27 25
33 10 8 27 27
33 8 5 26 25
33 6 6 26 24
33 6 6 26 24
33 8 5 27 26
33 7 6 28 22
33 6 6 28 24
33 8 4 30 24
33 7 3 26 27
33 6 3 27 25
33 11 4 27 24
33 9 6 29 25
33 9 5 26 25
33 5 7 27 25
33 8 8 28 24
33 1 9 27 24
33 7 7 28 26
33 7 10 28 25
33 6 10 27 25
33 7 9 29 25
33 6 9 27 26
33 5 10 27 26
33 4 12 26 24
33 5 7 29 25
33 4 7 28 26
33 3 11 27 26
33 2 7 27 24
33 8 10 27 24
33 6 9 28 28
33 5 9 28 25
33 6 8 27 24
33 5 10 27 24
33 7 10 29 27
33 7 10 27 25
33 7 10 27 25
33 7 9 28 24
33 6 9 28 27
33 8 11 26 27
33 8 10 26 27
33 10 10 28 27
33 8 9 27 24
33 5 10 26 23
33 11 9 26 23
33 9 9 26 24
33 11 9 27 26
33 5 8 27 23
33 6 10 25 25
33 5 10 26 24
33 9 12 27 23
33 4 10 27 19
33 9 10 29 19
33 7 11 27 24
33 8 4 28 25
33 5 4 29 24
33 6 2 29 25
33 9 2 28 24
33 9 1 27 25
33 7 0 29 23
33 6 1 29 25
33 5 2 30 24
33 7 0 31 24
33 7 4 31 24
33 7 3 31 24
1 0 44 22 28
1 0 45 20 26
1 0 31 16 21
1 0 31 17 23
1 0 31 19 22
1 0 39 17 22
1 0 38 17 22
1 0 39 16 17
1 0 39 16 20
1 0 38 16 19
1 0 31 15 18
1 0 32 18 20
1 0 34 18 20
1 0 35 18 21
1 0 36 0 19
1 0 35 0 21
1 0 33 0 21
1 0 32 0 20
1 0 37 0 21
1 0 37 0 22
1 0 34 0 21
1 0 29 0 24
1 0 29 0 22
1 0 30 0 23
1 0 31 0 24
1 0 30 0 19
1 0 29 0 19
1 0 33 0 19
1 0 32 0 19
1 0 33 0 18
1 0 32 0 19
1 0 34 0 20
1 0 38 0 20
1 0 39 0 20
1 0 39 0 19
1 0 38 0 19
1 0 40 0 18
1 0 40 0 19
1 0 41 0 20
1 0 41 0 17
1 0 39 0 17
1 0 40 0 17
1 0 27 0 16
1 0 26 0 16
1 0 26 0 18
1 0 25 0 18
1 0 26 0 18
1 0 35 0 17
1 0 34 0 17
1 0 33 0 16
1 0 32 0 16
1 0 31 0 16
1 0 31 0 18
1 0 32 0 17
1 0 32 0 18
1 0 33 0 19
1 0 32 0 18
1 0 32 0 17
1 0 33 0 18
1 0 33 0 17
1 0 32 0 18
1 0 32 0 19
1 0 30 0 20
1 0 29 0 20
1 0 28 0 20
1 0 29 0 18
1 0 30 0 19
1 0 30 0 20
1 0 30 0 19
1 0 31 0 19
1 0 34 0 18
1 0 32 0 19
1 0 33 0 18
1 0 33 0 18
1 0 30 0 20
1 0 32 0 19
1 0 32 0 19
1 0 32 0 19
1 0 32 0 19
1 0 30 0 20
1 0 30 0 26
1 0 31 0 26
1 0 31 0 27
1 0 31 0 27
1 0 31 0 25
1 0 35 0 24
1 0 35 0 24
1 0 35 0 23
1 0 35 0 21
1 0 32 0 24
1 0 32 0 25
1 0 30 0 26
1 0 28 0 26
1 0 30 0 26
1 0 29 0 26
1 0 30 0 26
1 0 29 0 26
1 0 28 0 21
1 0 29 0 20
1 0 28 0 23
2 0 28 16 17
2 0 28 16 18
2 0 28 17 17
2 0 28 15 17
2 0 29 0 18
2 0 28 0 18
2 0 28 0 18
2 0 29 0 16
2 0 30 0 17
2 0 30 0 21
2 0 30 0 22
2 0 29 0 22
2 0 29 0 22
2 0 29 0 23
2 0 29 0 23
2 0 29 0 22
2 0 29 0 23
2 0 29 0 23
2 0 29 0 23
2 0 29 0 23
2 0 30 0 24
2 0 29 0 25
2 0 29 0 23
2 0 29 0 24
2 0 29 0 24
2 0 30 0 25
2 0 29 0 24
2 0 31 0 24
2 0 30 0 24
2 0 30 0 24
2 0 30 0 23
2 0 29 0 23
2 0 30 0 24
2 0 30 0 24
2 0 30 0 25
2 0 29 0 24
2 0 30 0 24
2 0 29 0 23
2 0 30 0 23
2 0 29 0 23
2 0 30 0 22
2 0 29 0 22
2 0 30 0 23
2 0 30 0 24
2 0 30 0 24
2 0 31 0 24
2 0 29 0 23
2 0 30 0 23
2 0 29 0 24
2 0 30 0 24
2 0 30 0 24
2 0 29 0 24
2 0 30 0 25
2 0 29 0 25
2 0 29 0 25
2 0 30 0 25
2 0 29 0 25
2 0 31 0 25
2 0 30 0 25
2 0 30 0 25
2 0 29 0 25
2 0 31 0 25
2 0 29 0 25
2 0 29 0 26
2 0 30 0 25
2 0 30 0 24
2 0 30 0 23
2 0 29 0 23
2 0 29 0 24
2 0 30 0 23
2 0 30 0 23
2 0 30 0 21
2 0 29 0 19
2 0 29 0 18
2 0 28 0 18
2 0 29 0 18
2 0 30 0 18
2 0 29 0 19
2 0 29 0 20
2 0 29 0 20
2 0 30 0 20
2 0 29 0 20
2 0 29 0 20
2 0 29 0 20
2 0 29 0 21
2 0 29 0 21
2 0 30 0 21
2 0 28 0 20
2 0 28 0 21
2 0 28 0 21
2 0 28 0 21
2 0 28 0 21
2 0 29 0 21
2 0 32 0 22
2 0 31 0 22
2 0 31 0 21
2 0 32 0 21
2 0 32 0 21
2 0 32 0 21
2 0 30 0 21
9 34 42 24 25
9 36 31 24 17
9 27 48 25 17
9 28 48 25 17
9 28 48 26 18
9 28 47 25 19
9 28 48 26 20
9 28 47 25 19
9 28 48 25 20
9 28 48 25 19
9 27 48 24 19
9 28 48 26 21
9 28 47 25 20
9 29 47 25 19
9 27 48 25 21
9 28 48 25 20
9 28 48 25 18
9 27 47 24 18
9 27 47 24 18
9 27 47 25 19
9 28 46 24 20
9 27 47 25 19
9 27 46 24 20
9 28 47 25 19
9 28 47 24 18
9 27 47 24 18
9 27 47 24 19
9 28 47 25 19
9 28 47 24 19
9 28 47 24 20
9 27 46 24 19
9 28 47 25 19
9 27 47 24 19
9 28 46 24 20
9 26 46 24 20
9 28 48 24 18
9 26 47 24 17
9 28 46 24 20
9 27 47 25 20
9 27 46 24 20
9 27 46 24 17
9 27 46 24 17
9 27 47 24 23
9 27 47 23 21
9 27 46 25 23
9 28 47 23 24
9 27 47 24 23
9 27 47 24 22
9 27 47 24 24
9 28 46 24 24
9 27 47 24 23
9 27 46 24 24
9 27 46 24 24
9 27 47 25 23
9 28 47 24 22
9 28 46 24 23
9 28 46 24 22
9 28 46 24 22
9 27 47 23 23
9 26 47 24 22
9 27 46 24 23
9 28 47 24 23
9 27 47 25 23
9 27 47 24 23
9 27 46 24 23
9 27 47 23 23
9 27 47 25 23
9 27 47 24 22
9 28 47 24 22
9 27 46 22 23
9 25 47 21 23
9 25 47 21 24
9 25 47 22 24
9 26 47 22 23
9 26 47 22 24
9 26 47 22 23
9 25 48 21 24
9 26 47 22 24
9 26 47 22 24
9 25 47 21 24
9 25 48 22 23
9 26 48 23 23
9 26 47 22 24
9 25 47 22 23
9 25 48 22 23
9 25 47 22 23
9 25 48 22 24
9 25 48 23 23
9 25 47 22 23
9 25 48 22 24
9 25 48 23 22
9 26 48 23 23
9 26 48 22 23
9 26 48 22 23
9 25 47 23 23
9 26 47 23 23
9 26 47 22 23
9 25 47 23 23
9 26 47 22 23
9 25 48 22 23
10 25 39 17 18
10 25 37 17 20
10 27 40 17 18
10 28 40 19 19
10 27 39 19 19
10 27 39 20 20
10 27 40 22 20
10 27 39 22 20
10 27 38 21 20
10 27 38 22 19
10 27 39 22 20
10 26 38 22 20
10 26 39 22 19
10 27 40 22 21
10 27 39 21 20
10 27 40 22 21
10 27 39 23 21
10 27 39 21 20
10 26 40 22 21
10 26 41 22 21
10 27 40 22 21
10 26 40 22 21
10 27 41 22 21
10 26 41 21 22
10 26 40 21 21
10 26 40 21 22
10 26 41 22 22
10 26 41 22 22
10 25 40 21 22
10 26 41 20 22
10 25 40 19 22
10 26 40 20 22
10 25 40 20 23
10 25 40 19 23
10 26 42 19 22
10 27 41 19 23
10 26 40 19 23
10 27 41 20 23
10 27 42 21 23
10 27 43 20 22
10 28 42 22 22
10 28 42 21 22
10 26 42 21 23
10 26 43 20 22
10 27 42 21 23
10 26 42 22 23
10 27 39 20 22
10 27 40 21 22
10 26 40 20 22
10 26 39 20 22
10 27 40 20 23
10 27 40 20 24
10 26 39 21 23
10 26 40 19 23
10 27 38 21 23
10 27 39 20 23
10 27 38 20 23
10 28 39 21 22
10 27 39 19 22
10 27 39 20 23
10 27 40 19 22
10 27 40 18 22
10 27 38 18 22
10 28 40 18 22
10 27 39 18 21
10 27 40 18 22
10 28 42 17 21
10 28 42 18 22
10 27 42 19 22
10 28 42 18 23
10 27 41 18 22
10 28 41 18 23
10 28 41 18 23
10 27 41 16 22
10 28 42 17 22
10 27 41 17 22
10 27 42 17 23
10 27 42 18 22
10 28 42 20 22
10 27 42 18 23
10 27 42 16 22
10 27 42 18 22
10 27 41 18 23
10 27 42 18 22
10 28 41 17 22
10 28 41 18 23
10 28 42 18 21
10 27 42 20 21
10 27 42 19 23
10 27 42 19 20
10 28 42 19 21
10 28 42 19 21
10 27 42 21 21
10 28 41 18 20
10 28 42 19 21
10 27 41 18 20
10 28 42 19 21
10 28 41 18 21
10 28 41 18 21
10 28 42 20 21
11 24 27 29 16
11 24 28 30 17
11 24 29 31 20
11 35 27 31 20
11 37 27 31 18
11 37 29 33 19
11 37 31 33 19
11 39 31 33 17
11 42 31 32 18
11 42 30 32 20
11 42 30 32 20
11 42 31 31 17
11 42 28 30 15
11 42 28 29 16
11 38 28 30 15
11 38 27 29 15
11 38 35 26 12
11 27 34 25 15
11 38 33 26 15
11 39 33 19 16
11 39 36 20 16
11 35 36 20 19
11 35 40 23 20
11 37 38 21 20
11 37 39 27 18
11 37 34 28 19
11 34 31 28 13
11 34 32 28 16
11 35 32 28 14
11 36 33 29 16
11 35 32 29 16
11 35 34 26 17
11 33 35 28 17
11 33 34 28 15
11 31 33 29 15
11 34 33 28 18
11 35 33 28 17
11 34 34 28 17
11 34 33 29 18
11 34 35 30 17
11 34 36 29 17
11 34 36 27 19
11 35 35 28 18
11 31 36 27 18
11 32 37 28 19
11 34 33 28 17
11 32 33 28 18
11 33 31 28 17
11 44 30 28 17
11 43 28 28 18
11 44 27 30 18
11 42 30 30 18
11 42 29 29 18
11 42 29 28 18
11 42 28 29 18
11 42 28 29 19
11 42 29 29 17
11 41 30 29 18
11 41 29 29 18
11 40 28 29 19
11 40 29 29 18
11 40 28 29 19
11 40 28 30 19
11 40 27 30 19
11 39 28 29 19
11 40 28 29 17
11 40 28 29 19
11 40 28 28 19
11 51 28 30 18
11 40 27 29 18
11 41 27 29 18
11 41 28 30 18
11 40 27 31 18
11 41 29 29 19
11 40 28 29 18
11 40 29 30 18
11 40 28 30 17
11 40 28 30 18
11 41 30 30 18
11 41 28 30 18
11 41 28 30 19
11 41 28 30 18
11 41 28 29 18
11 41 28 29 18
11 41 29 29 19
11 41 28 30 19
11 41 28 30 19
11 41 28 30 18
11 42 28 30 18
11 41 27 30 19
11 41 29 29 18
11 41 28 29 18
11 41 28 30 18
11 41 27 30 17
11 41 27 29 19
11 42 28 29 17
11 41 28 29 18
11 41 29 29 18
11 41 28 29 18
11 41 28 29 17
12 17 34 17 19
12 15 36 19 19
12 17 35 22 19
12 17 35 23 20
12 17 35 22 22
12 16 35 22 22
12 16 34 23 21
12 17 36 23 22
12 16 35 23 23
12 17 34 24 21
12 17 35 23 20
12 17 35 23 20
12 16 34 24 20
12 16 34 23 28
12 16 34 23 29
12 16 35 24 28
12 17 35 23 28
12 16 35 23 28
12 17 35 24 29
12 16 34 24 29
12 16 34 23 29
12 17 34 24 28
12 17 35 24 28
12 17 36 24 28
12 17 36 24 28
12 16 34 24 27
12 15 35 23 27
12 17 35 24 28
12 17 35 24 29
12 17 34 24 28
12 17 35 24 28
12 17 35 24 28
12 16 34 24 29
12 17 35 24 28
12 16 35 24 29
12 16 34 23 29
12 17 34 23 28
12 16 35 23 28
12 17 34 23 28
12 18 35 24 28
12 16 34 24 28
12 15 35 23 28
12 15 36 23 28
12 17 34 23 28
12 15 36 24 28
12 16 35 24 28
12 15 35 23 29
12 18 34 24 28
12 16 35 23 28
12 19 36 23 28
12 18 35 24 28
12 21 34 24 27
12 21 35 19 28
12 21 35 21 28
12 21 35 22 28
12 21 35 22 27
12 22 34 23 28
12 22 35 23 28
12 22 35 23 28
12 22 35 22 27
12 23 35 22 29
12 22 35 21 28
12 22 35 20 28
12 21 35 20 27
12 22 35 20 27
12 21 36 20 27
12 21 36 21 27
12 21 35 21 26
12 20 37 20 28
12 21 35 20 27
12 21 36 20 27
12 19 36 17 27
12 19 36 21 25
12 20 36 21 26
12 19 35 22 27
12 20 36 21 27
12 19 35 21 27
12 20 36 22 27
12 17 35 22 26
12 18 35 21 29
12 19 35 22 27
12 18 35 22 28
12 19 34 22 28
12 19 36 22 28
12 19 35 22 28
12 18 35 22 29
12 19 35 21 29
12 18 35 22 28
12 18 35 22 29
12 18 34 22 29
12 18 34 22 29
12 18 34 22 28
12 18 35 22 33
12 18 35 19 33
12 18 34 19 32
12 19 35 20 33
12 18 36 20 33
12 17 34 19 33
12 19 35 20 33
12 18 35 20 32
13 17 47 18 21
13 19 47 17 22
13 19 48 17 27
13 20 49 20 25
13 19 49 16 26
13 19 48 16 27
13 18 40 17 27
13 17 42 16 22
13 17 40 24 22
13 17 43 24 23
13 18 44 22 20
13 17 42 22 19
13 19 51 21 21
13 19 52 21 22
13 19 52 22 22
13 20 53 21 23
13 19 50 22 23
13 19 48 21 23
13 19 49 20 24
13 17 44 21 24
13 17 44 21 23
13 18 45 22 24
13 19 44 22 22
13 19 43 23 22
13 18 44 23 24
13 19 43 23 25
13 19 43 22 25
13 20 42 21 25
13 20 42 22 24
13 19 43 20 24
13 19 44 23 24
13 20 45 23 25
13 20 44 23 24
13 20 44 23 24
13 20 43 23 25
13 19 44 23 25
13 20 44 22 25
13 19 46 23 24
13 19 44 22 25
13 19 45 22 25
13 17 44 23 26
13 18 44 22 23
13 20 43 23 23
13 18 43 22 23
13 19 44 23 23
13 19 44 23 23
13 19 44 23 23
13 19 44 23 23
13 19 44 24 22
13 18 45 23 23
13 19 45 23 22
13 20 45 24 22
13 19 45 23 22
13 19 44 23 23
13 18 45 23 25
13 18 44 22 24
13 17 45 23 25
13 19 44 23 25
13 20 44 23 26
13 17 45 23 24
13 18 46 24 26
13 18 44 23 24
13 18 45 22 24
13 16 45 24 24
13 17 44 24 25
13 16 45 24 23
13 17 46 23 24
13 17 44 24 23
13 17 46 24 23
13 18 46 24 27
13 18 47 22 27
13 18 43 24 26
13 17 45 24 26
13 18 44 24 26
13 15 45 23 27
13 18 46 24 27
13 17 45 23 27
13 18 46 23 28
13 18 45 23 28
13 19 46 23 27
13 20 46 24 27
13 18 46 24 28
13 19 45 24 28
13 18 46 23 28
13 20 47 23 28
13 20 47 24 26
13 15 46 24 27
13 18 45 24 27
13 18 45 24 28
13 18 44 24 27
13 17 45 23 26
13 18 45 23 28
13 18 44 22 28
13 18 44 24 28
13 19 44 23 28
13 19 44 23 28
13 18 44 24 29
13 19 45 18 28
13 19 46 19 28
13 19 47 18 28
14 38 35 19 19
14 37 35 22 19
14 38 36 23 19
14 38 37 25 20
14 38 37 25 20
14 32 37 24 20
14 32 36 25 20
14 32 36 24 21
14 35 36 25 20
14 36 36 24 20
14 35 35 25 20
14 35 36 25 21
14 33 36 27 22
14 34 36 27 22
14 34 37 28 22
14 40 37 28 23
14 39 37 28 23
14 38 37 27 23
14 38 37 28 23
14 38 39 28 25
14 38 38 28 24
14 38 38 28 24
14 38 39 28 24
14 37 38 28 23
14 38 38 28 23
14 38 39 27 23
14 38 39 27 23
14 38 38 28 23
14 38 37 27 23
14 39 38 29 23
14 37 39 29 23
14 39 37 29 22
14 38 38 29 23
14 38 38 29 22
14 39 38 30 22
14 39 38 29 23
14 39 39 31 22
14 40 37 30 23
14 40 39 30 24
14 39 40 30 23
14 39 38 30 23
14 40 38 30 23
14 40 37 30 23
14 37 37 30 23
14 37 36 29 23
14 37 37 29 23
14 37 36 30 21
14 38 37 29 22
14 37 37 29 21
14 37 36 29 21
14 37 37 29 22
14 38 38 29 22
14 37 38 29 22
14 38 38 29 21
14 38 38 29 22
14 39 39 29 22
14 38 39 29 21
14 40 39 29 21
14 39 38 29 21
14 39 37 29 19
14 39 38 30 21
14 39 37 29 20
14 39 39 29 21
14 40 37 29 20
14 39 38 30 21
14 39 38 30 21
14 39 38 29 20
14 39 38 28 20
14 39 39 29 20
14 39 39 30 19
14 39 39 30 19
14 37 37 30 17
14 37 36 30 18
14 37 37 29 19
14 37 36 30 19
14 37 37 29 19
14 37 37 30 18
14 37 37 30 16
14 36 38 29 17
14 36 36 30 18
14 37 37 29 17
14 38 37 29 19
14 37 37 30 17
14 37 37 29 18
14 37 38 30 19
14 36 36 30 19
14 35 37 31 20
14 35 36 30 20
14 34 37 30 19
14 34 37 30 19
14 34 37 31 19
14 34 37 31 20
14 35 37 30 18
14 35 37 30 20
14 34 37 30 20
14 35 37 30 18
14 33 37 30 20
14 35 36 29 20
14 36 37 29 19
14 34 37 30 20
16 16 29 17 18
16 18 26 17 24
16 17 27 18 21
16 18 27 19 20
16 18 24 20 20
16 18 31 22 23
16 19 28 22 22
16 19 27 21 22
16 18 32 20 23
16 18 29 17 21
16 18 29 21 16
16 20 30 23 23
16 19 31 23 18
16 18 31 20 24
16 19 34 20 18
16 17 34 20 18
16 18 30 20 22
16 18 33 21 19
16 16 30 21 18
16 17 29 21 18
16 16 33 22 18
16 18 24 23 23
16 18 24 22 24
16 18 30 23 23
16 18 30 23 19
16 19 29 23 23
16 19 30 24 23
16 19 30 23 22
16 19 29 23 23
16 19 29 21 22
16 17 29 22 21
16 19 29 23 23
16 19 31 22 24
16 19 28 22 20
16 19 29 23 22
16 19 23 23 17
16 19 23 23 17
16 19 27 22 17
16 19 24 22 23
16 19 23 23 25
16 19 25 23 25
16 18 23 23 25
16 18 24 24 28
16 18 24 22 27
16 17 26 22 27
16 18 26 22 27
16 18 26 22 24
16 18 26 22 26
16 19 29 23 26
16 18 29 23 27
16 18 32 24 27
16 17 34 23 28
16 19 34 23 28
16 18 33 23 26
16 18 34 23 24
16 18 33 24 25
16 18 33 24 22
16 17 33 23 25
16 17 37 23 25
16 17 38 23 22
16 17 37 24 24
16 19 38 23 24
16 19 36 23 23
16 19 30 23 23
16 19 29 23 23
16 18 28 24 21
16 18 29 23 21
16 17 29 22 24
16 17 29 23 24
16 16 28 23 24
16 15 30 23 22
16 15 29 23 25
16 15 29 23 24
16 14 31 24 25
16 15 22 23 24
16 17 24 24 23
16 16 23 24 25
16 17 38 23 26
16 18 39 23 25
16 17 38 23 26
16 17 38 23 25
16 19 29 24 25
16 18 29 20 24
16 18 32 19 25
16 18 33 20 25
16 18 33 19 25
16 20 33 19 25
16 18 32 19 26
16 18 32 17 25
16 20 30 17 25
16 18 32 20 24
16 18 21 22 24
16 17 22 21 25
16 17 21 22 25
16 19 21 21 24
16 18 24 21 24
16 18 23 21 24
16 18 24 21 23
16 19 31 20 23
16 19 31 20 24
17 22 35 21 24
17 22 35 22 25
17 23 38 23 27
17 23 37 23 27
17 23 37 22 27
17 22 38 22 27
17 22 37 22 26
17 22 38 23 25
17 22 37 23 26
17 22 38 24 27
17 22 37 23 26
17 23 38 23 26
17 22 38 22 26
17 22 37 21 25
17 22 37 20 26
17 23 37 21 25
17 23 39 21 26
17 22 39 20 30
17 21 39 22 29
17 21 39 22 28
17 22 38 22 29
17 22 38 22 27
17 22 37 22 28
17 22 36 22 28
17 22 37 25 27
17 22 39 26 28
17 22 39 26 28
17 22 40 26 27
17 22 39 25 27
17 22 38 25 27
17 22 38 25 27
17 22 39 24 28
17 22 40 25 27
17 23 40 24 28
17 22 41 24 28
17 22 39 24 28
17 22 39 25 29
17 22 40 25 29
17 21 40 25 29
17 22 40 25 30
17 22 38 26 29
17 22 38 26 30
17 21 37 26 29
17 22 36 26 28
17 22 37 26 29
17 22 37 27 29
17 22 37 26 30
17 22 35 26 31
17 22 35 26 32
17 22 35 27 32
17 21 35 26 32
17 22 38 26 32
17 22 35 25 32
17 22 36 25 33
17 21 37 25 32
17 22 37 27 32
17 22 36 27 33
17 22 37 25 32
17 22 36 27 33
17 22 35 27 32
17 21 37 27 32
17 22 35 28 32
17 21 35 27 32
17 22 36 28 32
17 22 36 28 32
17 21 36 29 31
17 21 36 28 32
17 21 36 25 33
17 22 35 25 32
17 22 35 23 32
17 21 34 22 32
17 21 35 24 31
17 21 32 24 31
17 22 32 24 32
17 22 32 27 32
17 22 33 29 31
17 22 30 28 28
17 22 30 27 28
17 21 28 29 29
17 21 28 29 28
17 21 29 27 27
17 22 29 28 28
17 22 29 28 28
17 22 30 28 29
17 21 39 30 23
17 23 41 27 23
17 23 41 30 27
17 22 41 30 28
17 18 40 29 28
17 18 41 29 29
17 17 41 29 30
17 18 39 28 32
17 17 38 28 32
17 16 33 29 32
17 15 33 30 33
17 18 32 29 33
17 17 33 25 33
17 17 33 25 33
17 16 33 25 33
17 17 33 25 33
18 31 54 29 26
18 29 55 29 26
18 21 41 29 24
18 21 41 24 25
18 17 30 27 25
18 23 32 28 23
18 24 32 28 23
18 24 32 29 24
18 25 34 29 24
18 26 33 28 24
18 25 32 28 22
18 25 33 29 21
18 26 32 30 22
18 25 32 30 24
18 27 32 28 24
18 27 32 29 23
18 26 29 30 22
18 26 30 30 23
18 26 31 28 22
18 25 30 30 23
18 25 31 27 22
18 25 30 28 22
18 25 30 30 23
18 24 28 30 23
18 25 29 30 23
18 25 27 28 22
18 24 27 29 23
18 24 28 30 22
18 24 29 29 22
18 25 30 29 23
18 25 28 30 22
18 23 28 30 23
18 24 28 28 20
18 25 29 28 21
18 25 27 28 20
18 25 26 30 19
18 25 27 28 21
18 24 27 28 21
18 25 26 30 20
18 25 25 32 22
18 25 27 30 22
18 25 26 31 22
18 26 27 31 22
18 25 26 29 22
18 25 27 29 22
18 25 27 30 22
18 25 26 29 25
18 26 26 29 24
18 26 26 30 24
18 25 26 29 25
18 26 26 28 27
18 25 26 28 26
18 25 26 30 27
18 26 26 29 26
18 26 27 28 26
18 26 25 28 28
18 25 26 28 27
18 25 26 29 28
18 25 27 29 28
18 25 26 31 27
18 26 25 30 28
18 25 26 30 27
18 25 26 29 28
18 25 26 31 27
18 25 26 29 27
18 24 26 31 26
18 25 26 31 27
18 24 26 31 27
18 25 26 30 26
18 25 25 30 27
18 25 26 31 27
18 25 27 31 28
18 25 26 31 28
18 25 27 30 29
18 25 26 31 30
18 24 27 29 30
18 25 27 30 30
18 25 27 31 30
18 24 26 30 30
18 24 27 30 30
18 24 26 30 28
18 24 27 31 24
18 24 26 30 25
18 24 26 31 25
18 24 26 30 26
18 24 26 31 25
18 24 26 30 25
18 24 25 31 26
18 23 27 30 26
18 23 26 30 27
18 24 26 31 30
18 24 27 30 32
18 23 27 30 31
18 23 25 30 31
18 23 26 30 30
18 24 26 30 30
18 23 26 29 32
18 24 25 30 32
18 24 25 30 33
18 24 27 29 35
19 32 29 37 27
19 32 30 37 27
19 31 27 37 27
19 25 20 32 26
19 23 20 28 22
19 21 20 27 21
19 22 21 30 23
19 22 21 29 23
19 22 23 29 23
19 21 22 28 23
19 23 23 28 23
19 23 24 28 23
19 23 23 29 23
19 23 24 30 22
19 22 24 29 23
19 21 22 29 21
19 22 24 29 22
19 22 24 29 22
19 23 23 30 22
19 24 22 30 22
19 23 21 29 21
19 24 17 29 21
19 23 20 29 21
19 23 24 28 22
19 23 22 26 22
19 23 24 29 22
19 22 23 29 22
19 23 25 29 21
19 22 22 25 22
19 23 22 23 19
19 22 21 23 20
19 23 21 24 20
19 22 22 27 19
19 22 23 28 26
19 22 22 28 27
19 18 22 28 26
19 18 23 28 28
19 19 23 27 26
19 18 22 29 25
19 18 23 29 25
19 18 22 28 24
19 18 24 28 25
19 18 23 28 25
19 20 22 27 24
19 21 23 28 26
19 22 23 27 23
19 21 23 27 25
19 20 23 27 25
19 22 23 27 25
19 21 22 25 24
19 22 24 27 26
19 23 24 27 26
19 23 25 27 26
19 22 25 27 27
19 23 24 25 24
19 23 24 26 26
19 24 23 27 26
19 23 20 26 26
19 23 20 26 26
19 25 20 26 25
19 25 20 27 24
19 25 21 27 25
19 24 20 27 24
19 25 20 29 25
19 25 20 34 24
19 26 20 34 25
19 28 21 35 22
19 27 22 32 23
19 27 21 33 23
19 27 21 33 20
19 27 23 31 20
19 27 21 32 20
19 27 22 32 21
19 29 22 32 21
19 29 22 32 21
19 28 21 32 21
19 29 22 32 21
19 29 21 32 21
19 28 21 32 21
19 29 22 32 22
19 29 21 33 22
19 29 22 32 22
19 29 22 33 22
19 29 22 33 21
19 29 23 31 22
19 28 22 32 22
19 29 22 32 23
19 29 22 33 23
19 28 23 32 22
19 29 23 33 22
19 29 22 32 22
19 29 23 31 24
19 28 23 33 23
19 29 23 32 23
19 30 23 32 23
19 30 23 32 24
19 28 23 33 23
19 29 22 32 23
19 29 23 32 24
19 29 23 32 24
20 22 21 17 19
20 22 21 18 20
20 23 23 22 20
20 24 25 22 20
20 23 25 19 20
20 26 23 16 20
20 26 23 17 20
20 19 23 18 20
20 19 25 16 21
20 18 23 19 21
20 17 23 18 21
20 16 24 18 19
20 15 24 18 19
20 17 24 19 19
20 18 24 19 17
20 18 22 19 18
20 19 25 19 18
20 18 22 19 19
20 19 24 19 18
20 19 24 19 20
20 19 24 19 19
20 19 25 19 20
20 19 23 19 21
20 19 22 19 19
20 19 22 19 21
20 18 23 17 20
20 19 25 18 20
20 17 25 18 21
20 17 23 19 20
20 16 24 18 21
20 16 23 18 20
20 17 23 16 21
20 16 24 16 21
20 16 24 18 21
20 15 23 17 19
20 16 24 16 21
20 15 24 16 20
20 15 24 19 19
20 17 22 17 20
20 18 24 17 20
20 19 24 17 20
20 19 24 17 20
20 16 24 18 20
20 15 23 17 19
20 15 23 17 21
20 16 24 17 20
20 17 24 18 20
20 16 24 17 20
20 16 24 19 20
20 17 24 17 20
20 16 23 17 20
20 15 24 21 19
20 15 24 24 20
20 16 24 27 20
20 16 24 28 20
20 15 24 27 19
20 16 24 27 19
20 17 24 27 20
20 16 24 28 20
20 18 24 27 20
20 20 24 28 20
20 18 24 27 19
20 19 24 27 20
20 18 24 28 19
20 18 24 27 20
20 18 23 27 20
20 18 24 28 20
20 18 24 26 20
20 17 24 27 20
20 18 24 27 20
20 18 24 27 19
20 17 24 28 20
20 17 24 24 20
20 17 24 24 20
20 17 24 24 20
20 17 25 22 19
20 18 24 23 20
20 17 24 22 20
20 18 24 23 20
20 17 24 22 21
20 18 24 24 20
20 17 24 24 20
20 17 24 23 20
20 18 24 23 19
20 16 24 22 20
20 16 24 24 20
20 16 24 24 20
20 16 24 24 20
20 18 24 24 20
20 17 24 24 19
20 16 24 24 20
20 15 24 24 20
20 16 24 25 20
20 14 23 25 21
20 13 24 24 20
20 13 24 25 20
20 14 24 25 20
20 13 24 24 20
20 13 24 24 21
20 13 24 23 20
21 17 12 19 14
21 17 14 21 9
21 14 14 20 9
21 13 13 23 10
21 18 12 23 10
21 18 13 20 11
21 18 15 21 10
21 19 11 22 10
21 19 13 25 14
21 16 10 19 12
21 18 15 18 15
21 19 19 18 16
21 19 13 17 15
21 15 13 18 15
21 15 12 16 16
21 14 13 19 12
21 16 12 20 13
21 17 13 20 17
21 18 15 17 14
21 13 16 17 15
21 14 16 17 14
21 15 16 19 15
21 15 16 17 14
21 17 16 18 14
21 11 15 21 14
21 19 19 25 15
21 21 18 24 14
21 20 15 22 15
21 20 18 19 17
21 20 16 19 16
21 20 15 20 15
21 20 17 25 15
21 16 15 20 18
21 15 18 18 15
21 15 15 23 15
21 15 17 23 16
21 15 16 22 17
21 17 17 25 17
21 18 16 24 17
21 19 16 18 15
21 19 16 17 15
21 20 17 21 17
21 20 15 18 15
21 17 16 26 17
21 16 17 26 14
21 16 16 26 14
21 17 17 18 13
21 19 16 18 14
21 19 16 18 13
21 19 16 18 15
21 19 18 21 13
21 19 17 21 17
21 19 19 20 14
21 17 17 20 13
21 17 17 17 14
21 19 19 16 13
21 21 19 17 14
21 19 18 18 12
21 18 16 21 12
21 19 19 20 10
21 20 18 19 10
21 19 20 20 11
21 19 20 19 12
21 19 19 20 12
21 20 20 19 12
21 20 19 19 12
21 20 19 16 12
21 20 18 20 11
21 21 19 21 12
21 21 17 22 12
21 21 18 21 12
21 21 18 20 11
21 20 19 17 12
21 20 19 17 14
21 21 19 18 12
21 21 19 18 12
21 21 23 17 12
21 20 19 20 13
21 21 19 19 13
21 21 19 19 12
21 22 19 19 14
21 22 19 21 16
21 21 19 21 12
21 21 19 20 14
21 21 21 19 15
21 25 21 19 14
21 24 21 18 13
21 21 21 20 13
21 23 21 20 13
21 21 21 20 13
21 24 21 19 12
21 22 21 21 11
21 23 20 20 14
21 22 19 22 13
21 23 21 21 14
21 22 21 20 14
21 23 21 20 15
21 22 21 20 15
21 23 21 20 13
21 22 21 19 13
22 0 30 28 44
22 0 31 29 44
22 0 32 30 45
22 0 32 30 44
22 0 31 31 44
22 0 32 31 44
22 0 31 31 45
22 0 29 33 42
22 0 29 33 44
22 0 30 33 44
22 0 29 33 44
22 0 28 33 43
22 0 28 33 42
22 0 28 34 43
22 0 28 33 41
22 0 28 33 42
22 0 28 32 41
22 0 28 32 42
22 0 30 33 40
22 0 28 33 41
22 0 28 33 42
22 0 28 34 41
22 0 29 34 43
22 0 29 33 42
22 0 29 32 42
22 0 30 34 41
22 0 29 33 43
22 0 29 33 43
22 0 29 34 42
22 0 27 34 42
22 0 28 33 42
22 0 28 33 43
22 0 27 34 43
22 0 26 34 43
22 0 27 34 42
22 0 28 34 42
22 0 27 34 42
22 0 27 33 42
22 0 28 32 42
22 0 27 33 40
22 0 28 32 40
22 0 28 32 39
22 0 27 33 39
22 0 28 32 41
22 0 28 33 41
22 0 28 33 41
22 0 28 32 42
22 0 28 32 41
22 0 28 32 42
22 0 28 32 41
22 0 29 33 40
22 0 28 33 40
22 0 28 33 41
22 0 28 33 41
22 0 27 33 42
22 0 27 33 42
22 0 28 33 40
22 0 27 33 41
22 0 27 33 41
22 0 28 33 40
22 0 28 33 41
22 0 29 33 42
22 0 27 32 41
22 0 27 33 41
22 0 27 33 40
22 0 28 33 41
22 0 28 33 41
22 0 27 33 40
22 0 28 33 40
22 0 29 32 41
22 0 29 33 41
22 0 29 33 41
22 0 28 33 42
22 0 28 32 43
22 0 27 33 43
22 0 28 33 43
22 0 28 33 42
22 0 29 33 42
22 0 29 32 41
22 0 29 32 40
22 0 28 32 41
22 0 28 33 40
22 0 28 32 41
22 0 29 33 40
22 0 28 33 42
22 0 28 33 42
22 0 28 33 42
22 0 28 33 42
22 0 29 32 41
22 0 27 32 42
22 0 28 33 40
22 0 28 33 41
22 0 28 32 40
22 0 28 33 41
22 0 29 33 40
22 0 28 33 42
22 0 28 33 40
22 0 28 34 41
22 0 28 33 42
22 0 28 34 41
23 17 40 23 26
23 16 41 23 26
23 17 41 23 25
23 17 34 38 40
23 17 34 39 41
23 18 32 39 41
23 18 32 38 41
23 17 32 35 38
23 19 33 36 39
23 18 36 32 40
23 18 36 32 40
23 19 35 32 40
23 18 34 34 37
23 19 35 34 36
23 19 34 34 34
23 19 33 34 38
23 19 32 34 37
23 19 33 34 37
23 19 32 34 39
23 19 32 34 38
23 19 33 34 38
23 19 32 34 37
23 19 32 33 37
23 18 30 34 36
23 19 30 35 37
23 19 29 35 36
23 19 29 35 35
23 19 30 34 41
23 19 29 34 42
23 18 31 33 40
23 18 30 34 41
23 17 29 33 40
23 19 30 32 41
23 18 29 32 35
23 19 29 34 36
23 18 28 34 38
23 17 28 33 37
23 18 29 34 37
23 18 29 34 38
23 18 29 35 32
23 17 29 34 33
23 17 28 33 33
23 16 29 34 32
23 16 29 34 31
23 16 29 34 32
23 15 30 34 31
23 16 30 34 32
23 17 31 34 32
23 16 29 35 32
23 16 29 35 32
23 16 31 33 33
23 18 31 35 34
23 18 30 35 34
23 17 30 35 35
23 18 30 35 37
23 23 30 35 37
23 23 30 34 37
23 19 31 33 37
23 19 29 33 36
23 19 29 34 37
23 19 28 37 36
23 18 27 34 37
23 19 27 36 37
23 20 27 35 36
23 19 27 37 36
23 19 27 37 36
23 19 27 37 35
23 19 27 36 36
23 19 28 36 35
23 18 28 37 35
23 18 27 36 36
23 19 34 35 36
23 19 34 36 38
23 18 34 33 37
23 20 35 33 36
23 18 34 33 37
23 19 32 33 37
23 21 34 33 37
23 19 34 33 35
23 20 34 33 36
23 20 33 34 35
23 20 35 34 36
23 18 35 34 35
23 20 37 35 35
23 21 35 34 35
23 21 35 35 34
23 22 35 35 34
23 21 35 34 34
23 21 35 34 33
23 22 35 34 34
23 21 34 33 33
23 21 34 34 34
23 21 35 34 34
23 21 34 34 34
23 21 35 34 34
23 21 35 33 33
23 22 35 33 33
23 20 36 34 34
23 21 35 34 33
23 20 35 33 32
24 12 19 23 27
24 5 15 41 27
24 12 14 39 26
24 13 22 44 25
24 12 22 41 28
24 13 22 43 30
24 13 23 42 30
24 14 23 43 31
24 14 22 42 29
24 12 23 42 29
24 12 23 43 30
24 13 23 43 30
24 13 23 39 22
24 13 23 38 22
24 14 24 38 29
24 12 23 36 29
24 13 22 38 29
24 12 23 37 32
24 10 23 37 34
24 12 22 36 32
24 12 23 41 30
24 16 24 36 24
24 10 22 35 27
24 12 22 35 27
24 10 24 37 30
24 10 22 39 40
24 12 22 39 41
24 12 23 39 43
24 10 23 45 41
24 10 22 33 43
24 10 23 34 43
24 13 22 35 43
24 13 23 35 42
24 13 22 35 43
24 14 22 36 41
24 14 22 35 43
24 12 24 36 41
24 16 22 36 43
24 15 23 35 43
24 13 24 36 42
24 14 24 37 43
24 13 24 37 43
24 13 24 36 43
24 14 23 37 41
24 12 22 37 41
24 13 24 36 41
24 13 23 37 43
24 14 22 36 42
24 14 23 36 43
24 14 22 36 43
24 14 22 36 42
24 13 22 36 43
24 13 24 36 42
24 14 23 36 42
24 13 24 36 43
24 13 24 36 42
24 14 22 36 42
24 14 22 36 41
24 14 23 37 42
24 13 23 36 41
24 14 23 36 42
24 14 24 37 42
24 13 24 36 41
24 15 23 35 42
24 15 24 36 43
24 16 23 37 41
24 15 24 38 42
24 15 23 37 42
24 15 23 37 42
24 15 21 36 43
24 15 23 37 41
24 16 23 36 41
24 14 22 37 41
24 16 23 37 41
24 15 23 37 42
24 16 22 38 43
24 16 23 37 42
24 15 23 38 41
24 15 23 37 43
24 14 23 37 42
24 12 23 37 41
24 12 23 38 42
24 11 23 36 43
24 12 22 36 43
24 12 23 36 43
24 11 23 37 43
24 11 23 36 43
24 8 23 36 42
24 9 23 37 42
24 11 23 36 43
24 12 23 36 42
24 13 22 36 42
24 12 23 36 42
24 12 22 37 43
24 12 23 37 43
24 11 22 36 43
24 13 23 36 43
24 16 22 36 43
24 18 23 36 44
24 18 23 36 42
25 23 50 30 25
25 23 51 31 26
25 22 51 31 27
25 18 27 42 41
25 19 29 43 43
25 20 29 44 43
25 19 29 43 42
25 21 29 44 43
25 20 29 43 44
25 20 30 44 44
25 20 30 44 42
25 19 31 41 42
25 20 31 40 42
25 20 31 41 44
25 20 31 41 43
25 20 31 41 42
25 20 32 40 44
25 21 31 40 44
25 20 32 40 43
25 21 32 39 43
25 21 32 40 43
25 21 33 39 43
25 21 31 38 43
25 22 32 39 42
25 21 32 39 43
25 21 31 39 43
25 21 31 38 43
25 21 31 37 43
25 21 32 39 42
25 21 31 38 43
25 21 31 38 42
25 21 30 36 43
25 21 31 38 44
25 21 31 38 43
25 20 31 35 42
25 22 30 35 43
25 21 30 37 42
25 21 30 37 43
25 20 30 37 43
25 22 30 36 42
25 22 30 38 43
25 21 31 36 42
25 21 30 36 42
25 22 30 36 42
25 21 30 36 42
25 20 31 36 41
25 22 30 36 42
25 21 31 36 42
25 21 30 36 42
25 22 30 36 41
25 20 30 36 43
25 22 30 35 41
25 21 30 36 42
25 22 29 36 42
25 22 31 36 43
25 21 31 36 43
25 22 30 36 42
25 21 31 35 43
25 21 30 36 42
25 21 30 36 43
25 22 29 35 42
25 22 30 35 41
25 23 31 35 42
25 22 30 35 43
25 22 30 34 42
25 22 30 36 42
25 23 30 36 43
25 18 31 36 41
25 17 31 36 41
25 17 30 36 43
25 16 31 35 41
25 17 30 36 41
25 16 30 35 43
25 17 30 36 42
25 18 30 35 41
25 18 29 35 42
25 16 29 36 43
25 17 30 35 41
25 17 31 35 43
25 17 31 36 43
25 17 31 36 43
25 17 31 36 42
25 17 31 38 44
25 16 32 38 44
25 17 26 38 44
25 17 25 37 43
25 17 25 36 43
25 18 25 38 43
25 16 25 37 43
25 18 25 38 43
25 18 24 37 42
25 18 24 37 43
25 18 23 37 43
25 18 22 37 44
25 17 23 37 44
25 17 24 38 44
25 17 24 40 37
25 17 24 38 38
25 18 25 38 37
25 18 25 37 38
