2700
0 0 30 0 0
0 0 31 0 0
0 0 31 0 0
0 0 24 0 0
0 0 24 0 0
0 0 24 0 0
0 0 28 0 0
0 0 27 0 0
0 0 27 0 0
0 0 27 0 0
0 0 26 0 0
0 0 26 0 0
0 0 26 0 0
0 0 27 0 0
0 0 29 0 0
0 0 29 0 0
0 0 29 0 0
0 0 26 0 0
0 0 27 0 0
0 0 29 0 0
0 0 27 0 0
0 0 27 0 0
0 0 28 0 0
0 0 28 0 0
0 0 27 0 0
0 0 26 0 0
0 0 26 0 0
0 0 28 0 0
0 0 28 0 0
0 0 26 0 0
0 0 24 0 0
0 0 25 0 0
0 0 27 0 0
0 0 25 0 0
0 0 26 0 0
0 0 25 0 0
0 0 25 0 0
0 0 25 0 0
0 0 26 0 0
0 0 24 0 0
0 0 23 0 0
0 0 24 0 0
0 0 24 0 0
0 0 23 0 0
0 0 21 0 0
0 0 22 0 0
0 0 23 0 0
0 0 22 0 0
0 0 22 0 0
0 0 22 0 0
0 0 22 0 0
0 0 23 0 0
0 0 20 0 0
0 0 24 0 0
0 0 24 0 0
0 0 23 0 0
0 0 24 0 0
0 0 27 0 0
0 0 27 0 0
0 0 27 0 0
0 0 27 0 0
0 0 27 0 0
0 0 27 0 0
0 0 27 0 0
0 0 26 0 0
0 0 27 0 0
0 0 27 0 0
0 0 27 0 0
0 0 27 0 0
0 0 27 0 0
0 0 27 0 0
0 0 27 0 0
0 0 27 0 0
0 0 27 0 0
0 0 27 0 0
0 0 26 0 0
0 0 24 0 0
0 0 21 0 0
0 0 21 0 0
0 0 21 0 0
0 0 21 0 0
0 0 21 0 0
0 0 20 0 0
0 0 21 0 0
0 0 21 0 0
0 0 21 0 0
0 0 21 0 0
0 0 22 0 0
0 0 21 0 0
0 0 21 0 0
0 0 20 0 0
0 0 22 0 0
0 0 21 0 0
0 0 21 0 0
0 0 21 0 0
0 0 22 0 0
0 0 20 0 0
0 0 21 0 0
0 0 22 0 0
0 0 21 0 0
26 20 26 41 32
26 20 25 42 32
26 20 25 43 27
26 19 24 42 30
26 18 26 38 30
26 18 30 36 32
26 17 29 36 31
26 17 27 37 32
26 18 29 37 31
26 17 30 38 32
26 19 28 38 32
26 18 28 40 31
26 18 28 38 34
26 21 28 39 34
26 20 30 40 35
26 20 29 40 34
26 20 30 39 38
26 19 30 42 36
26 19 30 42 36
26 19 28 42 36
26 20 31 43 33
26 20 29 41 33
26 20 28 41 34
26 20 30 42 34
26 20 30 44 36
26 19 30 45 36
26 21 29 43 36
26 21 29 43 33
26 21 29 45 33
26 21 29 43 33
26 21 29 44 33
26 21 29 44 34
26 22 29 45 34
26 21 29 44 33
26 21 29 46 34
26 21 29 45 35
26 21 30 46 34
26 20 30 46 33
26 21 30 45 35
26 21 30 47 36
26 21 30 47 35
26 21 30 47 36
26 21 30 47 35
26 21 29 47 36
26 20 29 47 35
26 20 30 46 36
26 20 29 46 34
26 21 29 45 34
26 21 29 43 32
26 21 28 43 25
26 22 28 43 28
26 22 30 43 25
26 21 31 43 29
26 20 28 42 34
26 21 28 43 32
26 21 30 43 30
26 20 29 45 25
26 21 30 44 24
26 19 30 45 24
26 19 30 38 27
26 19 29 38 26
26 21 29 39 27
26 22 27 38 26
26 22 29 39 26
26 21 29 42 28
26 19 29 42 26
26 19 29 43 25
26 19 29 43 26
26 20 28 44 24
26 19 26 44 24
26 19 28 43 24
26 20 27 43 25
26 20 29 43 25
26 20 28 44 25
26 20 27 45 25
26 20 21 43 23
26 20 22 45 24
26 20 20 43 24
26 21 24 43 25
26 21 23 41 26
26 21 23 46 27
26 20 28 46 24
26 19 28 41 26
26 19 27 43 26
26 19 28 43 25
26 19 29 43 25
26 17 30 41 25
26 16 29 41 25
26 19 30 42 32
26 21 30 41 32
26 22 29 40 33
26 21 29 41 36
26 22 29 41 29
26 18 30 41 30
26 15 30 41 30
26 13 29 40 27
26 18 29 42 30
26 19 29 43 30
26 18 29 45 24
26 20 29 45 25
27 0 25 28 37
27 0 23 30 38
27 0 23 29 38
27 0 23 25 41
27 0 18 26 42
27 0 20 28 42
27 0 18 27 38
27 0 21 27 42
27 0 22 25 41
27 0 22 25 40
27 0 21 24 41
27 0 21 25 41
27 0 22 26 41
27 0 22 27 41
27 0 23 27 42
27 0 21 27 41
27 0 22 27 42
27 0 21 26 41
27 0 22 26 41
27 0 22 24 41
27 0 23 27 39
27 0 22 27 40
27 0 22 26 40
27 0 22 26 41
27 0 22 26 40
27 0 22 27 40
27 0 23 27 41
27 0 23 27 42
27 0 23 26 41
27 0 22 26 40
27 0 23 26 40
27 0 22 24 41
27 0 22 27 41
27 0 23 27 40
27 0 23 26 40
27 0 25 26 40
27 0 26 27 40
27 0 23 27 40
27 0 26 27 41
27 0 25 26 40
27 0 24 25 39
27 0 25 27 41
27 0 24 26 40
27 0 24 27 41
27 0 24 27 40
27 0 25 27 40
27 0 24 26 40
27 0 21 25 40
27 0 22 27 39
27 0 23 27 40
27 0 24 26 40
27 0 25 26 40
27 0 24 27 40
27 0 23 26 40
27 0 24 27 40
27 0 23 28 40
27 0 24 27 39
27 0 25 27 39
27 0 24 28 39
27 0 24 27 41
27 0 25 28 40
27 0 25 27 40
27 0 24 25 40
27 0 24 27 40
27 0 22 27 40
27 0 23 27 41
27 0 24 26 40
27 0 22 25 41
27 0 22 26 40
27 0 22 23 39
27 0 23 29 40
27 0 22 31 40
27 0 22 31 40
27 0 22 30 40
27 0 22 30 41
27 0 22 31 40
27 0 24 30 40
27 0 23 30 40
27 0 23 31 40
27 0 23 30 36
27 0 24 30 35
27 0 23 30 35
27 0 22 31 35
27 0 22 31 31
27 0 22 29 32
27 0 22 26 32
27 0 23 29 33
27 0 24 28 32
27 0 23 29 31
27 0 22 27 30
27 0 23 29 30
27 0 23 28 30
27 0 22 29 33
27 0 23 32 33
27 0 24 33 34
27 0 23 32 33
27 0 22 32 33
27 0 22 33 35
27 0 23 33 36
27 0 21 33 34
28 0 27 42 50
28 0 28 41 50
28 0 27 41 50
28 0 28 42 50
28 0 27 42 50
28 0 27 41 50
28 0 27 42 49
28 0 28 42 49
28 0 27 42 50
28 0 27 42 49
28 0 28 42 50
28 0 27 41 50
28 0 28 41 50
28 0 28 42 49
28 0 27 41 50
28 0 27 41 50
28 0 28 41 50
28 0 27 41 50
28 0 28 42 50
28 0 27 42 49
28 0 28 42 50
28 0 28 42 50
28 0 27 43 49
28 0 28 42 50
28 0 29 41 50
28 0 28 42 49
28 0 28 42 49
28 0 28 42 50
28 0 28 41 50
28 0 27 41 50
28 0 27 43 49
28 0 28 41 50
28 0 28 42 49
28 0 28 41 40
28 0 28 42 43
28 0 28 42 42
28 0 27 42 43
28 0 28 43 37
28 0 27 42 45
28 0 27 42 45
28 0 27 42 43
28 0 28 42 46
28 0 27 42 45
28 0 28 42 44
28 0 27 41 45
28 0 28 41 45
28 0 29 43 44
28 0 29 42 49
28 0 29 42 47
28 0 28 42 48
28 0 27 43 48
28 0 29 41 49
28 0 28 41 49
28 0 27 42 46
28 0 28 42 47
28 0 29 42 46
28 0 27 42 46
28 0 28 42 49
28 0 28 42 50
28 0 28 41 48
28 0 27 41 48
28 0 28 41 50
28 0 28 29 48
28 0 27 26 49
28 0 28 32 50
28 0 28 30 50
28 0 27 31 49
28 0 28 31 42
28 0 28 33 47
28 0 27 37 48
28 0 27 37 48
28 0 28 37 46
28 0 27 37 45
28 0 29 37 48
28 0 28 36 45
28 0 27 33 45
28 0 29 33 47
28 0 27 38 46
28 0 28 37 47
28 0 27 37 47
28 0 28 38 47
28 0 27 38 47
28 0 27 36 49
28 0 28 36 49
28 0 28 34 47
28 0 27 32 47
28 0 28 32 47
28 0 20 37 46
28 0 21 36 47
28 0 22 36 48
28 0 23 36 46
28 0 23 39 47
28 0 22 35 47
28 0 22 35 48
28 0 22 33 47
28 0 22 32 47
28 0 22 32 47
28 0 25 39 47
28 0 25 41 47
28 0 25 42 48
29 15 26 51 36
29 16 28 51 35
29 17 24 51 35
29 16 20 45 35
29 16 22 45 36
29 18 22 46 34
29 18 22 44 34
29 18 21 44 34
29 16 23 49 36
29 16 23 50 36
29 17 23 48 36
29 17 21 48 41
29 19 23 50 41
29 17 22 50 41
29 18 22 49 41
29 18 23 48 36
29 18 18 42 35
29 16 21 43 38
29 16 21 45 29
29 17 22 45 29
29 16 20 46 29
29 18 23 45 35
29 18 23 39 33
29 18 23 37 31
29 16 21 43 34
29 15 21 43 38
29 16 21 42 38
29 16 21 45 39
29 15 21 44 32
29 15 22 45 38
29 18 19 44 37
29 19 21 44 38
29 19 25 44 35
29 17 25 45 34
29 17 24 45 30
29 18 23 45 35
29 17 25 46 34
29 18 25 45 35
29 18 25 44 33
29 19 25 44 36
29 17 26 43 37
29 18 25 42 37
29 17 24 44 34
29 17 24 45 34
29 17 25 45 34
29 17 24 42 32
29 17 25 40 31
29 18 24 40 30
29 18 24 40 27
29 18 24 38 34
29 20 25 42 34
29 21 26 42 33
29 19 26 41 34
29 18 25 42 34
29 17 24 43 33
29 18 25 44 41
29 17 25 42 42
29 18 24 45 35
29 17 25 45 34
29 17 25 44 35
29 17 26 45 37
29 18 24 39 31
29 17 25 45 31
29 18 25 39 35
29 17 25 39 38
29 17 26 38 37
29 17 25 36 35
29 18 26 32 38
29 18 25 32 37
29 17 23 32 34
29 18 23 33 36
29 19 23 39 36
29 18 27 40 36
29 18 26 40 38
29 18 26 40 36
29 18 26 41 36
29 18 26 39 31
29 18 27 40 29
29 18 26 40 31
29 19 27 41 33
29 18 26 42 33
29 18 27 42 33
29 18 28 40 34
29 18 28 41 38
29 17 26 41 38
29 18 26 39 38
29 17 26 41 39
29 18 26 42 39
29 17 24 47 40
29 17 25 46 32
29 18 25 46 27
29 18 26 43 28
29 18 26 41 28
29 22 27 41 28
29 23 27 41 37
29 24 27 41 33
29 24 27 41 35
29 24 28 39 34
29 24 27 39 36
29 24 27 36 36
30 9 33 37 38
30 10 32 35 39
30 17 32 36 38
30 18 32 35 38
30 17 33 31 38
30 17 32 31 39
30 19 32 31 38
30 19 32 37 40
30 19 31 38 40
30 19 32 37 41
30 18 31 37 41
30 16 32 37 41
30 16 33 38 39
30 20 31 37 38
30 19 32 38 38
30 21 32 37 37
30 21 32 37 39
30 21 31 37 38
30 21 31 37 37
30 21 32 36 37
30 21 32 40 34
30 21 32 42 35
30 21 31 43 36
30 22 31 44 35
30 21 31 43 37
30 20 29 44 37
30 20 29 41 36
30 20 22 44 37
30 20 22 43 37
30 19 22 43 38
30 18 23 41 38
30 17 23 40 38
30 17 22 41 39
30 17 23 41 38
30 16 24 38 38
30 16 22 38 38
30 16 23 39 39
30 18 22 38 40
30 17 25 39 39
30 17 23 38 39
30 18 23 38 38
30 17 23 37 39
30 20 24 37 38
30 19 25 37 39
30 19 25 38 39
30 19 24 38 34
30 17 25 39 34
30 15 25 38 28
30 19 25 39 27
30 19 26 38 30
30 19 25 39 32
30 19 25 40 32
30 18 26 39 33
30 18 27 39 36
30 19 26 40 35
30 20 26 38 35
30 20 27 46 35
30 21 27 46 36
30 20 26 47 36
30 22 26 47 35
30 22 26 48 36
30 22 27 47 37
30 21 26 46 36
30 22 26 47 37
30 22 25 49 35
30 22 26 48 37
30 22 26 48 35
30 22 26 48 35
30 21 26 47 36
30 22 27 47 35
30 21 26 48 36
30 21 26 48 35
30 21 27 50 34
30 21 27 49 35
30 21 27 49 35
30 21 27 49 34
30 21 27 48 35
30 22 24 47 34
30 22 27 47 33
30 21 27 49 34
30 21 25 50 35
30 21 26 50 33
30 17 27 50 35
30 16 28 50 35
30 16 27 48 34
30 20 27 47 35
30 19 26 47 31
30 18 27 44 25
30 19 27 48 25
30 22 28 48 25
30 22 28 48 25
30 21 29 47 25
30 22 28 48 25
30 22 27 48 26
30 20 27 48 26
30 19 27 47 25
30 20 26 47 26
30 21 27 47 27
30 20 27 46 26
30 20 27 49 27
31 20 23 51 31
31 22 23 51 31
31 21 24 50 30
31 21 24 50 30
31 21 24 55 31
31 20 23 55 32
31 20 19 50 33
31 17 18 50 31
31 16 18 49 32
31 13 16 49 31
31 15 17 49 31
31 12 19 49 30
31 13 20 49 31
31 16 17 48 30
31 16 19 50 31
31 17 18 53 29
31 18 20 53 29
31 18 19 53 30
31 18 18 52 29
31 15 19 50 30
31 16 19 53 29
31 14 21 53 30
31 15 22 53 30
31 16 20 52 30
31 15 23 50 30
31 17 24 49 30
31 17 25 50 30
31 21 25 50 31
31 20 24 49 29
31 20 24 49 30
31 20 23 47 29
31 16 20 46 29
31 17 21 47 31
31 16 20 47 31
31 18 19 46 29
31 20 22 45 29
31 18 22 46 35
31 18 21 45 34
31 18 23 47 37
31 18 20 47 36
31 19 23 47 36
31 18 23 46 34
31 19 24 48 36
31 21 21 48 37
31 21 22 49 39
31 21 22 49 38
31 21 24 49 36
31 22 24 50 33
31 15 23 49 30
31 23 24 49 29
31 22 24 50 34
31 22 24 49 38
31 21 24 49 37
31 11 24 49 37
31 15 24 49 31
31 15 25 49 26
31 15 22 49 25
31 15 23 50 25
31 15 23 50 31
31 17 23 50 31
31 17 24 50 24
31 18 23 51 23
31 19 22 51 24
31 19 23 50 20
31 19 23 49 17
31 18 21 50 17
31 19 22 50 16
31 18 22 49 27
31 19 22 50 27
31 17 22 51 21
31 17 21 49 25
31 19 22 48 25
31 20 21 49 22
31 21 22 46 21
31 21 21 47 25
31 22 22 47 22
31 21 22 48 23
31 21 22 48 24
31 21 22 49 25
31 23 22 40 25
31 21 22 48 29
31 21 22 48 30
31 21 21 50 30
31 21 22 51 29
31 21 22 51 33
31 21 22 50 32
31 20 22 49 35
31 20 22 48 22
31 21 22 49 22
31 21 21 50 31
31 21 20 49 28
31 21 21 48 28
31 21 21 49 34
31 20 20 48 36
31 20 16 48 36
31 20 15 56 32
31 20 20 55 33
31 21 19 55 33
31 22 19 55 29
31 20 24 56 30
32 5 17 27 12
32 5 19 28 11
32 6 21 27 10
32 6 20 28 10
32 6 20 28 11
32 5 20 29 11
32 7 19 27 11
32 6 18 28 11
32 6 20 30 8
32 7 18 29 8
32 8 21 28 8
32 6 20 29 9
32 7 19 28 6
32 8 19 29 5
32 7 20 28 6
32 9 19 29 8
32 9 22 27 6
32 10 21 28 8
32 9 20 28 5
32 9 20 29 3
32 9 20 29 3
32 8 18 27 4
32 7 21 29 5
32 9 19 29 5
32 8 18 27 3
32 10 20 29 3
32 11 12 29 4
32 9 21 26 4
32 9 20 4 2
32 9 20 28 3
32 9 19 28 5
32 10 20 28 3
32 10 20 29 3
32 8 20 28 6
32 10 19 28 5
32 9 21 29 6
32 9 20 27 4
32 8 21 28 4
32 7 20 28 7
32 8 20 29 2
32 10 20 29 2
32 8 19 28 5
32 10 20 29 4
32 10 21 27 2
32 10 20 27 4
32 9 20 27 7
32 10 20 29 5
32 9 19 29 6
32 9 20 29 6
32 10 20 17 6
32 10 20 29 4
32 10 19 28 6
32 10 20 24 7
32 10 20 28 5
32 9 20 29 6
32 9 19 28 7
32 11 19 27 6
32 12 22 29 7
32 11 20 28 6
32 10 19 29 9
32 11 19 29 7
32 10 19 30 7
32 10 20 30 5
32 11 21 30 3
32 10 22 28 6
32 10 19 30 7
32 10 20 28 7
32 10 19 29 7
32 11 24 28 7
32 9 19 29 8
32 12 20 29 6
32 10 21 29 7
32 9 19 29 8
32 11 20 28 7
32 9 19 29 6
32 11 21 29 8
32 10 20 29 6
32 10 19 28 7
32 11 19 29 9
32 10 20 29 8
32 10 20 29 6
32 12 16 26 8
32 10 20 28 8
32 8 21 26 8
32 11 19 29 8
32 9 19 29 8
32 10 20 29 7
32 11 18 29 8
32 9 20 28 9
32 10 19 27 7
32 10 19 27 7
32 12 20 29 10
32 10 20 26 10
32 9 19 29 7
32 12 20 29 8
32 10 20 29 8
32 10 20 28 9
32 10 19 27 9
32 11 20 28 9
32 10 20 27 8
33 2 3 25 21
33 5 2 28 21
33 5 0 28 21
33 7 2 27 23
33 4 1 27 22
33 5 1 28 20
33 6 1 27 19
33 2 3 28 18
33 4 2 26 18
33 3 2 29 19
33 5 0 28 17
33 6 1 28 18
33 1 3 28 19
33 2 4 28 21
33 4 0 28 21
33 0 1 28 21
33 3 2 28 19
33 0 2 28 19
33 0 3 27 20
33 2 4 28 19
33 0 3 27 19
33 6 3 26 20
33 1 0 27 18
33 2 0 28 19
33 1 4 28 21
33 2 2 28 12
33 2 1 28 13
33 2 2 26 13
33 2 3 28 12
33 3 3 28 12
33 3 4 28 13
33 0 1 27 12
33 3 2 28 13
33 1 2 28 15
33 2 3 27 13
33 1 1 28 14
33 0 1 27 16
33 3 1 25 14
33 0 0 28 14
33 2 3 27 14
33 1 3 26 15
33 2 1 26 16
33 1 0 24 16
33 0 2 24 15
33 4 1 26 16
33 3 2 27 16
33 1 2 27 22
33 0 4 26 24
33 1 3 26 23
33 0 3 24 22
33 5 3 27 24
33 2 4 25 24
33 4 1 28 24
33 4 1 26 24
33 1 1 23 23
33 3 0 27 22
33 1 0 25 23
33 0 1 27 23
33 1 3 27 23
33 0 4 24 22
33 1 4 27 22
33 1 0 26 24
33 4 1 26 24
33 0 3 25 23
33 5 0 25 24
33 1 2 26 23
33 2 3 25 22
33 1 1 25 24
33 1 3 25 24
33 3 2 27 24
33 1 2 24 22
33 0 0 26 23
33 2 3 25 23
33 4 3 26 23
33 2 5 26 22
33 1 2 26 24
33 1 3 26 24
33 2 2 24 23
33 3 3 24 23
33 1 4 26 24
33 1 5 28 24
33 6 2 25 23
33 2 3 26 23
33 1 1 25 22
33 1 1 26 23
33 2 2 25 24
33 1 1 24 22
33 4 1 26 14
33 2 2 24 24
33 0 1 25 22
33 2 3 25 23
33 3 1 25 23
33 2 2 24 23
33 5 3 24 23
33 1 1 25 24
33 0 2 25 23
33 3 2 25 21
33 3 1 24 23
33 2 2 25 24
33 1 2 26 23
1 0 29 0 20
1 0 35 0 24
1 0 34 0 24
1 0 34 0 21
1 0 33 0 24
1 0 37 0 19
1 0 43 0 20
1 0 45 0 24
1 0 41 0 24
1 0 41 0 18
1 0 41 0 10
1 0 37 0 19
1 0 34 0 19
1 0 35 0 19
1 0 27 0 19
1 0 34 0 19
1 0 33 0 19
1 0 32 0 20
1 0 28 0 19
1 0 27 0 18
1 0 26 0 19
1 0 30 0 19
1 0 31 0 20
1 0 32 0 19
1 0 29 0 20
1 0 25 0 20
1 0 25 0 20
1 0 23 0 20
1 0 25 0 19
1 0 26 0 19
1 0 31 0 20
1 0 29 0 20
1 0 29 0 21
1 0 23 0 18
1 0 31 0 18
1 0 26 0 19
1 0 27 0 19
1 0 26 0 19
1 0 24 0 20
1 0 25 0 20
1 0 24 0 20
1 0 26 0 19
1 0 28 0 19
1 0 28 0 20
1 0 27 0 20
1 0 27 0 19
1 0 26 0 16
1 0 30 0 18
1 0 29 0 18
1 0 29 0 18
1 0 30 0 17
1 0 36 0 18
1 0 35 0 19
1 0 35 0 17
1 0 35 0 18
1 0 32 0 19
1 0 31 0 16
1 0 27 0 22
1 0 32 0 22
1 0 31 0 21
1 0 27 0 22
1 0 26 0 20
1 0 28 0 21
1 0 28 0 21
1 0 34 0 23
1 0 35 0 22
1 0 37 0 0
1 0 31 0 0
1 0 31 0 0
1 0 31 0 0
1 0 31 0 0
1 0 32 0 0
1 0 31 0 0
1 0 32 0 0
1 0 35 0 0
1 0 34 0 0
1 0 33 0 0
1 0 34 0 0
1 0 32 0 0
1 0 27 0 0
1 0 27 0 0
1 0 28 0 0
1 0 29 0 0
1 0 29 0 0
1 0 28 0 0
1 0 27 0 0
1 0 29 0 0
1 0 30 0 0
1 0 27 0 0
1 0 27 0 0
1 0 28 0 0
1 0 27 0 0
1 0 26 0 0
1 0 26 0 0
1 0 27 0 0
1 0 27 0 0
1 0 27 0 0
1 0 27 0 0
1 0 28 0 0
1 0 29 0 0
2 0 31 0 19
2 0 33 0 24
2 0 31 0 24
2 0 31 0 24
2 0 32 0 23
2 0 32 0 23
2 0 30 0 24
2 0 33 0 24
2 0 32 0 24
2 0 32 0 23
2 0 33 0 23
2 0 29 0 23
2 0 30 0 22
2 0 29 0 19
2 0 30 0 20
2 0 32 0 18
2 0 30 0 17
2 0 31 0 21
2 0 31 0 19
2 0 32 0 24
2 0 31 0 24
2 0 32 0 24
2 0 30 0 23
2 0 31 0 23
2 0 32 0 24
2 0 31 0 24
2 0 31 0 24
2 0 32 0 23
2 0 31 0 23
2 0 31 0 23
2 0 31 0 22
2 0 31 0 19
2 0 32 0 20
2 0 31 0 18
2 0 32 0 17
2 0 31 0 21
2 0 32 0 19
2 0 32 0 24
2 0 30 0 24
2 0 31 0 24
2 0 30 0 23
2 0 32 0 23
2 0 31 0 24
2 0 31 0 24
2 0 33 0 24
2 0 38 0 23
2 0 38 0 23
2 0 37 0 23
2 0 37 0 22
2 0 33 0 19
2 0 32 0 20
2 0 32 0 18
2 0 32 0 17
2 0 31 0 21
2 0 32 0 19
2 0 31 0 24
2 0 31 0 24
2 0 32 0 24
2 0 32 0 23
2 0 33 0 23
2 0 33 0 24
2 0 32 0 24
2 0 32 0 24
2 0 32 0 23
2 0 31 0 23
2 0 33 0 23
2 0 33 0 22
2 0 32 0 19
2 0 32 0 20
2 0 32 0 18
2 0 32 0 17
2 0 32 0 21
2 0 32 0 19
2 0 33 0 24
2 0 33 0 24
2 0 33 0 24
2 0 33 0 23
2 0 32 0 23
2 0 32 0 24
2 0 32 0 24
2 0 31 0 24
2 0 40 0 23
2 0 39 0 23
2 0 39 0 23
2 0 38 0 22
2 0 39 0 19
2 0 42 0 20
2 0 40 0 18
2 0 41 0 17
2 0 40 0 21
2 0 40 0 19
2 0 32 0 24
2 0 33 0 24
2 0 32 0 24
2 0 32 0 23
2 0 32 0 23
2 0 31 0 24
2 0 32 0 24
2 0 32 0 24
2 0 32 0 19
9 28 36 22 19
9 29 36 22 20
9 28 36 21 18
9 27 35 23 20
9 28 36 23 21
9 27 36 21 20
9 27 36 22 23
9 28 36 21 20
9 27 36 22 21
9 28 36 22 24
9 28 36 21 21
9 28 36 22 16
9 28 36 23 20
9 28 36 23 20
9 28 36 24 18
9 27 35 24 20
9 27 36 23 21
9 28 37 24 19
9 27 36 23 25
9 27 36 23 22
9 27 37 23 26
9 27 36 23 23
9 27 37 25 23
9 27 37 27 21
9 27 35 26 23
9 28 36 24 23
9 27 36 25 19
9 26 36 22 23
9 26 37 24 21
9 26 37 25 22
9 27 36 23 22
9 27 36 21 18
9 27 37 23 19
9 27 36 24 19
9 26 36 22 19
9 27 36 20 22
9 27 37 23 21
9 27 37 24 19
9 27 37 16 20
9 27 36 23 23
9 26 37 22 24
9 26 36 23 21
9 27 36 25 21
9 28 37 25 24
9 27 37 18 24
9 27 36 23 23
9 27 37 23 22
9 26 37 24 23
9 28 37 22 25
9 27 37 23 24
9 27 37 26 21
9 28 36 25 20
9 27 37 27 20
9 26 36 26 21
9 27 37 27 21
9 27 36 27 23
9 28 36 25 23
9 27 37 24 23
9 27 37 22 21
9 27 36 20 19
9 27 37 20 24
9 26 38 20 19
9 27 37 17 20
9 28 36 19 20
9 27 36 19 20
9 27 37 20 20
9 27 37 19 20
9 27 36 19 20
9 26 36 19 21
9 28 36 26 21
9 28 36 27 20
9 27 39 28 19
9 27 38 26 19
9 27 37 28 19
9 27 38 21 19
9 28 36 21 20
9 27 37 20 20
9 27 36 21 19
9 27 36 21 19
9 28 38 19 19
9 27 35 20 23
9 26 35 19 23
9 27 37 20 22
9 27 39 19 20
9 27 39 19 20
9 27 40 20 19
9 27 37 20 21
9 28 37 20 23
9 27 36 21 23
9 28 36 20 18
9 27 37 21 18
9 27 37 21 22
9 26 39 21 19
9 27 38 21 18
9 27 38 21 20
9 28 37 22 18
9 27 37 21 19
9 27 38 20 20
9 27 38 19 21
9 27 37 22 19
10 32 44 21 21
10 31 43 21 21
10 30 43 21 21
10 32 42 21 20
10 31 38 22 21
10 34 38 21 21
10 27 38 22 20
10 22 38 22 22
10 26 37 22 21
10 27 36 21 21
10 28 31 21 20
10 26 36 21 22
10 27 36 22 20
10 27 36 21 21
10 27 37 21 20
10 27 38 21 21
10 22 41 22 21
10 28 40 22 23
10 27 40 21 21
10 26 40 21 20
10 28 40 22 21
10 26 41 21 21
10 22 40 21 21
10 23 41 20 21
10 27 37 20 21
10 30 41 20 22
10 29 41 21 22
10 29 41 21 21
10 30 40 26 21
10 29 38 26 21
10 26 37 22 22
10 27 37 22 21
10 27 33 20 22
10 26 34 27 22
10 29 33 16 21
10 32 33 21 21
10 32 32 21 21
10 32 32 23 22
10 32 33 21 22
10 31 34 23 21
10 31 32 24 21
10 30 33 23 21
10 32 31 24 22
10 31 32 23 22
10 30 31 26 22
10 31 32 26 21
10 31 31 25 22
10 29 31 24 21
10 28 32 22 21
10 29 31 25 21
10 27 34 25 21
10 32 37 25 21
10 32 37 24 21
10 31 38 26 21
10 31 37 28 22
10 31 39 26 21
10 32 41 26 23
10 31 39 27 25
10 27 40 24 24
10 32 36 22 25
10 31 36 25 24
10 28 36 25 24
10 29 36 22 24
10 29 36 25 24
10 27 37 20 24
10 29 37 22 24
10 29 38 25 24
10 30 39 27 23
10 31 38 24 24
10 35 35 19 26
10 35 45 20 25
10 36 44 19 24
10 35 43 21 27
10 37 40 21 26
10 29 41 19 26
10 32 42 23 26
10 33 43 24 26
10 33 41 24 25
10 32 42 21 27
10 34 42 24 27
10 22 42 20 25
10 31 38 27 25
10 35 45 28 25
10 23 44 27 24
10 35 41 28 25
10 34 38 27 25
10 33 40 27 25
10 23 41 27 26
10 37 36 21 25
10 36 47 22 25
10 36 41 23 25
10 34 39 22 25
10 36 39 25 25
10 37 40 26 24
10 37 31 25 24
10 37 41 24 23
10 35 41 25 24
10 34 42 25 23
10 32 44 28 22
10 31 45 28 22
11 40 29 26 28
11 39 30 25 23
11 43 35 24 19
11 41 29 26 19
11 42 26 22 21
11 43 26 24 21
11 42 31 22 20
11 41 30 19 21
11 44 31 24 21
11 33 35 26 21
11 34 31 22 22
11 40 29 22 20
11 49 29 29 20
11 41 29 22 20
11 43 29 26 16
11 43 29 26 22
11 43 29 31 22
11 42 29 28 20
11 43 32 28 20
11 33 31 28 18
11 37 31 26 20
11 36 32 29 21
11 33 31 33 21
11 34 27 33 22
11 33 27 32 21
11 33 26 30 21
11 32 26 28 21
11 30 33 29 19
11 31 32 29 20
11 36 30 29 20
11 39 24 31 21
11 38 24 31 16
11 35 24 34 21
11 40 24 30 21
11 40 22 31 20
11 41 23 30 15
11 41 22 31 16
11 41 32 31 18
11 41 32 30 16
11 39 27 29 18
11 39 29 30 15
11 30 28 32 16
11 36 29 32 19
11 36 28 32 19
11 30 29 33 16
11 31 29 33 18
11 30 32 34 18
11 30 35 34 21
11 29 36 33 15
11 31 28 34 15
11 29 26 34 17
11 29 26 34 16
11 31 34 35 17
11 28 35 33 19
11 29 35 32 19
11 35 35 30 19
11 34 35 32 22
11 33 35 28 23
11 37 35 28 22
11 39 36 32 23
11 38 36 21 20
11 39 36 28 17
11 38 36 28 20
11 38 36 29 26
11 38 36 34 25
11 38 35 35 32
11 39 35 35 33
11 40 36 34 30
11 35 35 34 31
11 35 31 35 30
11 35 29 35 27
11 42 38 35 19
11 30 35 34 24
11 31 35 34 25
11 37 36 31 25
11 39 35 28 21
11 40 35 28 23
11 39 36 28 21
11 39 36 25 23
11 39 36 24 23
11 39 34 23 22
11 40 35 22 21
11 40 27 23 19
11 36 24 23 28
11 35 24 23 23
11 38 28 22 19
11 33 24 23 19
11 33 23 24 21
11 33 28 32 21
11 33 27 31 20
11 37 27 28 21
11 36 26 29 21
11 37 27 29 21
11 42 27 30 22
11 42 27 26 20
11 42 27 26 20
11 40 27 25 20
11 40 28 24 16
11 39 28 24 22
11 37 30 23 22
12 15 32 16 20
12 18 33 18 20
12 17 33 18 20
12 17 35 18 21
12 18 35 17 21
12 31 37 18 20
12 28 34 16 21
12 18 34 17 21
12 17 35 16 21
12 19 37 18 20
12 17 37 18 21
12 18 38 17 19
12 18 34 19 21
12 17 34 18 20
12 18 35 18 21
12 16 34 18 21
12 19 31 18 20
12 19 31 22 21
12 17 34 21 21
12 15 31 23 21
12 19 32 18 22
12 19 34 18 21
12 18 32 20 21
12 18 31 19 20
12 20 32 18 21
12 22 33 18 21
12 22 33 18 22
12 21 34 19 19
12 21 34 18 16
12 21 34 23 22
12 18 34 23 21
12 20 33 24 20
12 20 32 24 22
12 20 32 24 20
12 21 34 23 18
12 21 36 19 18
12 21 36 19 18
12 20 37 20 20
12 21 33 22 21
12 20 33 21 20
12 21 33 22 22
12 21 34 22 20
12 19 34 24 24
12 18 36 17 24
12 15 40 19 24
12 18 40 18 24
12 17 36 19 24
12 17 39 18 20
12 18 38 18 18
12 31 39 19 19
12 28 38 21 20
12 18 38 21 23
12 17 38 23 22
12 19 37 21 21
12 17 45 21 22
12 18 45 23 25
12 18 45 23 25
12 17 40 23 24
12 18 39 22 23
12 16 40 23 24
12 19 36 25 23
12 19 36 24 20
12 17 35 21 20
12 15 36 22 21
12 19 36 26 21
12 19 36 25 19
12 18 35 25 24
12 18 35 24 23
12 20 35 24 24
12 22 35 25 23
12 22 32 25 23
12 21 36 26 20
12 21 34 26 18
12 21 34 26 23
12 18 34 28 22
12 20 33 27 23
12 20 31 27 22
12 20 25 27 24
12 21 26 27 22
12 21 25 27 18
12 21 27 28 21
12 20 27 27 20
12 21 27 27 21
12 20 31 26 21
12 21 29 25 21
12 21 29 26 21
12 19 27 25 22
12 18 30 26 21
12 15 30 25 21
12 18 32 24 24
12 17 33 25 25
12 17 33 21 24
12 18 33 21 25
12 31 32 21 26
12 28 32 23 25
12 18 34 23 24
12 17 33 22 19
12 19 34 23 19
12 17 34 22 20
12 18 45 21 19
13 17 43 23 20
13 23 43 22 21
13 24 40 19 22
13 21 39 24 23
13 20 39 24 23
13 18 40 24 25
13 19 39 23 23
13 18 45 23 24
13 18 46 23 24
13 18 39 23 23
13 18 37 23 23
13 18 36 24 22
13 19 38 23 21
13 19 34 24 23
13 20 33 24 23
13 20 33 25 23
13 19 39 24 23
13 20 39 24 23
13 20 38 25 22
13 20 38 26 24
13 20 38 25 23
13 19 39 25 24
13 20 39 25 21
13 20 39 26 23
13 19 37 24 23
13 19 38 25 23
13 19 37 25 23
13 19 38 26 23
13 18 37 23 24
13 19 38 25 23
13 20 39 25 23
13 21 36 25 23
13 19 38 26 24
13 20 40 25 23
13 20 38 25 22
13 19 39 25 23
13 19 37 25 22
13 18 38 26 22
13 19 37 26 22
13 19 37 25 24
13 19 37 26 22
13 19 39 25 23
13 19 37 26 23
13 20 39 26 23
13 19 36 26 22
13 20 38 24 23
13 19 38 24 23
13 19 37 24 23
13 20 38 22 24
13 20 38 26 24
13 20 38 26 25
13 19 39 26 24
13 19 39 26 25
13 21 37 25 24
13 21 38 25 24
13 21 37 26 24
13 20 40 26 25
13 19 39 26 25
13 20 34 26 24
13 20 38 26 24
13 19 38 26 25
13 18 39 27 24
13 18 39 26 25
13 19 39 25 25
13 16 39 25 23
13 20 38 25 25
13 20 38 25 25
13 19 39 26 24
13 17 38 26 24
13 18 37 25 24
13 20 38 25 25
13 19 38 25 24
13 20 37 25 23
13 18 38 26 24
13 19 38 26 24
13 19 37 22 22
13 19 39 24 22
13 19 38 26 21
13 19 37 25 23
13 19 38 26 23
13 20 40 25 21
13 18 40 20 23
13 19 40 20 23
13 19 39 20 22
13 19 39 23 21
13 19 38 22 22
13 18 34 28 21
13 18 34 28 23
13 18 37 26 24
13 30 42 25 22
13 31 41 25 22
13 19 41 26 23
13 19 44 27 24
13 19 43 27 22
13 17 43 26 25
13 19 40 24 22
13 28 40 26 22
13 27 39 27 24
13 27 38 27 25
13 20 45 24 25
14 32 22 25 11
14 31 22 25 11
14 32 22 26 23
14 32 22 24 20
14 32 22 26 25
14 32 22 26 25
14 33 23 26 27
14 31 22 26 28
14 31 24 26 28
14 32 22 25 27
14 32 22 26 26
14 31 22 25 27
14 32 22 25 28
14 32 22 25 25
14 32 24 26 21
14 31 24 26 21
14 32 24 26 22
14 32 22 26 25
14 31 24 26 25
14 32 24 26 23
14 31 22 27 23
14 32 24 25 25
14 32 24 25 23
14 32 23 25 24
14 32 23 25 24
14 33 24 26 23
14 31 23 25 26
14 31 22 25 26
14 33 23 26 22
14 32 22 25 25
14 33 24 26 22
14 33 24 26 22
14 33 22 24 21
14 32 23 25 21
14 33 24 26 24
14 33 22 25 24
14 32 24 25 26
14 31 21 26 26
14 32 21 26 26
14 33 22 26 21
14 32 22 26 25
14 33 25 26 25
14 32 24 26 25
14 32 22 26 25
14 33 21 25 26
14 32 24 25 25
14 32 24 26 24
14 31 23 26 25
14 31 22 26 24
14 32 23 26 25
14 33 23 25 25
14 33 24 25 25
14 32 23 25 25
14 33 21 25 25
14 31 24 27 24
14 32 23 25 24
14 32 24 25 24
14 32 23 26 25
14 32 23 26 25
14 32 23 26 25
14 32 23 26 20
14 31 23 25 21
14 33 24 26 20
14 32 23 26 21
14 33 23 25 21
14 32 23 24 22
14 31 24 25 21
14 32 23 27 19
14 32 23 26 19
14 33 21 26 19
14 32 21 26 24
14 33 21 26 24
14 32 22 26 22
14 32 22 26 21
14 32 22 25 21
14 32 22 26 22
14 32 22 25 24
14 31 23 25 25
14 30 24 25 25
14 32 22 25 21
14 33 22 26 22
14 32 22 26 18
14 32 24 25 18
14 31 22 25 21
14 33 24 26 21
14 30 22 25 16
14 32 23 25 20
14 32 22 26 22
14 31 23 26 22
14 31 22 25 21
14 32 24 25 21
14 32 22 24 21
14 31 22 25 21
14 32 24 25 20
14 32 22 25 19
14 32 23 25 20
14 33 22 24 20
14 32 22 24 20
14 32 22 24 17
14 32 22 25 19
16 0 33 18 20
16 0 33 21 23
16 0 33 21 22
16 0 32 21 21
16 0 31 17 25
16 0 33 18 25
16 0 33 20 21
16 0 33 20 21
16 0 34 20 23
16 0 36 19 24
16 0 35 20 22
16 0 36 20 21
16 0 37 20 24
16 0 32 20 23
16 0 32 20 24
16 0 28 20 22
16 0 29 19 21
16 0 29 20 23
16 0 31 20 24
16 0 30 19 21
16 0 30 19 21
16 0 30 20 21
16 0 32 20 18
16 0 33 19 20
16 0 34 20 20
16 0 32 20 21
16 0 32 19 22
16 0 31 20 22
16 0 29 20 23
16 0 30 21 22
16 0 29 20 23
16 0 27 18 22
16 0 27 20 23
16 0 28 19 22
16 0 27 17 23
16 0 26 17 23
16 0 27 17 21
16 0 27 19 22
16 0 27 19 23
16 0 28 20 19
16 0 29 19 19
16 0 29 19 20
16 0 30 19 20
16 0 29 20 21
16 0 30 19 22
16 0 29 20 23
16 0 29 19 23
16 0 28 18 23
16 0 28 18 22
16 0 29 20 23
16 0 29 19 23
16 0 28 16 23
16 0 30 20 23
16 0 28 23 21
16 0 29 23 24
16 0 29 23 23
16 0 30 22 23
16 0 32 21 21
16 0 31 19 23
16 0 31 16 22
16 0 32 17 23
16 0 32 17 23
16 0 32 17 22
16 0 33 21 22
16 0 32 21 22
16 0 35 21 21
16 0 34 19 21
16 0 34 24 21
16 0 32 23 22
16 0 32 22 21
16 0 28 22 21
16 0 29 22 24
16 0 30 23 22
16 0 30 22 22
16 0 27 22 25
16 0 28 21 22
16 0 28 20 27
16 0 26 21 27
16 0 27 18 26
16 0 27 19 20
16 0 29 21 19
16 0 28 23 22
16 0 29 21 24
16 0 30 20 24
16 0 28 21 19
16 0 29 22 20
16 0 28 21 22
16 0 29 20 18
16 0 29 20 19
16 0 30 20 19
16 0 29 20 19
16 0 30 19 19
16 0 31 20 19
16 0 32 20 20
16 0 32 20 20
16 0 32 19 21
16 0 32 19 21
16 0 32 19 20
16 0 32 20 20
16 0 32 18 19
17 19 48 29 26
17 18 48 28 26
17 18 48 32 28
17 17 49 34 27
17 17 49 34 28
17 17 44 34 27
17 16 44 29 28
17 17 44 28 28
17 19 44 25 27
17 18 45 32 29
17 18 45 33 32
17 18 45 33 30
17 18 44 33 28
17 18 45 33 25
17 18 44 33 27
17 18 46 33 28
17 18 43 33 29
17 18 43 33 29
17 18 45 32 29
17 19 44 33 28
17 19 42 33 26
17 18 42 31 26
17 19 41 32 28
17 18 41 32 29
17 19 43 30 26
17 19 43 30 25
17 19 42 28 25
17 19 40 27 27
17 18 40 29 28
17 18 40 30 29
17 19 38 29 28
17 20 38 29 27
17 19 39 29 25
17 18 37 28 26
17 19 37 27 24
17 19 34 26 29
17 20 34 23 29
17 19 33 25 27
17 18 34 25 27
17 18 36 25 25
17 18 39 26 25
17 18 39 25 24
17 18 40 24 24
17 18 41 25 23
17 17 39 23 23
17 17 40 24 32
17 17 41 25 28
17 17 42 23 28
17 18 42 23 28
17 17 41 23 29
17 15 41 24 25
17 15 42 25 25
17 20 43 25 25
17 20 43 25 25
17 22 42 25 24
17 23 43 26 29
17 23 43 23 29
17 24 42 24 28
17 23 41 25 27
17 24 43 23 28
17 16 40 24 28
17 16 40 24 28
17 17 40 23 28
17 16 33 22 28
17 18 34 23 29
17 17 36 21 28
17 17 34 22 28
17 17 35 22 29
17 18 38 22 29
17 18 35 22 28
17 18 41 23 28
17 17 41 23 28
17 17 41 22 28
17 17 40 22 28
17 18 38 22 28
17 21 37 23 28
17 21 34 22 28
17 21 34 22 29
17 21 30 22 32
17 20 30 23 31
17 20 31 22 32
17 21 33 22 31
17 20 32 22 34
17 21 39 22 34
17 20 42 23 35
17 21 41 22 34
17 18 40 22 34
17 19 41 24 35
17 19 41 23 34
17 18 40 23 35
17 18 40 22 32
17 19 37 23 28
17 18 38 23 27
17 18 39 23 28
17 20 39 23 28
17 19 39 22 27
17 21 39 22 36
17 22 42 21 36
17 22 42 22 36
17 22 42 22 32
18 30 33 37 28
18 28 32 38 25
18 29 32 37 23
18 29 30 31 24
18 29 32 33 24
18 29 32 35 22
18 29 32 35 26
18 29 31 34 27
18 28 34 35 25
18 29 32 35 25
18 29 31 35 28
18 29 32 35 28
18 29 33 35 29
18 28 30 35 29
18 29 31 36 30
18 27 31 35 30
18 30 31 34 30
18 29 31 33 29
18 30 32 33 28
18 30 31 33 28
18 29 32 33 29
18 30 31 34 28
18 29 31 34 29
18 30 32 32 29
18 30 30 33 30
18 30 31 32 29
18 31 30 33 29
18 29 30 33 29
18 30 32 33 29
18 30 31 33 29
18 31 30 33 30
18 30 30 35 29
18 31 30 33 28
18 30 30 32 29
18 29 30 32 29
18 31 30 32 29
18 30 30 33 29
18 31 30 33 29
18 29 30 33 28
18 30 30 33 28
18 31 29 34 29
18 30 30 33 30
18 30 30 33 29
18 30 29 33 30
18 29 30 31 30
18 29 30 31 30
18 30 31 33 30
18 30 32 31 30
18 30 31 32 30
18 29 31 31 29
18 29 33 32 28
18 29 32 33 28
18 29 32 31 28
18 30 32 30 28
18 30 31 31 27
18 30 32 30 28
18 30 33 30 23
18 29 32 30 27
18 29 32 34 28
18 30 33 40 28
18 30 32 39 28
18 30 32 40 27
18 30 31 39 27
18 30 32 39 27
18 29 36 40 27
18 29 36 39 28
18 30 35 29 27
18 29 32 28 28
18 29 33 28 28
18 29 31 28 28
18 29 34 28 29
18 30 33 28 30
18 29 32 28 30
18 30 32 28 29
18 29 33 28 30
18 30 33 28 29
18 30 33 28 30
18 30 33 28 28
18 30 32 28 27
18 33 34 28 26
18 31 33 28 25
18 30 32 28 26
18 33 32 28 26
18 32 34 28 25
18 29 33 28 26
18 30 34 28 26
18 30 33 29 25
18 30 35 28 25
18 32 34 28 25
18 31 34 28 25
18 31 35 28 24
18 31 35 29 23
18 31 34 29 29
18 31 34 28 31
18 31 35 29 26
18 30 35 28 23
18 31 35 28 24
18 31 35 28 24
18 30 35 29 24
18 31 35 28 24
19 30 25 34 26
19 31 25 35 27
19 32 25 35 24
19 25 24 35 25
19 26 25 34 26
19 27 25 34 25
19 25 25 35 24
19 26 25 41 25
19 25 25 40 25
19 24 25 39 24
19 25 25 32 24
19 21 18 28 24
19 19 24 29 25
19 20 24 40 25
19 21 22 40 25
19 20 23 38 25
19 22 23 37 24
19 20 25 38 33
19 20 25 38 34
19 20 26 36 34
19 24 25 36 32
19 20 25 36 32
19 22 23 37 30
19 20 23 37 25
19 21 24 38 26
19 32 28 37 18
19 31 27 37 24
19 33 27 38 24
19 29 23 38 34
19 22 22 36 31
19 22 20 36 30
19 20 25 37 31
19 31 25 37 31
19 31 27 37 30
19 29 27 37 30
19 32 27 38 30
19 31 22 38 31
19 33 21 38 29
19 33 21 36 30
19 33 20 37 29
19 33 23 37 30
19 32 23 37 31
19 31 24 36 31
19 31 24 37 31
19 32 24 38 31
19 34 17 35 28
19 30 22 38 28
19 30 22 38 29
19 29 21 39 29
19 30 21 37 28
19 30 21 39 28
19 30 21 38 28
19 29 19 28 28
19 30 21 37 27
19 29 21 37 28
19 32 24 37 28
19 32 25 39 28
19 32 23 39 27
19 33 21 34 28
19 33 23 34 29
19 34 21 34 29
19 34 19 35 29
19 34 20 35 28
19 32 22 35 29
19 31 23 33 29
19 30 21 33 28
19 31 24 33 28
19 33 25 35 28
19 30 26 36 27
19 30 23 35 27
19 28 25 35 27
19 30 24 33 27
19 31 25 29 26
19 31 25 30 26
19 30 25 30 26
19 30 27 34 28
19 30 27 36 24
19 30 26 36 24
19 30 24 35 26
19 26 25 31 25
19 28 24 31 27
19 27 24 32 27
19 27 22 31 25
19 28 23 31 20
19 27 24 33 25
19 28 24 33 26
19 27 22 33 26
19 28 21 32 27
19 28 19 33 29
19 28 21 32 29
19 28 23 32 30
19 31 24 32 29
19 31 23 32 29
19 31 24 33 28
19 30 23 33 20
19 31 24 33 27
19 31 23 33 27
19 27 24 35 26
19 27 24 36 27
19 27 24 35 27
20 24 20 31 5
20 18 19 30 7
20 19 19 30 16
20 19 19 30 15
20 18 20 30 16
20 18 20 30 15
20 19 20 30 16
20 19 18 30 15
20 18 17 28 17
20 19 16 26 15
20 19 18 27 14
20 18 17 26 14
20 19 18 25 19
20 19 18 25 19
20 18 19 25 17
20 19 19 26 21
20 18 19 26 22
20 19 20 27 22
20 19 21 26 23
20 19 21 26 21
20 19 20 26 21
20 19 20 26 21
20 19 20 24 19
20 19 20 26 19
20 19 20 26 21
20 19 20 26 17
20 19 21 23 18
20 19 20 23 18
20 19 21 23 18
20 20 20 27 17
20 19 19 26 16
20 19 20 26 17
20 19 21 28 18
20 18 21 28 19
20 19 21 27 20
20 19 21 28 20
20 20 20 27 19
20 20 21 27 20
20 19 20 26 20
20 19 24 27 19
20 20 23 27 20
20 19 23 26 20
20 19 23 27 20
20 18 22 26 19
20 19 23 26 20
20 19 22 27 19
20 19 21 28 20
20 18 23 27 19
20 19 23 27 19
20 19 21 28 19
20 19 22 27 20
20 18 21 27 19
20 18 19 28 20
20 17 18 26 17
20 17 20 28 12
20 15 19 27 10
20 13 16 28 15
20 17 16 29 11
20 17 19 27 16
20 19 16 27 20
20 13 22 28 19
20 12 22 27 19
20 18 22 28 18
20 18 22 27 21
20 22 23 27 21
20 22 23 28 21
20 22 22 28 21
20 19 22 28 21
20 19 23 27 20
20 10 22 28 20
20 9 21 27 20
20 19 22 25 21
20 22 23 26 21
20 21 23 25 21
20 19 24 27 21
20 20 23 27 15
20 19 24 27 18
20 15 23 27 16
20 16 24 28 18
20 19 23 27 19
20 19 23 28 13
20 18 23 28 19
20 19 21 28 20
20 21 22 27 20
20 20 24 27 19
20 21 22 28 21
20 21 24 27 21
20 21 24 26 16
20 22 24 27 12
20 22 23 29 15
20 23 22 29 18
20 21 24 28 21
20 22 24 28 18
20 22 24 28 21
20 21 23 28 13
20 21 21 28 14
20 22 21 29 20
20 21 20 29 18
20 21 21 29 17
20 21 23 28 18
21 8 11 23 2
21 10 12 23 2
21 10 12 22 3
21 9 12 22 1
21 10 12 22 3
21 10 10 23 4
21 10 10 23 4
21 11 10 22 4
21 10 12 24 3
21 16 11 23 3
21 16 10 24 5
21 16 11 23 4
21 17 11 24 3
21 16 10 25 3
21 16 12 24 4
21 15 12 24 2
21 15 12 24 2
21 13 13 24 5
21 16 14 23 4
21 18 14 24 2
21 16 15 24 2
21 17 14 22 2
21 15 15 23 3
21 14 14 25 2
21 18 15 24 4
21 18 15 23 4
21 18 14 24 3
21 17 14 24 4
21 16 13 23 3
21 16 12 23 2
21 18 15 24 5
21 18 15 23 4
21 15 15 24 2
21 18 14 22 3
21 20 12 23 3
21 19 13 23 3
21 20 12 23 3
21 20 18 22 2
21 20 17 22 4
21 20 18 22 2
21 20 19 23 2
21 20 17 22 4
21 20 18 22 3
21 19 16 23 3
21 7 17 23 3
21 17 17 22 4
21 19 17 23 1
21 18 17 23 1
21 17 16 22 4
21 15 16 23 2
21 13 15 23 1
21 18 15 23 2
21 18 15 23 4
21 18 16 23 3
21 16 16 22 1
21 15 18 23 3
21 16 18 24 3
21 15 19 23 4
21 16 20 22 4
21 17 20 22 5
21 17 21 21 4
21 10 20 19 2
21 7 19 21 5
21 14 21 21 3
21 15 19 21 1
21 16 20 22 6
21 15 20 22 2
21 15 20 22 1
21 15 20 22 3
21 16 20 21 1
21 15 19 21 3
21 15 19 21 2
21 14 20 23 2
21 15 23 23 4
21 14 22 23 2
21 12 21 23 1
21 14 20 23 3
21 12 15 22 2
21 14 20 23 3
21 13 18 21 1
21 13 19 22 1
21 12 19 22 1
21 12 19 22 0
21 12 18 22 2
21 11 18 23 0
21 10 19 23 3
21 11 19 19 2
21 10 19 23 4
21 13 20 24 3
21 12 21 25 3
21 10 19 22 4
21 9 19 23 4
21 10 19 20 2
21 11 18 22 3
21 11 17 22 3
21 11 17 22 2
21 10 7 20 3
21 10 16 21 2
21 10 16 20 3
21 9 18 20 2
22 0 18 25 32
22 0 18 25 31
22 0 18 25 31
22 0 18 24 32
22 0 17 26 32
22 0 18 25 32
22 0 19 25 32
22 0 27 25 32
22 0 28 25 32
22 0 27 25 31
22 0 27 24 31
22 0 27 24 31
22 0 28 25 32
22 0 28 24 32
22 0 27 25 31
22 0 27 25 32
22 0 27 23 31
22 0 26 25 31
22 0 27 24 31
22 0 27 24 32
22 0 26 25 31
22 0 26 25 31
22 0 26 25 32
22 0 26 25 32
22 0 26 25 32
22 0 26 24 32
22 0 28 25 33
22 0 27 25 31
22 0 27 24 32
22 0 27 25 32
22 0 28 25 32
22 0 27 25 32
22 0 29 25 33
22 0 28 24 32
22 0 28 25 32
22 0 25 26 32
22 0 24 26 33
22 0 23 25 32
22 0 25 24 32
22 0 22 25 31
22 0 31 25 32
22 0 30 25 32
22 0 28 23 32
22 0 21 25 32
22 0 20 25 33
22 0 20 24 33
22 0 21 25 32
22 0 21 25 32
22 0 21 24 32
22 0 23 24 32
22 0 22 25 32
22 0 22 26 32
22 0 23 26 32
22 0 20 25 32
22 0 22 24 32
22 0 23 26 32
22 0 25 24 31
22 0 24 25 33
22 0 23 26 32
22 0 23 25 32
22 0 23 24 32
22 0 23 26 32
22 0 23 26 32
22 0 27 24 31
22 0 29 24 31
22 0 29 25 32
22 0 29 24 32
22 0 31 25 33
22 0 35 25 31
22 0 34 24 32
22 0 33 25 32
22 0 30 25 32
22 0 31 25 32
22 0 30 22 32
22 0 24 24 32
22 0 24 26 31
22 0 22 25 32
22 0 22 25 30
22 0 23 25 30
22 0 23 25 30
22 0 22 25 30
22 0 20 25 31
22 0 22 25 30
22 0 22 24 31
22 0 21 25 30
22 0 19 25 31
22 0 22 25 30
22 0 22 24 31
22 0 22 26 31
22 0 21 27 31
22 0 24 27 30
22 0 22 27 31
22 0 24 27 30
22 0 24 25 30
22 0 25 26 31
22 0 22 27 30
22 0 24 26 31
22 0 22 27 30
22 0 25 26 31
22 0 22 26 30
23 0 26 36 50
23 0 27 37 50
23 0 26 37 50
23 0 26 36 49
23 0 26 36 50
23 0 27 37 50
23 0 27 37 50
23 0 27 37 50
23 0 27 37 50
23 0 27 35 50
23 0 27 36 50
23 0 26 36 50
23 0 26 37 49
23 0 27 37 50
23 0 28 36 50
23 0 27 38 49
23 0 26 37 49
23 0 27 36 49
23 0 26 37 49
23 0 26 37 50
23 0 27 36 50
23 0 28 36 49
23 0 27 36 50
23 0 27 36 49
23 0 26 37 50
23 0 28 37 50
23 0 27 36 50
23 0 27 36 50
23 0 27 37 50
23 0 27 37 50
23 0 28 37 50
23 0 27 37 50
23 0 27 36 50
23 0 27 36 50
23 0 27 36 49
23 0 27 37 50
23 0 27 37 49
23 0 27 37 50
23 0 28 37 49
23 0 27 37 50
23 0 27 36 50
23 0 27 36 49
23 0 26 36 49
23 0 28 37 50
23 0 27 37 50
23 0 27 37 49
23 0 27 36 50
23 0 27 36 50
23 0 27 36 50
23 0 27 36 50
23 0 27 36 50
23 0 28 36 50
23 0 28 36 50
23 0 27 36 51
23 0 27 37 50
23 0 27 37 50
23 0 27 36 49
23 0 27 37 50
23 0 28 36 50
23 0 27 35 49
23 0 27 35 51
23 0 28 37 50
23 0 26 36 49
23 0 27 35 50
23 0 27 37 50
23 0 27 35 49
23 0 29 36 49
23 0 27 36 50
23 0 27 36 50
23 0 25 35 49
23 0 26 37 49
23 0 26 37 49
23 0 22 36 50
23 0 27 38 50
23 0 27 37 50
23 0 27 38 50
23 0 27 37 50
23 0 26 37 50
23 0 27 37 50
23 0 27 37 49
23 0 27 37 49
23 0 27 38 50
23 0 27 37 49
23 0 26 37 50
23 0 25 36 49
23 0 25 37 50
23 0 26 37 49
23 0 24 36 50
23 0 27 38 50
23 0 25 37 49
23 0 27 36 50
23 0 27 38 50
23 0 24 36 50
23 0 26 37 50
23 0 26 37 49
23 0 26 37 50
23 0 27 37 50
23 0 26 36 50
23 0 26 36 50
23 0 26 38 49
24 19 31 37 32
24 19 31 37 33
24 19 32 31 32
24 18 29 37 33
24 18 27 37 33
24 18 27 38 33
24 18 28 42 34
24 18 29 42 34
24 16 28 43 34
24 16 31 40 32
24 17 23 39 32
24 18 28 36 32
24 18 28 37 31
24 18 27 37 32
24 19 30 33 32
24 19 32 36 34
24 19 32 36 33
24 18 32 38 34
24 19 25 35 34
24 18 27 35 35
24 19 27 33 35
24 19 30 33 34
24 18 33 33 36
24 18 33 34 37
24 10 33 36 38
24 16 32 36 38
24 16 32 37 37
24 15 33 37 35
24 14 29 37 34
24 17 30 38 35
24 18 29 37 35
24 18 30 36 34
24 18 32 35 33
24 17 33 35 35
24 18 33 35 34
24 18 32 35 34
24 16 33 37 37
24 19 32 37 36
24 20 33 37 36
24 21 33 38 32
24 19 33 38 35
24 20 33 38 35
24 20 32 39 35
24 19 33 39 34
24 17 32 41 38
24 18 33 40 38
24 16 33 41 37
24 18 32 40 36
24 20 34 37 37
24 18 31 38 36
24 21 32 39 37
24 21 32 39 38
24 21 32 39 38
24 20 31 42 37
24 20 31 41 38
24 21 32 41 38
24 20 33 34 37
24 20 30 31 36
24 21 31 32 35
24 21 28 31 35
24 19 28 34 36
24 21 29 31 37
24 21 30 32 38
24 20 35 32 36
24 21 35 36 34
24 20 32 38 36
24 20 31 37 39
24 20 32 37 39
24 19 32 34 40
24 19 31 34 41
24 20 33 33 39
24 20 32 28 39
24 18 30 26 37
24 17 29 30 35
24 17 29 30 35
24 15 29 28 34
24 19 29 28 36
24 18 31 33 36
24 18 34 33 36
24 15 33 34 38
24 16 28 35 37
24 16 27 35 37
24 20 25 35 36
24 21 27 35 35
24 20 33 35 36
24 19 31 34 37
24 21 31 34 36
24 21 30 35 37
24 21 30 36 38
24 22 28 35 37
24 22 27 35 38
24 18 20 35 38
24 17 28 35 38
24 21 26 34 39
24 20 26 34 39
24 21 27 34 38
24 21 27 37 40
24 18 26 36 38
24 20 27 34 39
24 21 27 36 40
25 18 21 41 39
25 17 22 41 41
25 21 24 43 41
25 23 23 43 40
25 23 23 43 39
25 21 22 43 40
25 19 28 44 35
25 19 24 36 36
25 22 26 38 35
25 22 26 39 34
25 21 25 43 33
25 21 26 46 33
25 21 25 46 34
25 21 26 46 34
25 19 26 45 33
25 20 25 43 35
25 20 26 44 33
25 22 26 43 34
25 22 26 44 33
25 23 26 43 38
25 23 26 43 37
25 23 27 43 38
25 22 26 43 37
25 23 27 44 39
25 20 29 44 38
25 22 29 43 37
25 21 29 43 36
25 19 27 43 36
25 20 29 44 36
25 21 28 43 35
25 17 28 43 36
25 18 27 43 36
25 20 29 41 35
25 19 27 42 38
25 20 31 42 37
25 21 29 41 35
25 21 29 44 36
25 20 29 43 39
25 21 30 44 39
25 21 29 46 38
25 19 28 45 40
25 18 27 44 39
25 17 23 45 38
25 17 22 45 35
25 17 23 46 36
25 15 26 45 42
25 15 27 44 40
25 14 26 46 40
25 19 28 44 41
25 20 24 44 31
25 19 24 45 30
25 19 19 44 31
25 19 22 45 31
25 19 22 46 34
25 17 22 46 32
25 17 20 42 34
25 17 20 42 31
25 18 21 41 35
25 15 22 35 36
25 22 21 35 39
25 18 22 36 36
25 19 26 41 36
25 18 27 42 36
25 17 25 44 39
25 18 22 45 39
25 18 23 44 40
25 17 24 46 40
25 20 23 46 40
25 20 25 47 40
25 19 27 47 38
25 20 26 47 37
25 20 26 48 39
25 19 27 48 37
25 19 26 48 37
25 19 27 48 41
25 19 27 47 39
25 18 27 47 42
25 19 27 47 40
25 19 27 45 41
25 20 27 45 41
25 20 29 43 42
25 20 26 46 43
25 19 28 45 42
25 19 28 46 39
25 20 27 44 39
25 21 28 45 39
25 21 29 44 41
25 21 28 45 40
25 19 29 44 41
25 19 27 43 39
25 20 28 42 37
25 20 27 43 38
25 19 27 44 43
25 18 27 44 33
25 20 28 43 34
25 19 26 44 35
25 18 28 42 40
25 19 27 42 42
25 18 27 42 42
25 18 27 48 41
